0.9765
0.9515
0.928
0.9035
0.8785
0.8545
0.8305
0.808
0.7835
0.761
0.7385
0.7155
0.6925
0.6685
0.645
0.624
0.6025
0.5835
0.563
0.5415
0.5225
0.503
0.482
0.4625
0.445
0.43
0.414
0.3945
0.375
0.3575
0.3395
0.325
0.3085
0.293
0.2815
0.269
0.253
0.2445
0.2335
0.222
0.211
0.2005
0.192
0.1795
0.1695
0.157
0.1485
0.1425
0.1355
0.128
0.1195
0.111
0.105
0.0965
0.092
0.0805
0.076
0.0685
0.065
0.0595
0.0555
0.0535
0.0515
0.046
0.038
0.0335
0.033
0.0305
0.0215
0.0175
0.0185
0.0195
0.012
0.01
0.0065
0.006
6.66133814775e-16
-0.0025
-0.0065
-0.0055
-0.011
-0.0145
-0.0095
-0.0115
-0.006
-0.009
-0.0135
-0.0155
-0.013
-0.017
-0.0175
-0.0195
-0.0225
-0.0235
-0.021
-0.023
-0.021
-0.024
-0.02
-0.0225
-0.0215
-0.023
-0.0225
-0.0245
-0.023
-0.0235
-0.025
-0.0235
-0.0225
-0.018
-0.0185
-0.0185
-0.02
-0.0225
-0.022
-0.0235
-0.0285
-0.0265
-0.023
-0.0255
-0.0285
-0.0325
-0.029
-0.0285
-0.0285
-0.029
-0.032
-0.0335
-0.035
-0.033
-0.0345
-0.0365
-0.036
-0.038
-0.0385
-0.0355
-0.038
-0.0405
-0.0435
-0.0435
-0.045
-0.042
-0.0375
-0.0385
-0.041
-0.04
-0.0395
-0.041
-0.039
-0.039
-0.0425
-0.043
-0.0435
-0.045
-0.043
-0.0405
-0.0415
-0.0405
-0.042
-0.0355
-0.0305
-0.03
-0.025
-0.0245
-0.0285
-0.03
-0.0375
-0.036
-0.0385
-0.035
-0.032
-0.031
-0.034
-0.032
-0.034
-0.039
-0.0405
-0.0405
-0.0405
-0.046
-0.045
-0.045
-0.045
-0.0485
-0.047
-0.0465
-0.043
-0.042
-0.0445
-0.044
-0.0465
-0.037
-0.0355
-0.035
-0.041
-0.039
-0.042
-0.0455
-0.043
-0.049
-0.0485
-0.0535
-0.053
-0.05
-0.0535
-0.051
-0.0505
-0.0515
-0.0465
-0.0425
-0.044
-0.0465
-0.048
-0.0425
-0.039
-0.039
-0.04
-0.0405
-0.0445
-0.041
-0.04
-0.038
-0.0405
-0.0405
-0.0415
-0.0415
-0.042
-0.0405
-0.0395
-0.0415
-0.0365
-0.0345
-0.0365
-0.0345
-0.0325
-0.0295
-0.034
