size=4*4 


sample=10
kai-no-MacBook-Air:dpara kaishimgakki$ python3 nomc-CD-2d-dpara.py 
J_data= [ 0.1  0.1  0.1  0.1  0.1  0.1  0.1  0.1  0.1  0.1  0.1  0.1  0.1  0.1  0.1
  0.1  0.1  0.1  0.1  0.1  0.1  0.1  0.1  0.1  0.1  0.1  0.1  0.1  0.1  0.1
  0.1  0.1]
J_model_root= [ 0.3486974   0.47622999 -0.90555256  0.99069822  0.06740208  0.31205235
  0.30811234 -0.23060403  0.07261804  0.22193429 -1.03480708  1.01420812
 -0.26977255  0.49651902  0.02488739 -0.02008946  0.37466971 -0.20389637
 -1.07607319  0.0090627  -0.60683424 -0.07462964  1.35946682 -0.03183563
  0.36197462  0.02428237 -0.01047263  0.20711223 -0.10034928  0.46421277
 -0.09312125  0.00803364]
diff= 11.9876395747

sample=20
kai-no-MacBook-Air:dpara kaishimgakki$ python3 nomc-CD-2d-dpara.py 
J_data= [ 0.1  0.1  0.1  0.1  0.1  0.1  0.1  0.1  0.1  0.1  0.1  0.1  0.1  0.1  0.1
  0.1  0.1  0.1  0.1  0.1  0.1  0.1  0.1  0.1  0.1  0.1  0.1  0.1  0.1  0.1
  0.1  0.1]
J_model_root= [ 0.07289404  0.55646237 -0.19911574  0.05460696 -0.5529434   0.01412224
  0.35291616  0.03552252 -0.20977114  0.18249252 -0.29022059  0.31372042
  0.18519411  0.18633761 -0.01990496  0.23170468  0.09681405 -0.03214904
 -0.2042602  -0.13220067  0.18247489  0.09227957  0.43477151 -0.15294994
 -0.18496766  0.33491995  0.02358371 -0.04015928 -0.17109296  0.2415445
  0.08013796 -0.09733637]
diff= 6.01964962382

sample=40
kai-no-MacBook-Air:dpara kaishimgakki$ python3 nomc-CD-2d-dpara.py 
J_data= [ 0.1  0.1  0.1  0.1  0.1  0.1  0.1  0.1  0.1  0.1  0.1  0.1  0.1  0.1  0.1
  0.1  0.1  0.1  0.1  0.1  0.1  0.1  0.1  0.1  0.1  0.1  0.1  0.1  0.1  0.1
  0.1  0.1]
J_model_root= [-0.068281    0.43480918  0.03451474  0.09791681 -0.09733084  0.11077731
  0.12950408 -0.0905181   0.11436659  0.12269604 -0.27752376  0.37919238
  0.24220958  0.13166542  0.15755828  0.0733892   0.29983228  0.07372221
 -0.17965767  0.00563081  0.21108487 -0.06289708  0.24938467  0.06903834
  0.02666728  0.32130431  0.27242646  0.09611505 -0.1243529   0.19757961
  0.1224054   0.12660374]
diff= 3.84696711204

sample=80
kai-no-MacBook-Air:dpara kaishimgakki$ python3 nomc-CD-2d-dpara.py 
J_data= [ 0.1  0.1  0.1  0.1  0.1  0.1  0.1  0.1  0.1  0.1  0.1  0.1  0.1  0.1  0.1
  0.1  0.1  0.1  0.1  0.1  0.1  0.1  0.1  0.1  0.1  0.1  0.1  0.1  0.1  0.1
  0.1  0.1]
J_model_root= [ 0.08347336  0.32211188 -0.01186975  0.08826073 -0.07756192  0.08715572
 -0.08559572  0.09146658  0.12115349  0.08021821 -0.10845065  0.19909403
  0.15131885  0.10627228  0.22656011  0.00379934  0.09020301  0.13259518
 -0.18193584  0.02834112  0.18866911  0.15143852  0.286524    0.08688287
  0.17356664  0.24678604  0.08154638  0.04440271 -0.05290019  0.21880491
 -0.09420518  0.32755781]
diff= 3.09922207257

sample=160
kai-no-MacBook-Air:dpara kaishimgakki$ python3 nomc-CD-2d-dpara.py 
J_data= [ 0.1  0.1  0.1  0.1  0.1  0.1  0.1  0.1  0.1  0.1  0.1  0.1  0.1  0.1  0.1
  0.1  0.1  0.1  0.1  0.1  0.1  0.1  0.1  0.1  0.1  0.1  0.1  0.1  0.1  0.1
  0.1  0.1]
J_model_root= [ 0.06449923  0.24353978  0.00505675  0.07289689 -0.08016364  0.14146619
 -0.02816625  0.07605375  0.19770961  0.02889315 -0.04263391  0.08188811
  0.14690203  0.12712407  0.2450335   0.08496084  0.12932061  0.03299497
 -0.00620948 -0.01291317  0.17037711  0.08697975  0.18308663  0.05086564
  0.12967346  0.12188324  0.01730315  0.00966047  0.07171932  0.14688903
 -0.08856546  0.14163028]
diff= 2.2995154469

sample=320
kai-no-MacBook-Air:dpara kaishimgakki$ python3 nomc-CD-2d-dpara.py 
J_data= [ 0.1  0.1  0.1  0.1  0.1  0.1  0.1  0.1  0.1  0.1  0.1  0.1  0.1  0.1  0.1
  0.1  0.1  0.1  0.1  0.1  0.1  0.1  0.1  0.1  0.1  0.1  0.1  0.1  0.1  0.1
  0.1  0.1]
J_model_root= [ 0.03730787  0.11861255  0.01257125  0.11517804 -0.02020943  0.07742969
  0.05410939  0.12683164  0.15670976  0.06643335  0.00854915  0.11305655
  0.09021708  0.11315076  0.16035791  0.09901157  0.08268341  0.01467103
  0.13211915  0.02412065  0.07161866  0.10450588  0.20588287  0.04900786
  0.21578048  0.13736074 -0.00431318  0.04486342  0.12944527  0.11943485
 -0.04165602  0.23166149]
diff= 1.71367215427
kai-no-MacBook-Air:dpara kaishimgakki$ 

sample=640
kai-no-MacBook-Air:dpara kaishimgakki$ python3 nomc-CD-2d-dpara.py 
J_data= [ 0.1  0.1  0.1  0.1  0.1  0.1  0.1  0.1  0.1  0.1  0.1  0.1  0.1  0.1  0.1
  0.1  0.1  0.1  0.1  0.1  0.1  0.1  0.1  0.1  0.1  0.1  0.1  0.1  0.1  0.1
  0.1  0.1]
J_model_root= [ 0.06352129  0.1216199   0.02182505  0.07719423  0.06202302  0.10538463
  0.05723282  0.06923876  0.14159403  0.02712999  0.05679217  0.10697652
  0.04855916  0.13699846  0.14704395  0.07715495  0.04273966  0.0978145
  0.14121605  0.05435612  0.0554743   0.10420476  0.1083681   0.08018516
  0.16567443  0.15431046  0.0219226   0.11431844  0.13335062  0.13779975
  0.09747391  0.134446  ]
diff= 1.14266840788
