a縺ｮ縺ｿ縲∵ｨ呎悽謨ｰ100
横方向のみが結合している状態の推論をさせる J_dataの初め半分に横方向の結合係数が入っており、後半は縦方向

kai-no-MacBook-Air:dpara kaishimgakki$ python3 pseudolkhood-1d-dpara.py 
#J_data= [ 0.5  0.5  0.5  0.5  0.5  0.5  0.5  0.5  0.5  0.5  0.5  0.5  0.5  0.5  0.5
  0.5  0.   0.   0.   0.   0.   0.   0.   0.   0.   0.   0.   0.   0.   0.
  0.   0. ]
#sol= [ 0.80000383  0.37559996  0.56849521  0.34547393  0.35706122  0.55685651
  0.57438131  0.64164398  0.52905914  0.46125014  0.47028143  0.63581831
  0.97120207  0.56732162  0.55390596  0.39468967  0.12528068  0.13356924
  0.08858188  0.22440875  0.008054    0.02744238  0.02673359 -0.06288963
 -0.12245262  0.13300845 -0.07290933  0.00350893  0.05265952  0.43108744
 -0.05915039  0.24941306]
#diff= 3.81548149402

a縺ｮ縺ｿ縲∵ｨ呎悽謨ｰ200
kai-no-MacBook-Air:dpara kaishimgakki$ python3 pseudolkhood-1d-dpara.py 
#J_data= [ 0.5  0.5  0.5  0.5  0.5  0.5  0.5  0.5  0.5  0.5  0.5  0.5  0.5  0.5  0.5
  0.5  0.   0.   0.   0.   0.   0.   0.   0.   0.   0.   0.   0.   0.   0.
  0.   0. ]
#sol= [ 0.60836157  0.50080713  0.50759364  0.44559795  0.47171316  0.45332585
  0.58709394  0.50890507  0.40530316  0.44075462  0.48818374  0.58518119
  0.79293904  0.39271585  0.47204708  0.45275465  0.09633533  0.0272157
  0.13881934 -0.00676086 -0.04104369  0.03869402 -0.03452379  0.09303461
 -0.11553654  0.09258246 -0.14169326 -0.01891278 -0.19242881  0.2434005
 -0.01764062  0.01570494]
#diff= 2.38281274386

a縺ｮ縺ｿ縲∵ｨ呎悽謨ｰ400
kai-no-MacBook-Air:dpara kaishimgakki$ python3 pseudolkhood-1d-dpara.py 
#J_data= [ 0.5  0.5  0.5  0.5  0.5  0.5  0.5  0.5  0.5  0.5  0.5  0.5  0.5  0.5  0.5
  0.5  0.   0.   0.   0.   0.   0.   0.   0.   0.   0.   0.   0.   0.   0.
  0.   0. ]
#sol= [ 0.58020048  0.50552235  0.4749254   0.57807576  0.49363894  0.53494995
  0.52955702  0.5164522   0.42767749  0.45811034  0.55575671  0.56087343
  0.56528379  0.51822801  0.47001558  0.51104153  0.02429169 -0.02897083
  0.04699881  0.00957205 -0.08835791  0.07934941 -0.03725314  0.06859736
 -0.07378462  0.05346011 -0.12828072  0.04213264 -0.03342886  0.07326952
 -0.06101961 -0.01816555]
#diff= 1.49850631263
kai-no-MacBook-Air:dpara kaishimgakki$

今度は縦方向のみが結合している状態の推論をさせる
aのみ、標本数200
kai-no-MacBook-Air:dpara kaishimgakki$ python3 pseudolkhood-1d-dpara.py 
#J_data= [ 0.   0.   0.   0.   0.   0.   0.   0.   0.   0.   0.   0.   0.   0.   0.
  0.   0.5  0.5  0.5  0.5  0.5  0.5  0.5  0.5  0.5  0.5  0.5  0.5  0.5  0.5
  0.5  0.5]
#sol= [-0.01356334 -0.25921557 -0.04836794 -0.03368576  0.07008163  0.08304151
 -0.01190064  0.111926    0.18160172  0.0294316  -0.11985758 -0.13255932
 -0.17843438 -0.01038103 -0.01730799  0.19232419  0.59852814  0.78059127
  0.45395658  0.47223292  0.34299175  0.55722909  0.32604342  0.42480073
  0.70969465  0.47792117  0.43309249  0.4774365   0.70648455  0.51330358
  0.61025895  0.50313239]
#diff= 3.06442729024 ] ] 

aのみ、標本数400
kai-no-MacBook-Air:dpara kaishimgakki$ python3 pseudolkhood-1d-dpara.py 
#J_data= [ 0.   0.   0.   0.   0.   0.   0.   0.   0.   0.   0.   0.   0.   0.   0.
  0.   0.5  0.5  0.5  0.5  0.5  0.5  0.5  0.5  0.5  0.5  0.5  0.5  0.5  0.5
  0.5  0.5]
#sol= [-0.10886479 -0.09195247  0.02012078 -0.07782137  0.05986153  0.0179758
  0.01570511 -0.02727684  0.07412772  0.12280007 -0.06519687 -0.066231
 -0.10671553 -0.02472732 -0.03483484  0.08027253  0.63930768  0.62053865
  0.48293544  0.51460536  0.43360793  0.44798649  0.35191322  0.46878106
  0.60685393  0.55139293  0.53757475  0.46396276  0.74311798  0.50364657
  0.56224787  0.51917606]
#diff= 2.14375944897


結合を一様にすると計算できる。(結合の強度が強するぎと正しく推論ができなくなることがわかる)

aのみ,標本数200、
kai-no-MacBook-Air:dpara kaishimgakki$ python3 pseudolkhood-1d-dpara.py 
#J_data= [ 0.1  0.1  0.1  0.1  0.1  0.1  0.1  0.1  0.1  0.1  0.1  0.1  0.1  0.1  0.1
  0.1  0.1  0.1  0.1  0.1  0.1  0.1  0.1  0.1  0.1  0.1  0.1  0.1  0.1  0.1
  0.1  0.1]
#sol= [ 0.03371583  0.1616828   0.12536968  0.15081515  0.04873445  0.11148587
  0.0742838   0.01316215 -0.09055318  0.12489176  0.15959713  0.04570026
  0.15271557  0.2386927   0.11911237  0.11406349  0.09003307  0.14799784
  0.01820027  0.15547554  0.04553802  0.11965981  0.17730983  0.109497
  0.11957302  0.14729725  0.0904921   0.11272646  0.10965749  0.1015882
  0.12548808  0.13704662]
#diff= 1.45243689673

aのみ,標本数400、
#J_data= [ 0.1  0.1  0.1  0.1  0.1  0.1  0.1  0.1  0.1  0.1  0.1  0.1  0.1  0.1  0.1
  0.1  0.1  0.1  0.1  0.1  0.1  0.1  0.1  0.1  0.1  0.1  0.1  0.1  0.1  0.1
  0.1  0.1]
#sol= [ 0.01885095  0.10912362  0.11199603  0.17253105  0.03249801  0.17355724
  0.10225322  0.04483724 -0.05238271  0.01994679  0.08451415  0.0649011
  0.1167599   0.10562187  0.14013617  0.02511601  0.09900987  0.15369889
  0.0208979   0.19050812  0.10223422  0.06483813  0.12698904  0.05111474
  0.13046954  0.10598877  0.10041184  0.09055257  0.1214734   0.1579802
  0.10751894  0.21545159]
#diff= 1.38000888926

aのみ,標本数800、
kai-no-MacBook-Air:dpara kaishimgakki$ python3 pseudolkhood-1d-dpara.py 
#J_data= [ 0.1  0.1  0.1  0.1  0.1  0.1  0.1  0.1  0.1  0.1  0.1  0.1  0.1  0.1  0.1
  0.1  0.1  0.1  0.1  0.1  0.1  0.1  0.1  0.1  0.1  0.1  0.1  0.1  0.1  0.1
  0.1  0.1]
#sol= [ 0.10496194  0.09150125  0.0674759   0.106016    0.03987526  0.14682465
  0.10915574  0.12212348  0.07962283  0.05230453  0.11641676  0.08999401
  0.09354101  0.15871938  0.12281594  0.01630405  0.07496088  0.14405889
  0.04264158  0.15335703  0.10388999  0.11802941  0.08351726  0.06689628
  0.13415863  0.10896435  0.08759499  0.05573636  0.07187419  0.12159103
  0.0657163   0.12486689]
#diff= 0.916393440062 

結合強度を強くした場合。一様で全て強度1とする.aのみで標本数は400
J_data= [ 1.  1.  1.  1.  1.  1.  1.  1.  1.  1.  1.  1.  1.  1.  1.  1.  1.  1.
  1.  1.  1.  1.  1.  1.  1.  1.  1.  1.  1.  1.  1.  1.]
#sol= [ -4.57272434e+01   2.61148151e+05  -6.63055853e+04   5.81904533e-01
  -1.91020349e+06   8.89466062e+05   4.69219667e+05   1.33109748e+05
  -4.23157461e+05  -7.33007315e+05   2.18379108e+06  -1.87385153e+06
   3.79375673e+05  -2.53697751e+05   5.40539157e+05  -8.99231591e+05
   4.75899040e+01   2.23292409e+05  -9.06083139e+04   1.13686525e+05
   1.77715588e+06   8.20962416e+05  -1.26805775e+06  -7.15996270e+05
   5.19872763e+05   3.35222010e+05  -1.82706337e+05   4.06076371e+05
   4.05656619e-01  -4.60879642e+05  -1.04115409e+05  -4.73638981e+04]
#diff= 18082194.5892 


結合強度を{0.1, 0}でランダムに与えた場合では正しく推論ができる傾向がある
aのみ,標本数200、
kai-no-MacBook-Air:dpara kaishimgakki$ python3 pseudolkhood-1d-dpara.py 
#J_data= [ 0.   0.   0.   0.1  0.   0.1  0.1  0.   0.   0.1  0.1  0.1  0.1  0.   0.1
  0.   0.1  0.   0.1  0.1  0.   0.1  0.1  0.   0.   0.1  0.   0.1  0.1  0.1
  0.1  0.1]
#sol= [-0.04200386 -0.01226142  0.01081396  0.16733888  0.01039519  0.10472146
  0.07579663  0.02681368  0.04569761  0.14555962  0.10491712  0.07703786
 -0.00563633  0.01281131  0.13768582 -0.14982548  0.09960334 -0.02556076
  0.05674859  0.08381806 -0.01973638  0.09135642  0.14947336  0.11107441
 -0.14189187  0.08017112 -0.04277392  0.17673311  0.07505855 -0.0162428
  0.07705145  0.14636845]
#diff= 1.38969477775

aのみ,標本数400、
kai-no-MacBook-Air:dpara kaishimgakki$ python3 pseudolkhood-1d-dpara.py 
#J_data= [ 0.   0.   0.   0.1  0.   0.1  0.1  0.   0.   0.1  0.1  0.1  0.1  0.   0.1
  0.   0.1  0.   0.1  0.1  0.   0.1  0.1  0.   0.   0.1  0.   0.1  0.1  0.1
  0.1  0.1]
#sol= [-0.01780937 -0.03882911 -0.01121773  0.17620921 -0.00129983  0.12200533
  0.10854664 -0.0062955   0.08791758  0.10564431  0.12104454  0.08143461
  0.1247416  -0.0209244   0.09297334 -0.08239357  0.06340151 -0.02747778
  0.11258964  0.09160226 -0.00105533  0.09023725  0.17188101  0.11548966
 -0.04519188  0.10788766  0.0100977   0.16764065  0.08392554  0.04299137
  0.11095485  0.11370926]
#diff= 0.962288237534

aのみ,標本数800、
kai-no-MacBook-Air:dpara kaishimgakki$ python3 pseudolkhood-1d-dpara.py 
#J_data= [ 0.   0.   0.   0.1  0.   0.1  0.1  0.   0.   0.1  0.1  0.1  0.1  0.   0.1
  0.   0.1  0.   0.1  0.1  0.   0.1  0.1  0.   0.   0.1  0.   0.1  0.1  0.1
  0.1  0.1]
#sol= [-0.04014616 -0.00806793 -0.0225672   0.12516146 -0.01611248  0.08876698
  0.13112755 -0.03306709  0.03970338  0.07815638  0.06617415  0.05550576
  0.08653254 -0.02881649  0.1434444  -0.02020473  0.09708435 -0.04755408
  0.09719595  0.10134196 -0.05960686  0.0966572   0.17882787  0.02648392
 -0.0118317   0.12557259  0.00796598  0.18399602  0.10323133  0.0620156
  0.096056    0.12848922]
#diff= 0.859175471004

aのみ,標本数1600、
kai-no-MacBook-Air:dpara kaishimgakki$ python3 pseudolkhood-1d-dpara.py 
#J_data= [ 0.   0.   0.   0.1  0.   0.1  0.1  0.   0.   0.1  0.1  0.1  0.1  0.   0.1
  0.   0.1  0.   0.1  0.1  0.   0.1  0.1  0.   0.   0.1  0.   0.1  0.1  0.1
  0.1  0.1]
#sol= [-0.0050464  -0.01237701 -0.01772745  0.10813863 -0.01548356  0.11381598
  0.0882734  -0.04438345  0.04477147  0.06001117  0.09945326  0.1173431
  0.08662142  0.00145489  0.11368927 -0.04258576  0.10891009 -0.01477431
  0.10506783  0.08877197 -0.03156483  0.13498102  0.11377212  0.02172771
 -0.0257093   0.1161537  -0.02020601  0.14311232  0.08009263  0.070321
  0.10294366  0.12809048]
#diff= 0.630285498597 
