size=4*4 

sample=10
kai-no-MacBook-Air:dpara kaishimgakki$ python3 MPF_2d-dpara.py 
J_data= [ 0.1  0.1  0.1  0.1  0.1  0.1  0.1  0.1  0.1  0.1  0.1  0.1  0.1  0.1  0.1
  0.1  0.1  0.1  0.1  0.1  0.1  0.1  0.1  0.1  0.1  0.1  0.1  0.1  0.1  0.1
  0.1  0.1]
#J_model_root= [ 0.53260319  0.56266371 -1.31102267  1.29026547  0.10756737  0.33736235
  0.30097794 -0.29332885  0.09698279  0.21673008 -1.44319294  1.32866521
 -0.2898132   0.52144397  0.01969263 -0.03775589  0.3951119  -0.13157535
 -1.50416561  0.04911838 -0.78338552 -0.07710795  1.79941211 -0.02905534
  0.34346635  0.04830446 -0.08015094  0.25448451 -0.17339004  0.54238739
 -0.13756248 -0.03156688]
diff= 15.04211697

sample=20
kai-no-MacBook-Air:dpara kaishimgakki$ python3 MPF_2d-dpara.py 
J_data= [ 0.1  0.1  0.1  0.1  0.1  0.1  0.1  0.1  0.1  0.1  0.1  0.1  0.1  0.1  0.1
  0.1  0.1  0.1  0.1  0.1  0.1  0.1  0.1  0.1  0.1  0.1  0.1  0.1  0.1  0.1
  0.1  0.1]
#J_model_root= [ 0.09324624  0.56183748 -0.1971425   0.05738923 -0.55855037  0.00694915
  0.37810113  0.02397588 -0.19985461  0.18970966 -0.2935839   0.3117904
  0.21311318  0.18409072 -0.01626831  0.2367545   0.08053511 -0.04592885
 -0.22750749 -0.14039461  0.17574554  0.11105084  0.45686591 -0.15124867
 -0.18290085  0.35487095 -0.0065982  -0.06010509 -0.16811838  0.25975746
  0.08869599 -0.09171667]
diff= 6.2228146872

sample=40
kai-no-MacBook-Air:dpara kaishimgakki$ python3 MPF_2d-dpara.py 
J_data= [ 0.1  0.1  0.1  0.1  0.1  0.1  0.1  0.1  0.1  0.1  0.1  0.1  0.1  0.1  0.1
  0.1  0.1  0.1  0.1  0.1  0.1  0.1  0.1  0.1  0.1  0.1  0.1  0.1  0.1  0.1
  0.1  0.1]
#J_model_root= [-0.05932725  0.43493617  0.03095411  0.10177588 -0.09626219  0.10691719
  0.13356313 -0.09678085  0.11880386  0.12051637 -0.28252171  0.3829951
  0.2514525   0.1430459   0.1584905   0.07488007  0.30258741  0.07106001
 -0.18094041  0.00608582  0.21163567 -0.06811362  0.24549658  0.07902659
  0.01448533  0.3319292   0.27135862  0.10543579 -0.12753828  0.20772346
  0.13298254  0.1262023 ]
diff= 3.92284056261

sample=80
kai-no-MacBook-Air:dpara kaishimgakki$ python3 MPF_2d-dpara.py 
J_data= [ 0.1  0.1  0.1  0.1  0.1  0.1  0.1  0.1  0.1  0.1  0.1  0.1  0.1  0.1  0.1
  0.1  0.1  0.1  0.1  0.1  0.1  0.1  0.1  0.1  0.1  0.1  0.1  0.1  0.1  0.1
  0.1  0.1]
#J_model_root= [ 0.08470283  0.32249219 -0.01450952  0.09010726 -0.07603666  0.08566998
 -0.08663127  0.09017173  0.11302833  0.07664898 -0.10735271  0.19258716
  0.14853819  0.10206146  0.2245599   0.0116067   0.09007034  0.1361391
 -0.18163885  0.02678228  0.18167142  0.15088475  0.28550785  0.08687285
  0.16582565  0.2406787   0.0788456   0.04157198 -0.05245791  0.21484179
 -0.09083816  0.32734038]
diff= 3.05257143229

sample=160
kai-no-MacBook-Air:dpara kaishimgakki$ python3 MPF_2d-dpara.py 
J_data= [ 0.1  0.1  0.1  0.1  0.1  0.1  0.1  0.1  0.1  0.1  0.1  0.1  0.1  0.1  0.1
  0.1  0.1  0.1  0.1  0.1  0.1  0.1  0.1  0.1  0.1  0.1  0.1  0.1  0.1  0.1
  0.1  0.1]
#J_model_root= [ 0.06356728  0.24323999  0.00564363  0.07326938 -0.08007335  0.14157525
 -0.02815589  0.07496497  0.19790785  0.02960011 -0.04220371  0.08056073
  0.14676237  0.12664138  0.24484069  0.08564758  0.12910085  0.0326347
 -0.00402492 -0.01356013  0.16984257  0.08902507  0.18291037  0.05099512
  0.12836391  0.1226913   0.01645666  0.00802194  0.07058455  0.14566713
 -0.08727512  0.14230597]
diff= 2.2961710467

sample=320
kai-no-MacBook-Air:dpara kaishimgakki$ python3 MPF_2d-dpara.py 
J_data= [ 0.1  0.1  0.1  0.1  0.1  0.1  0.1  0.1  0.1  0.1  0.1  0.1  0.1  0.1  0.1
  0.1  0.1  0.1  0.1  0.1  0.1  0.1  0.1  0.1  0.1  0.1  0.1  0.1  0.1  0.1
  0.1  0.1]
#J_model_root= [ 0.03806353  0.1188375   0.0135781   0.115198   -0.02018709  0.07934213
  0.05484567  0.1267512   0.15672045  0.06653089  0.00880611  0.11261399
  0.08970786  0.11333339  0.16008227  0.09767648  0.08230062  0.01487915
  0.13309644  0.0234559   0.07154775  0.10506087  0.20633599  0.0492173
  0.21478676  0.13694581 -0.00399777  0.04519643  0.12842828  0.1194701
 -0.0413952   0.23144774]
diff= 1.70954097023 

sample=640
kai-no-MacBook-Air:dpara kaishimgakki$ python3 MPF_2d-dpara.py 
J_data= [ 0.1  0.1  0.1  0.1  0.1  0.1  0.1  0.1  0.1  0.1  0.1  0.1  0.1  0.1  0.1
  0.1  0.1  0.1  0.1  0.1  0.1  0.1  0.1  0.1  0.1  0.1  0.1  0.1  0.1  0.1
  0.1  0.1]
#J_model_root= [ 0.06406744  0.12206481  0.02244118  0.07736664  0.06233473  0.10649609
  0.05803693  0.06916581  0.14141093  0.02661898  0.05682931  0.1070159
  0.04940381  0.13766944  0.14681047  0.07700477  0.04287512  0.09785364
  0.14206272  0.05432737  0.05557002  0.10403374  0.10883243  0.08039857
  0.16511142  0.15421059  0.02264268  0.11416468  0.13333637  0.13803497
  0.09801378  0.13450431]
diff= 1.14080806974 
