0.537813311985
0.537751539812
0.537689790184
0.537628063092
0.537566358524
0.53750467647
0.537443016919
0.537381379859
0.53731976528
0.537258173172
0.537196603523
0.537135056323
0.537073531561
0.537012029226
0.536950549307
0.536889091795
0.536827656677
0.536766243943
0.536704853583
0.536643485586
0.53658213994
0.536520816637
0.536459515663
0.53639823701
0.536336980667
0.536275746621
0.536214534864
0.536153345385
0.536092178172
0.536031033215
0.535969910503
0.535908810027
0.535847731774
0.535786675736
0.5357256419
0.535664630257
0.535603640795
0.535542673505
0.535481728376
0.535420805397
0.535359904557
0.535299025847
0.535238169255
0.535177334771
0.535116522385
0.535055732085
0.534994963863
0.534934217706
0.534873493604
0.534812791548
0.534752111526
0.534691453528
0.534630817544
0.534570203564
0.534509611575
0.53444904157
0.534388493536
0.534327967463
0.534267463342
0.534206981161
0.534146520911
0.53408608258
0.534025666159
0.533965271637
0.533904899004
0.533844548249
0.533784219363
0.533723912334
0.533663627152
0.533603363807
0.533543122289
0.533482902588
0.533422704692
0.533362528593
0.533302374279
0.53324224174
0.533182130966
0.533122041947
0.533061974672
0.533001929132
0.532941905315
0.532881903212
0.532821922813
0.532761964106
0.532702027083
0.532642111733
0.532582218045
0.53252234601
0.532462495617
0.532402666856
0.532342859717
0.532283074189
0.532223310263
0.532163567929
0.532103847176
0.532044147994
0.531984470373
0.531924814303
0.531865179774
0.531805566775
0.531745975297
0.53168640533
0.531626856862
0.531567329886
0.531507824389
0.531448340363
0.531388877797
0.531329436681
0.531270017005
0.531210618759
0.531151241933
0.531091886517
0.531032552501
0.530973239875
0.530913948629
0.530854678753
0.530795430237
0.530736203071
0.530676997245
0.530617812749
0.530558649573
0.530499507708
0.530440387143
0.530381287868
0.530322209873
0.530263153149
0.530204117686
0.530145103473
0.530086110501
0.53002713876
0.52996818824
0.529909258931
0.529850350823
0.529791463907
0.529732598172
0.529673753609
0.529614930208
0.529556127958
0.529497346851
0.529438586877
0.529379848025
0.529321130286
0.529262433649
0.529203758106
0.529145103646
0.52908647026
0.529027857938
0.52896926667
0.528910696446
0.528852147256
0.528793619092
0.528735111942
0.528676625798
0.52861816065
0.528559716488
0.528501293301
0.528442891082
0.528384509819
0.528348047413
0.528421824993
