0.615622911131
0.609123313323
0.60272419478
0.596423898897
0.59022080103
0.584113307681
0.578099855704
0.572178911547
0.566348970519
0.560608556074
0.554956219131
0.549390537408
0.543910114782
0.538513580668
0.533199589421
0.527966819755
0.52281397418
0.51773977846
0.512742981084
0.507822352758
0.502976685907
0.498204794198
0.493505512073
0.488877694298
0.484320215524
0.479831969864
0.475411870479
0.471058849176
0.46677185602
0.462549858954
0.458391843433
0.454296812064
0.450263784259
0.446291795896
0.442379898992
0.438527161379
0.434732666394
0.432760029137
0.434626986757
