0.550192968578
0.538953806273
0.527980003533
0.517264250838
0.50679950784
0.496578989155
0.486596151158
0.476844679697
0.467318478647
0.458011659231
0.448918530048
0.44003358775
0.431351508313
0.422867138867
0.414575490017
0.406471728651
0.398551171163
0.390809277091
0.383241643115
0.375843997409
0.368612194301
0.36154220924
0.354630134036
0.347872172351
0.341264635438
0.334803938098
0.328486594848
0.322309216282
0.316268505613
0.310361255393
0.304584344382
0.298934734571
0.293409468352
0.288005665808
0.282720522139
0.277551305193
0.272495353115
0.267550072097
0.262712934226
0.25798147542
0.253353293456
0.248826046077
0.244397449178
0.240065275062
0.235827350769
0.231681556472
0.227625823927
0.223658134993
0.219776520198
0.215979057368
0.212263870297
0.208629127472
0.205073040842
0.201593864628
0.198189894178
0.19485946486
0.191600950992
0.188904750709
0.189380354233
