0.5040820394
0.503917856566
0.503753883755
0.503590120718
0.503426567207
0.503263222973
0.503100087766
0.502937161338
0.50277444344
0.502611933825
0.502449632244
0.50228753845
0.502125652193
0.501963973228
0.501802501306
0.501641236181
0.501480177604
0.50131932533
0.501158679111
0.500998238702
0.500838003855
0.500677974325
0.500518149865
0.50035853023
0.500199115174
0.500039904452
0.499880897818
0.499722095027
0.499563495835
0.499405099996
0.499246907267
0.499088917402
0.498931130159
0.498773545292
0.498616162558
0.498458981713
0.498302002515
0.498145224719
0.497988648083
0.497832272364
0.49767609732
0.497520122707
0.497364348285
0.49720877381
0.497053399041
0.496898223736
0.496743247654
0.496588470553
0.496433892194
0.496279512333
0.496125330732
0.495971347149
0.495817561345
0.495663973078
0.49551058211
0.495357388201
0.495204391111
0.495051590602
0.494898986433
0.494746578366
0.494594366163
0.494442349585
0.494290528394
0.494138902351
0.49398747122
0.493836234762
0.493685192741
0.493534344918
0.493383691056
0.49323323092
0.493082964273
0.492932890878
0.492783010498
0.492633322899
0.492681647064
