0.338825895877
0.336192407941
0.333574695931
0.330972661948
0.328386208757
0.325815239786
0.323259659121
0.320719371496
0.318194282292
0.315684297531
0.313189323867
0.310709268588
0.308244039603
0.305793545441
0.303357695247
0.300936398772
0.298529566375
0.296137109013
0.293758938237
0.291394966189
0.289045105596
0.286709269764
0.284387372576
0.282079328488
0.27978505252
0.277504460254
0.275237467834
0.272983991952
0.270743949853
0.268517259325
0.266303838698
0.264103606836
0.262782250367
0.261473872614
0.26017338306
0.258880732894
0.257595873629
0.256318757098
0.255049335455
0.253787561172
0.252533387033
0.251286766134
0.250047651884
0.248815997994
0.247591758484
0.246374887674
0.245165340186
0.243963070938
0.242768035145
0.241580188313
0.240399486242
0.239225885019
0.238059341017
0.236899810896
0.235747251596
0.234601620338
0.233462874622
0.232330972222
0.231205871187
0.230087529839
0.228975906768
0.227870960833
0.226772651159
0.225680937135
0.22459577841
0.223517134896
0.222444966762
0.221379234431
0.220319898585
0.219266920155
0.218220260323
0.217179880522
0.216145742429
0.215117807969
0.214096039309
0.213314062163
0.213173925642
0.213034760455
0.212896560084
0.212759318053
0.21262302793
0.212487683322
0.212353277881
0.212219805297
0.212087259303
0.211955633673
0.21182492222
0.211695118798
0.211566217302
0.211438211665
0.211311095861
0.211184863901
0.211059509839
0.210935027765
0.210811411806
0.210688656132
0.210566754946
0.210445702492
0.210325493052
0.210290532013
0.210526560012
