0.368219025345
0.367342348361
0.366467024099
0.365593050408
0.364720425144
0.363849146166
0.362979211335
0.362110618517
0.361243365581
0.360377450402
0.359512870855
0.358649624821
0.357787710184
0.356927124832
0.356067866656
0.355209933551
0.354353323416
0.353498034152
0.352644063666
0.351791409866
0.350940070665
0.350090043981
0.349241327733
0.348393919844
0.347547818242
0.346703020857
0.345859525624
0.34501733048
0.344176433367
0.343336832229
0.342498525014
0.341661509674
0.340825784165
0.339991346445
0.339158194476
0.338326326225
0.337495739659
0.336666432753
0.335838403481
0.335011649823
0.334186169762
0.333361961285
0.332539022381
0.331717351044
0.330896945269
0.330077803057
0.329259922412
0.32844330134
0.327627937851
0.326813829959
0.326031162354
0.325307141842
0.324584236157
0.323862443535
0.323141762214
0.322422190434
0.321703726441
0.320986368481
0.320270114804
0.319554963665
0.318840913318
0.318127962023
0.317416108041
0.316705349639
0.315995685084
0.315287112647
0.314579630602
0.313873237225
0.313167930797
0.312463709599
0.311760571919
0.311058516043
0.310357540264
0.309657642876
0.308958822175
0.308261076463
0.307564404042
0.306868803218
0.306174272299
0.305480809598
0.304788413428
0.304097082107
0.303406813956
0.302717607296
0.302029460454
0.301342371759
0.300656339542
0.299971362137
0.299287437881
0.298604565115
0.297922742181
0.297241967425
0.296562239194
0.295883555841
0.295205915719
0.294529317184
0.293905364821
0.2933183937
0.292732324475
0.29214715572
0.291562886015
0.29097951394
0.290397038078
0.289815457014
0.289234769337
0.288654973637
0.288076068507
0.287498052541
0.286920924338
0.286344682497
0.28576932562
0.285194852312
0.284621261181
0.284048550834
0.283476719885
0.282905766947
0.282335690636
0.281766489572
0.281198162375
0.280630707669
0.280064124079
0.279498410234
0.278933564764
0.278369586301
0.277806473481
0.277244224941
0.276682839321
0.276122315263
0.27556265141
0.275003846409
0.274445898909
0.273888807561
0.273332571019
0.272777187937
0.272222656975
0.271668976791
0.271116146048
0.270564163411
0.270013027547
0.269462737125
0.268913290816
0.268364687294
0.267816925234
0.267270003315
0.266723920216
0.266178674621
0.265634265214
0.265090690682
0.264547949713
0.264006041
0.263464963235
0.262924715114
0.262385295336
0.2618467026
0.261308935608
0.260771993065
0.260235873677
0.259700576153
0.259166099204
0.258632441542
0.258099601884
0.257567578946
0.257036371448
0.256505978111
0.255976397659
0.255447628818
0.254919670316
0.254392520884
0.253866179252
0.253340644156
0.252815914332
0.252291988519
0.251768865457
0.251246543889
0.250725022559
0.250204300216
0.249684375607
0.249165247485
0.248646914601
0.248129375712
0.247612629574
0.247096674947
0.246581510593
0.246067135275
0.245553547758
0.245040746811
0.244528731202
0.244017499704
0.243713874834
0.243448994433
0.24318452244
0.242956958067
0.242859609888
0.242762413804
0.242665369571
0.242568476946
0.242471735686
0.242375145549
0.242278706294
0.24218241768
0.242086279466
0.241990291411
0.241894453275
0.241798764819
0.241703225804
0.241607835991
0.241512595141
0.241417503017
0.241322559381
0.241227763996
0.241133116625
0.241038617032
0.240944264981
0.240850060236
0.240756002563
0.240662091726
0.240568327491
0.240474709625
0.240381237893
0.240287912063
0.240194731902
0.240101697178
0.240008807658
0.239916063111
0.239823463306
0.239731008012
0.239638696999
0.239546530036
0.239454506894
0.239362627345
0.239270891158
0.239179298106
0.23908784796
0.238996540493
0.238905375478
0.238814352688
0.238723471895
0.238632732875
0.238542135401
0.238451679247
0.23836136419
0.238271190004
0.238181156465
0.238091263348
0.238001510432
0.237911897492
0.237822424306
0.237733090652
0.237643896307
0.23755484105
0.237465924659
0.237377146914
0.237288507595
0.237200006481
0.237111643352
0.237023417989
0.236935330174
0.236847379686
0.236759566309
0.236671889824
0.236584350014
0.236496946661
0.236409679549
0.236322548461
0.236235553181
0.236148693493
0.236061969183
0.235975380034
0.235888925833
0.235802606365
0.235716421416
0.235630370773
0.235544454222
0.235458671551
0.235373022547
0.235287506998
0.235202124691
0.235116875417
0.235031758963
0.234946775119
0.234861923674
0.234777204419
0.234692617144
0.234608161639
0.234523837696
0.234439645105
0.234355583659
0.23427165315
0.23418785337
0.234104184112
0.234020645168
0.233937236334
0.233853957401
0.233770808164
0.233687788419
0.233604897959
0.23352213658
0.233439504077
0.233357000247
0.233274624885
0.233192377787
0.233110258752
0.233028267575
0.232946404055
0.23286466799
0.232783059177
0.232701577415
0.232620222503
0.23253899424
0.232457892426
0.232376916861
0.232296067344
0.232215343678
0.232134745661
0.232054273096
0.231973925784
0.231893703526
0.231813606126
0.231733633386
0.231653785108
0.231574061095
0.231494461152
0.231414985081
0.231335632688
0.231256403777
0.231177298151
0.231286404672
