0.407191443667
0.404482413313
0.401789882552
0.399113749035
0.396453911083
0.39381026768
0.391182718467
0.388571163738
0.385975504439
0.383395642157
0.380831479119
0.378282918187
0.375749862852
0.37323221723
0.370882512291
0.368878493382
0.366886730231
0.364907146573
0.362939666638
0.360984215156
0.359040717343
0.357109098906
0.355189286033
0.353281205394
0.351384784135
0.349499949876
0.347626630705
0.345764755179
0.343914252316
0.342075051594
0.340247082949
0.338430276767
0.336624563886
0.33482987559
0.333046143607
0.331273300103
0.329511277683
0.327760009385
0.326019428679
0.324289469461
0.322570066053
0.320861153198
0.319162666057
0.317474540209
0.315796711643
0.314129116759
0.312471692366
0.310824375674
0.309187104296
0.307559816243
0.305942449922
0.304334944133
0.302737238065
0.301149271297
0.29957098379
0.298002315889
0.296443208318
0.294893602177
0.293353438942
0.291822660459
0.290301208944
0.28878902698
0.287286057512
0.285792243848
0.284307529656
0.282831858959
0.281365176136
0.279907425914
0.278458553374
0.277018503942
0.275587223387
0.274164657823
0.272750753702
0.271345457816
0.269948717289
0.26856047958
0.26718069248
0.265809304106
0.264446262904
0.263091517643
0.261745017413
0.260406711626
0.259076550011
0.257754482611
0.256440459784
0.255134432201
0.253836350839
0.252546166984
0.251263832227
0.249989298463
0.248722517886
0.247463442992
0.246212026572
0.244968221714
0.243731981797
0.242503260493
0.241282011763
0.240068189856
0.238861749306
0.23766264493
0.236470831829
0.235286265381
0.234108901245
0.232938695356
0.23177560392
0.230619583421
0.22947059061
0.228328582509
0.227193516407
0.226065349858
0.224944040682
0.223829546957
0.222721827027
0.221620839491
0.220526543206
0.219438897284
0.218357861093
0.21728339425
0.216215456625
0.215154008336
0.214099009748
0.213050421471
0.212008204362
0.210972319517
0.209942728275
0.209046044712
0.208383241777
0.207724501711
0.207069799484
0.206419110221
0.205772409204
0.20512967187
0.204490873808
0.203855990761
0.203224998622
0.202597873435
0.201974591394
0.201355128841
0.200739462266
0.200127568305
0.19951942374
0.198915005498
0.19831429065
0.197717256409
0.197123880131
0.196534139311
0.195948011588
0.195365474735
0.194786506668
0.194211085439
0.193639189234
0.193070796378
0.19250588533
0.191944434682
0.191386423159
0.19083182962
0.190280633053
0.189732812578
0.189188347445
0.188647217032
0.188114305184
0.187805899354
0.187499409488
0.187194823634
0.186892129915
0.186591316532
0.186292371758
0.18599528394
0.1857000415
0.185406632932
0.185115046803
0.184825271752
0.18453729649
0.184251109798
0.18396670053
0.183684057607
0.183403170024
0.183124026841
0.18284661719
0.18257093027
0.182296955348
0.18202468176
0.181754098907
0.181485196259
0.181217963349
0.180952389779
0.180688465216
0.180426179389
0.180165522096
0.179906483196
0.179649052613
0.179393220333
0.179138976407
0.178886310946
0.178635214126
0.178385676182
0.178137687412
0.177891238174
0.177646318887
0.177402920031
0.177161032142
0.176920645821
0.176681751724
0.176444340566
0.176208403121
0.175973930221
0.175740912756
0.175509341671
0.175279207969
0.17505050271
0.174823217009
0.174597342038
0.174372869022
0.174149789243
0.173928094037
0.173707774794
0.173488822957
0.173271230025
0.173054987548
0.172840087131
0.172626520428
0.172414279148
0.172203355053
0.171993739953
0.171785425711
0.171578404242
0.17137266751
0.171168207529
0.170965016364
0.170763086129
0.170562408989
0.170362977154
0.170164782887
0.169967818496
0.16977207634
0.169577548823
0.169384228398
0.169192107565
0.16900117887
0.168811434908
0.168622868316
0.168435471781
0.168249238034
0.16806415985
0.167880230052
0.167697441505
0.167515787121
0.167335259854
0.167155852704
0.166977558712
0.166800370966
0.166624282594
0.166449286768
0.166275376703
0.166102545656
0.165930786925
0.165760093852
0.165590459819
0.165449864434
0.1655083067
