0.432439791228
0.430315569124
0.428204369347
0.426106109762
0.424020708792
0.421948085419
0.419888159172
0.41784085013
0.41580607891
0.413783766671
0.411773835101
0.409776206421
0.407790803373
0.405817549223
0.403856367752
0.401907183252
0.399969920525
0.398044504876
0.396130862113
0.394228918536
0.39233860094
0.39045983661
0.388592553313
0.386736679298
0.384892143291
0.383058874493
0.381236802573
0.379425857667
0.377625970375
0.375837071754
0.374059093318
0.372291967033
0.370535625314
0.36879000102
0.367055027453
0.365330638354
0.363616767898
0.361913350694
0.360220321778
0.358537616612
0.35686517108
0.355202921487
0.353550804552
0.351908757408
0.350276717598
0.348654623073
0.347042412184
0.345440023688
0.343847396737
0.342264470879
0.340691186054
0.33912748259
0.337573301204
0.336028582996
0.334493269445
0.332967302411
0.331450624126
0.329943177198
0.328444904603
0.326955749685
0.325475656153
0.324004568077
0.322542429888
0.321089186372
0.319644782671
0.318209164278
0.316782277037
0.315364067136
0.31395448111
0.312553465834
0.311160968524
0.309776936734
0.308401318349
0.307034061591
0.30567511501
0.304324427483
0.302981948214
0.30164762673
0.300321412878
0.299003256825
0.297693109055
0.296390920364
0.295096641862
0.293810224968
0.292531621411
0.291260783224
0.289997662743
0.288742212608
0.287494385756
0.286254135422
0.285021415138
0.283796178728
0.282578380307
0.281367974281
0.280164915342
0.278969158468
0.277780658921
0.276599372244
0.27542525426
0.274258261069
0.273123178491
0.272024397924
0.270932285032
0.269846798984
0.26876789921
0.267695545391
0.266629697463
0.265570315613
0.264517360279
0.263470792145
0.262430572143
0.261396661449
0.260369021483
0.259347613905
0.258332400617
0.257323343757
0.256320405702
0.255323549062
0.254332736682
0.253347931639
0.25236909724
0.25139619702
0.250429194744
0.249468054401
0.248512740205
0.247563216592
0.246619448222
0.245681399972
0.24474903694
0.243822324439
0.242901228001
0.241985713368
0.241075746498
0.24017129356
0.239272320933
0.238378795204
0.237490683167
0.236607951825
0.235730568383
0.234858500249
0.233991715035
0.233130180553
0.232273864814
0.231422736027
0.230576762599
0.229735913131
0.228900156419
0.228069461452
0.227243797413
0.226423133671
0.225607439787
0.224796685511
0.223990840779
0.223189875711
0.222393760614
0.221602465977
0.220815962472
0.220034220951
0.219257212445
0.218484908166
0.217717279502
0.216954298018
0.216195935454
0.215442163723
0.214692954912
0.213948281282
0.21320811526
0.212472429446
0.211741196609
0.211014389684
0.210291981773
0.209573946144
0.208860256228
0.20815088562
0.207445808078
0.20674499752
0.206048428026
0.205356073834
0.204667909339
0.203983909096
0.203304047814
0.202628300358
0.201956641748
0.201289047155
0.200625491905
0.199965951473
0.199310401486
0.198658817721
0.198011176101
0.197367452698
0.196727623731
0.196091665565
0.195459554707
0.194831267812
0.194206781674
0.193586073233
0.192969119566
0.192355897894
0.191746385576
0.191140560108
0.190538399125
0.1899398804
0.18934498184
0.188753681489
0.188165957522
0.187581788252
0.18700115212
0.186424027701
0.185850393702
0.185280228959
0.184713512435
0.184150223226
0.183590340552
0.183033843762
0.182480712329
0.181930925854
0.181384464061
0.180841306797
0.180301434034
0.179764825864
0.179231462502
0.178701324283
0.178174391663
0.177650645216
0.177130065635
0.176612633729
0.176098330428
0.175587136775
0.175079033929
0.174574003165
0.174072025871
0.173573083548
0.173077157811
0.172584230387
0.172094283114
0.17160729794
0.171123256923
0.170642142232
0.170163936141
0.169688621037
0.169216179409
0.168746593856
0.168279847082
0.167815921897
0.167354801213
0.166896468049
0.166440905527
0.165988096869
0.165538025401
0.165090674552
0.16464602785
0.164204068921
0.163764781496
0.1633281494
0.162894156558
0.162462786994
0.162034024828
0.161607854276
0.161184259651
0.160763225361
0.160344735908
0.15992877589
0.159515329997
0.159104383012
0.158695919812
0.158289925364
0.157886384728
0.157485283054
0.157086605582
0.156690337641
0.15629646465
0.155904972118
0.155515845639
0.155129070897
0.154744633662
0.154362519789
0.153982715222
0.153605205987
0.153229978197
0.152857018048
0.152486311822
0.152117845882
0.151751606674
0.151387580727
0.151186118736
0.151094639538
0.151003726416
0.150913375874
0.150823584438
0.150734348658
0.150645665102
0.15055753036
0.150469941043
0.150382893784
0.150296385235
0.150210412069
0.15012497098
0.150040058681
0.149955671908
0.149871807415
0.149788461975
0.149705632382
0.149623315451
0.149541508015
0.149460206926
0.149379409057
0.149299111299
0.149219310563
0.149140003778
0.149061187892
0.148982859874
0.148905016708
0.148827655399
0.14875077297
0.148674366462
0.148598432935
0.148522969465
0.148447973149
0.148373441099
0.148299370447
0.148225758341
0.148152601948
0.148079898452
0.148007645053
0.147935838969
0.147864477438
0.147793557709
0.147723077054
0.147653032758
0.147583422125
0.147514242473
0.147445491139
0.147377165475
0.147309262851
0.14724178065
0.147174716274
0.147108067141
0.147041830682
0.146976004348
0.146910585602
0.146845571924
0.146780960812
0.146716749774
0.146652936339
0.146589518047
0.146526492456
0.146463857137
0.146401609678
0.14633974768
0.146278268759
0.146217170548
0.146156450691
0.14609610685
0.146036136699
0.145976537927
0.145917308237
0.145858445347
0.14579994699
0.145741810909
0.145684034866
0.145626616632
0.145569553996
0.145512844758
0.145456486733
0.145400477747
0.145344815643
0.145289498275
0.14523452351
0.145179889229
0.145125593327
0.14507163371
0.145018008299
0.144964715025
0.144911751835
0.144859116686
0.14480680755
0.144754822409
0.14470315926
0.144651816109
0.144600790979
0.144550081901
0.14449968692
0.144449604093
0.144399831489
0.144350367189
0.144301209284
0.14425235588
0.144203805093
0.144155555049
0.144107603889
0.144059949764
0.144012590834
0.143965525275
0.14391875127
0.143872267016
0.14382607072
0.143780160599
0.143734534884
0.143689191815
0.143644129641
0.143599346626
0.143554841042
0.143510611171
0.143466655309
0.143422971758
0.143379558835
0.143336414864
0.143293538181
0.143268117658
0.143279910419
