0.448823526413
0.448585422287
0.448347410591
0.448109491288
0.447871664341
0.447633929715
0.447396287373
0.447158737278
0.446921279395
0.446683913687
0.446446640118
0.446209458652
0.445972369252
0.445735371882
0.445498466506
0.445261653088
0.445024931591
0.44478830198
0.444551764218
0.444315318269
0.444078964097
0.443842701666
0.44360653094
0.443370451882
0.443134464457
0.442898568629
0.442662764361
0.442496478921
0.442330334105
0.442164253958
0.441998238453
0.441832287566
0.441666401271
0.441500579543
0.441334822357
0.441169129687
0.441003501508
0.440837937795
0.440672438523
0.440507003666
0.440341633199
0.440176327098
0.440011085336
0.439845907889
0.439680794732
0.439515745839
0.439350761185
0.439185840745
0.439020984494
0.438856192407
0.438691464458
0.438526800623
0.438362200876
0.438197665193
0.438033193548
0.437868785916
0.437704442273
0.437540162592
0.43737594685
0.437211795021
0.43704770708
0.436883683002
0.436719722762
0.436555826335
0.436391993696
0.436228224821
0.436064519683
0.435900878259
0.435737300523
0.435573786451
0.435410336017
0.435246949197
0.435083625965
0.434920366297
0.434757170168
0.434594037554
0.434430968428
0.434267962767
0.434105020545
0.433942141738
0.433779326321
0.433616574269
0.433453885557
0.433291260161
0.433128698055
0.432966199216
0.432803763617
0.432641391236
0.432479082045
0.432316836022
0.432154653141
0.431992533378
0.431830476708
0.431668483105
0.431506552547
0.431344685007
0.431182880461
0.431021138885
0.430859460254
0.430697844543
0.430536291727
0.430374801783
0.430213374685
0.430052010409
0.429890708931
0.429729470225
0.429568294267
0.429407181033
0.429246130497
0.429085142637
0.428924217426
0.428763354841
0.428602554857
0.428441817449
0.428281142594
0.428120530266
0.427959980441
0.427799493094
0.427639068202
0.42747870574
0.427318405683
0.427158168007
0.426997992687
0.4268378797
0.42667782902
0.426517840624
0.426357914486
0.426198050584
0.426038248891
0.425878509385
0.42571883204
0.425559216832
0.425399663738
0.425240172732
0.425080743791
0.42492137689
0.424762072004
0.42460282911
0.424443648184
0.424284529201
0.424125472137
0.423966476967
0.423807543668
0.423648672215
0.423489862584
0.423331114751
0.423172428692
0.423013804382
0.422855241798
0.422696740915
0.422538301709
0.422379924156
0.422221608232
0.422063353913
0.421905161175
0.421747029993
0.421588960344
0.421430952203
0.421273005546
0.42111512035
0.42095729659
0.420799534243
0.420641833283
0.420484193688
0.420326615434
0.420169098495
0.420011642849
0.419854248471
0.419696915338
0.419539643424
0.419382432708
0.419225283164
0.419068194768
0.418911167497
0.418754201327
0.418597296234
0.418440452194
0.418283669183
0.418126947177
0.417970286152
0.417813686085
0.417657146952
0.417500668729
0.417344251392
0.417187894917
0.41703159928
0.416875364458
0.416719190427
0.416563077163
0.416407024643
0.416251032842
0.416095101737
0.415939231304
0.415783421519
0.415627672359
0.4154719838
0.415316355818
0.41516078839
0.415005281492
0.414863547456
0.414742434498
0.41462136871
0.414500350075
0.414379378573
0.414258454187
0.414137576897
0.414016746685
0.413895963534
0.413775227424
0.413654538337
0.413533896255
0.413413301159
0.413292753031
0.413172251853
0.413051797606
0.412931390272
0.412811029833
0.412690716269
0.412570449564
0.412450229698
0.412330056654
0.412209930412
0.412089850956
0.411969818265
0.411849832322
0.41172989311
0.411610000609
0.411490154801
0.411370355668
0.411250603191
0.411130897353
0.411011238136
0.41089162552
0.410772059489
0.410652540022
0.410533067104
0.410413640714
0.410294260835
0.410174927449
0.410055640538
0.409936400083
0.409817206066
0.40969805847
0.409578957275
0.409459902465
0.409340894019
0.409221931922
0.409103016154
0.408984146697
0.408865323533
0.408746546645
0.408627816013
0.408509131621
0.408390493449
0.40827190148
0.408153355695
0.408034856078
0.407916402609
0.40779799527
0.407679634044
0.407561318913
0.407443049858
0.407324826861
0.407206649905
0.407088518971
0.406970434042
0.406852395099
0.406734402124
0.4066164551
0.406498554009
0.406380698832
0.406262889552
0.406145126151
0.40602740861
0.405909736912
0.405792111039
0.405674530973
0.405556996696
0.40543950819
0.405322065438
0.405204668421
0.405087317121
0.404970011521
0.404852751603
0.404735537349
0.40461836874
0.40450124576
0.404384168391
0.404267136614
0.404150150411
0.404033209766
0.40391631466
0.403799465074
0.403682660993
0.403565902397
0.403449189269
0.403332521591
0.403215899346
0.403099322515
0.402982791081
0.402866305026
0.402749864333
0.402633468983
0.40251711896
0.402400814244
0.402284554819
0.402168340667
0.40205217177
0.40193604811
0.40181996967
0.401703936432
0.401587948378
0.401472005491
0.401356107754
0.401240255147
0.401124447654
0.401008685258
0.40089296794
0.400777295683
0.400661668469
0.400546086281
0.400430549101
0.400315056912
0.400199609695
0.400084207434
0.39996885011
0.399853537707
0.399738270206
0.39962304759
0.399507869842
0.399392736944
0.399277648878
0.399162605627
0.399047607174
0.3989326535
0.398817744589
0.398702880423
0.398588060985
0.398473286256
0.39835855622
0.398243870858
0.398129230155
0.398014634091
0.39790008265
0.397785575814
0.397671113566
0.397556695889
0.397442322764
0.397327994175
0.397213710104
0.397099470533
0.396985275446
0.396871124825
0.396757018652
0.396642956911
0.396528939583
0.396414966652
0.3963010381
0.39618715391
0.396073314064
0.395959518545
0.395845767336
0.39573206042
0.395618397779
0.395504779395
0.395391205252
0.395277675332
0.395164189619
0.395050748094
0.39493735074
0.394823997541
0.394710688478
0.394597423536
0.394484202695
0.39437102594
0.394257893253
0.394144804616
0.394031760014
0.393918759427
0.393805802839
0.393692890234
0.393580021593
0.3934671969
0.393354416137
0.393241679288
0.393128986334
0.393016337259
0.392903732047
0.392791170678
0.392678653138
0.392566179407
0.39245374947
0.392359281539
0.392285124344
0.392210996095
0.392136896781
0.39206282639
0.391988784912
0.391914772334
0.391847315488
0.391803722532
0.391760146663
0.391716587875
0.391673046162
0.391629521516
0.391586013931
0.3915425234
0.391499049916
0.391455593474
0.391412154066
0.391368731685
0.391325326326
0.39128193798
0.391238566643
0.391195212306
0.391151874964
0.391108554609
0.391065251236
0.391021964836
0.390978695405
0.390935442935
0.39089220742
0.390848988852
0.390805787226
0.390762602535
0.390719434771
0.390676283929
0.390633150002
0.390590032984
0.390546932867
0.390503849645
0.390460783311
0.390417733859
0.390374701283
0.390331685575
0.39028868673
0.390245704739
0.390202739598
0.390159791299
0.390116859836
0.390073945202
0.390031047391
0.389988166395
0.389945302209
0.389902454826
0.38985962424
0.389816810443
0.389774013429
0.389731233192
0.389688469725
0.389645723022
0.389602993075
0.389560279879
0.389517583427
0.389474903713
0.389432240729
0.389389594469
0.389346964927
0.389304352097
0.389261755971
0.389219176543
0.389176613807
0.389134067756
0.389091538384
0.389049025683
0.389006529649
0.388964050273
0.38892158755
0.388879141473
0.388836712036
0.388794299231
0.388751903054
0.388709523496
0.388667160552
0.388624814214
0.388582484478
0.388540171335
0.388497874781
0.388455594807
0.388413331408
0.388371084577
0.388328854308
0.388286640594
0.388244443429
0.388202262806
0.388160098719
0.388117951161
0.388075820126
0.388033705608
0.3879916076
0.387949526095
0.387907461087
0.38786541257
0.387823380538
0.387781364983
0.387739365899
0.387697383281
0.38765541712
0.387613467412
0.38757153415
0.387529617326
0.387487716936
0.387445832971
0.387403965427
0.387362114296
0.387320279573
0.387278461249
0.387236659321
0.38719487378
0.38715310462
0.387111351836
0.38706961542
0.387027895367
0.38698619167
0.386944504321
0.386902833317
0.386861178648
0.38681954031
0.386777918297
0.3867363126
0.386694723215
0.386653150135
0.386611593353
0.386570052863
0.386528528659
0.386487020734
0.386445529082
0.386404053697
0.386362594572
0.386321151702
0.386279725078
0.386238314696
0.386196920549
0.38615554263
0.386114180934
0.386072835453
0.386031506182
0.385990193114
0.385948896243
0.385907615562
0.385866351065
0.385825102747
0.3857838706
0.385742654618
0.385701454795
0.385660271125
0.385619103601
0.385577952217
0.385536816966
0.385495697843
0.385454594841
0.385413507954
0.385372437175
0.385331382499
0.385290343918
0.385249321427
0.385208315019
0.385167324688
0.385126350428
0.385085392232
0.385044450095
0.385003524009
0.384962613969
0.384921719969
0.384880842001
0.38483998006
0.38479913414
0.384758304234
0.384717490336
0.38467669244
0.384635910539
0.384595144628
0.3845543947
0.384513660748
0.384472942767
0.38443224075
0.384391554692
0.384350884585
0.384310230424
0.384269592202
0.384228969913
0.384188363551
0.384147773109
0.384107198583
0.384066639964
0.384026097247
0.383985570427
0.383945059495
0.383904564447
0.383864085277
0.383823621977
0.383783174542
0.383742742965
0.383702327241
0.383661927363
0.383621543325
0.383581175121
0.383540822744
0.383500486189
0.383460165449
0.383419860518
0.38337957139
0.383339298058
0.383299040517
0.383258798761
0.383218572782
0.383178362576
0.383138168135
0.383097989454
0.383057826526
0.383017679346
0.382977547907
0.382937432203
0.382897332228
0.382857247976
0.38281717944
0.382777126615
0.382737089494
0.382697068071
0.382673615869
0.382652242131
0.382630876835
0.382609519981
0.382588171563
0.382566831579
0.382545500025
0.382524176898
0.382502862195
0.382481555913
0.382460258048
0.382438968596
0.382417687555
0.382396414922
0.382375150692
0.382353894863
0.382332647432
0.382311408394
0.382290177748
0.382268955488
0.382247741613
0.38222653612
0.382205339003
0.382184150261
0.38216296989
0.382141797887
0.382120634249
0.382099478972
0.382078332052
0.382057193488
0.382036063274
0.382014941409
0.381993827889
0.38197272271
0.38195162587
0.381930537365
0.381909457191
0.381888385347
0.381867321827
0.381846266629
0.38182521975
0.381804181187
0.381783150935
0.381762128993
0.381741115356
0.381720110022
0.381699112987
0.381678124248
0.381657143802
0.381636171645
0.381615207774
0.381594252186
0.381573304877
0.381552365846
0.381531435087
0.381510512598
0.381489598376
0.381468692418
0.381447794719
0.381426905278
0.38140602409
0.381385151153
0.381364286463
0.381343430017
0.381322581812
0.381301741844
0.381280910111
0.381260086609
0.381239271334
0.381218464285
0.381197665457
0.381176874847
0.381156092452
0.381135318268
0.381114552293
0.381093794524
0.381073044957
0.381052303588
0.381031570415
0.381010845435
0.380990128644
0.380969420039
0.380948719616
0.380928027373
0.380907343307
0.380886667414
0.380865999691
0.380845340134
0.380824688742
0.380804045509
0.380783410434
0.380762783512
0.380742164742
0.380721554119
0.38070095164
0.380680357303
0.380659771103
0.380639193039
0.380618623106
0.380598061301
0.380577507622
0.380556962064
0.380536424626
0.380515895303
0.380495374093
0.380474860992
0.380454355997
0.380433859105
0.380413370312
0.380392889617
0.380372417015
0.380351952503
0.380331496078
0.380311047737
0.380290607476
0.380270175293
0.380249751185
0.380229335148
0.380208927179
0.380188527274
0.380168135432
0.380147751648
0.380127375919
0.380107008243
0.380086648615
0.380066297034
0.380045953495
0.380025617996
0.380005290534
0.379984971104
0.379964659705
0.379944356333
0.379924060985
0.379903773657
0.379883494347
0.379863223051
0.379842959767
0.37982270449
0.379802457219
0.379782217949
0.379761986678
0.379741763403
0.37972154812
0.379701340827
0.379681141519
0.379660950195
0.37964076685
0.379620591482
0.379600424088
0.379580264664
0.379560113208
0.379539969715
0.379519834184
0.379499706611
0.379479586993
0.379459475326
0.379439371608
0.379419275836
0.379399188006
0.379379108115
0.379359036161
0.379338972139
0.379318916047
0.379298867882
0.379278827641
0.379258795321
0.379238770918
0.379218754429
0.379198745851
0.379178745182
0.379158752418
0.379138767555
0.379118790592
0.379098821524
0.379078860349
0.379058907064
0.379038961665
0.379019024149
0.378999094513
0.378979172755
0.378959258871
0.378939352858
0.378919454713
0.378899564432
0.378879682013
0.378859807453
0.378839940749
0.378820081897
0.378800230894
0.378780387738
0.378760552425
0.378740724952
0.378720905316
0.378701093514
0.378681289543
0.3786614934
0.378641705081
0.378621924585
0.378602151907
0.378582387044
0.378562629994
0.378542880754
0.37852313932
0.378503405689
0.378483679858
0.378463961825
0.378444251586
0.378424549137
0.378404854477
0.378385167602
0.378365488508
0.378345817194
0.378326153655
0.378306497889
0.378286849892
0.378267209662
0.378247577196
0.37822795249
0.378208335542
0.378188726348
0.378169124906
0.378149531212
0.378129945263
0.378110367057
0.378090796589
0.378071233858
0.37805167886
0.378032131592
0.378012592051
0.377993060235
0.377973536139
0.377954019761
0.377934511098
0.377915010147
0.377895516905
0.377876031369
0.377856553536
0.377837083402
0.377817620966
0.377798166223
0.37777871917
0.377759279806
0.377739848126
0.377720424128
0.377701007809
0.377681599165
0.377662198194
0.377642804892
0.377623419257
0.377604041286
0.377584670975
0.377565308322
0.377545953324
0.377526605977
0.377507266278
0.377501640109
0.377500933112
0.377500226518
0.377499520326
0.377498814537
0.377498109151
0.377497404167
0.377496699585
0.377495995404
0.377495291626
0.377494588249
0.377493885273
0.377493182699
0.377492480525
0.377491778752
0.37749107738
0.377490376409
0.377489675837
0.377488975666
0.377488275895
0.377487576523
0.377486877551
0.377486178978
0.377485480804
0.37748478303
0.377484085654
0.377483388677
0.377482692098
0.377481995918
0.377481300136
0.377480604751
0.377479909765
0.377479215176
0.377478520984
0.37747782719
0.377477133793
0.377476440792
0.377475748188
0.377475055981
0.37747436417
0.377473672755
0.377472981736
0.377472291113
0.377471600885
0.377470911053
0.377470221616
0.377469532574
0.377468843927
0.377468155675
0.377467467817
0.377466780354
0.377466093285
0.37746540661
0.377464720328
0.377464034441
0.377463348946
0.377462663845
0.377461979138
0.377461294823
0.3774606109
0.377459927371
0.377459244234
0.377458561489
0.377457879136
0.377457197175
0.377456515605
0.377455834427
0.377455153641
0.377454473245
0.377453793241
0.377453113627
0.377452434404
0.377451755572
0.377451077129
0.377450399077
0.377449721415
0.377449044142
0.377448367259
0.377447690765
0.377447014661
0.377446338946
0.377445663619
0.377444988681
0.377444314132
0.377443639971
0.377442966198
0.377442292813
0.377441619816
0.377440947206
0.377440274984
0.377439603149
0.377438931702
0.377438260641
0.377437589967
0.377436919679
0.377436249778
0.377435580263
0.377434911134
0.377434242391
0.377433574034
0.377432906062
0.377432238476
0.377431571274
0.377430904458
0.377430238026
0.377429571979
0.377428906317
0.377428241039
0.377427576145
0.377426911634
0.377426247508
0.377425583765
0.377424920406
0.37742425743
0.377423594837
0.377422932626
0.377422270799
0.377421609354
0.377420948291
0.377420287611
0.377419627312
0.377418967395
0.377434062933
