0.66457781867
0.662287457052
0.660010651755
0.657747302144
0.655497308665
0.653260572835
0.651036997218
0.648826485412
0.646628942032
0.644444272697
0.642272384011
0.64011318355
0.637966579849
0.635832482385
0.633710801561
0.631601448699
0.629504336019
0.627419376632
0.625346484521
0.623285574534
0.621236562365
0.61919936455
0.617173898446
0.615160082226
0.613157834864
0.611167076125
0.609187726552
0.607219707457
0.605262940909
0.603317349725
0.601382857458
0.599459388387
0.597546867507
0.59564522052
0.593754373825
0.591874254508
0.590004790334
0.588145909736
0.586297541806
0.58445961629
0.582632063573
0.580814814678
0.579007801249
0.577210955552
0.57542421046
0.573647499447
0.571880756582
0.570123916518
0.56837691449
0.566639686301
0.564912168319
0.563194297468
0.561486011223
0.5597872476
0.558097945153
0.556418042963
0.554747480636
0.553086198292
0.551434136564
0.549791236585
0.548157439988
0.546532688897
0.544916925921
0.543310094149
0.541712137145
0.540122998939
0.538542624027
0.536970957359
0.536941966911
0.537668092577
