0.562402112679
0.560940330916
0.559487229871
0.558042754127
0.556606848685
0.555179458968
0.553760530811
0.552350010458
0.550947844558
0.549553980164
0.548168364723
0.546790946077
0.545421672455
0.544060492474
0.54270735513
0.541362209798
0.540025006227
0.538695694534
0.537374225205
0.536060549087
0.534754617387
0.533456381669
0.532165793848
0.530882806189
0.5296073713
0.528339442135
0.527078971985
0.525825914477
0.524580223571
0.523341853557
0.522110759049
0.520886894988
0.519670216632
0.518460679558
0.517258239658
0.516062853133
0.514874476497
0.513693066564
0.512518580457
0.511350975594
0.510190209695
0.509036240771
0.507889027127
0.506748527359
0.505614700348
0.504487505259
0.50336690154
0.50225284892
0.501145307401
0.500044237262
0.498949599055
0.4978613536
0.496779461984
0.495703885561
0.494634585947
0.493571525017
0.492514664906
0.491463968006
0.49041939696
0.489380914664
0.488348484265
0.487322069156
0.486301632976
0.485287139606
0.484278553171
0.483275838032
0.482278958791
0.481287880282
0.480302567574
0.479322985968
0.478349100993
0.477380878408
0.476418284196
0.475461284564
0.474509845943
0.473563934981
0.472623518549
0.471688563732
0.470759037831
0.46983490836
0.468916143045
0.468002709823
0.467094576837
0.46619171244
0.465294085187
0.464401663838
0.463677191525
0.463793848354
