0.353954185422
0.2683071427
0.201769731571
0.14997110713
0.109595446991
0.0780991141801
0.0648114037568
0.0595201517971
0.0554612168144
0.0523489314989
0.0499635244657
0.0481360118346
0.046736521907
0.0456652848488
0.0448456860037
0.0442189143074
0.0437398420367
0.0433738541603
0.0430944094797
0.0428811653763
0.0427185364311
0.0425945869074
0.0425001800479
0.0424283248526
0.0423736746645
0.0423321424133
0.042300605483
0.0422766794071
0.0422585444073
0.0422448124883
0.0422344256482
0.0422265779531
0.0422206559072
0.0422161928449
0.0422128340641
0.0422103101842
0.0422084168007
0.0422069989557
0.0422059392921
0.0422051490228
0.0422045610508
0.0422041247317
0.0422038018884
0.0422035637821
0.0422033888114
0.0422032607661
0.0422031675032
0.0422030999438
0.0422030513142
0.0422030165726
0.0422029919757
0.0422029747519
0.0422029628562
0.0422029547843
0.042202949435
0.042202946005
0.042202943912
0.0422029427363
0.0422029421776
0.042202942023
0.0422029421228
