0.521205449755
0.518153124961
0.515119222724
0.512103621278
0.509106199843
0.506126838621
0.503165418779
0.500221822443
0.497295932684
0.494387633508
0.491496809848
0.488623347549
0.485767133364
0.482928054939
0.480106000806
0.477300860372
0.474512523912
0.471740882556
0.468985828283
0.466247253909
0.463525053082
0.46081912027
0.458129350754
0.455455640617
0.452797886739
0.450155986789
0.447529839211
0.444919343224
0.442324398808
0.439744906699
0.43718076838
0.434631886076
0.432098162743
0.429579502063
0.427075808436
0.424586986972
0.422112943487
0.419653584491
0.417208817186
0.414778549458
0.412362689868
0.409961147646
0.407573832689
0.405200655547
0.402841527424
0.400496360168
0.398165066264
0.39584755883
0.39354375161
0.391253558971
0.388976895891
0.386713677958
0.384463821364
0.382474658476
0.381507411556
0.380546054641
0.379590549772
0.378640859273
0.377696945743
0.37675877206
0.375826301373
0.374899497102
0.373978322934
0.373062742824
0.372152720986
0.371248221897
0.370349210291
0.369455651157
0.368567509739
0.367684751529
0.366807342269
0.365935247947
0.365068434796
0.364206869288
0.363350518137
0.362499348293
0.361653326942
0.360812421502
0.360190003471
0.359841964406
0.359496077034
0.359152326831
0.358810699395
0.35847118044
0.358133755796
0.357798411407
0.357465133331
0.357133907737
0.356804720906
0.356477559229
0.356152409203
0.355829257436
0.355508090639
0.35518889563
0.354871659331
0.354556368765
0.35424301106
0.353931573443
0.353622043239
0.353314407876
0.353008654876
0.352704771859
0.352402746541
0.352102566732
0.351804220337
0.351507695354
0.35121297987
0.350920062067
0.350628930214
0.350339572671
0.350051977885
0.349766134392
0.349482030814
0.349199655857
0.349404052727
