0.522899258984
0.522094680323
0.521291345197
0.520489251592
0.519688397498
0.518888780908
0.51809039982
0.517293252235
0.516497336156
0.515702649594
0.514909190558
0.514116957066
0.513325947135
0.512536158788
0.511747590053
0.510960238958
0.510174103537
0.509389181827
0.508605471869
0.507822971706
0.507041679387
0.506261592962
0.505482710487
0.50470503002
0.503928549622
0.503153267359
0.502379181299
0.501606289515
0.500834590083
0.500064081081
0.499294760593
0.498526626705
0.497759677505
0.496993911088
0.49622932555
0.49546591899
0.494703689513
0.493942635224
0.493182754234
0.492424044656
0.491666504608
0.490910132209
0.490154925584
0.489400882858
0.488648002164
0.487896281634
0.487145719406
0.486396313619
0.485648062419
0.484900963951
0.484155016366
0.483410217818
0.482666566464
0.481924060465
0.481182697983
0.480442477185
0.479703396242
0.478965453327
0.478228646616
0.47749297429
0.476758434531
0.476025025526
0.475292745465
0.47456159254
0.473831564947
0.473102660885
0.472374878556
0.471648216168
0.470922671926
0.470198244045
0.469474930739
0.468752730226
0.468031640728
0.467311660469
0.466592787676
0.465875020582
0.465158357419
0.464442796424
0.463728335838
0.463014973905
0.46230270887
0.461591538983
0.460881462496
0.460172477666
0.45946458275
0.458757776011
0.458052055713
0.457347420124
0.456643867516
0.455941396162
0.455240004339
0.454539690327
0.453840452409
0.453142288872
0.452445198004
0.451749178097
0.451054227446
0.45036034435
0.449667527109
0.448975774027
0.448285083412
0.447595453572
0.446906882822
0.446219369477
0.445532911855
0.444847508278
0.444163157071
0.443479856562
0.44279760508
0.442116400959
0.441436242536
0.440757128149
0.440079056141
0.439402024856
0.438726032643
0.438051077851
0.437377158835
0.436704273951
0.436032421558
0.435361600019
0.434691807697
0.434023042962
0.433355304183
0.432688589734
0.432022897992
0.431358227334
0.430694576144
0.430031942806
0.429370325707
0.428709723238
0.428050133791
0.427391555763
0.426733987551
0.426077427558
0.425421874188
0.424767325847
0.424113780944
0.423461237893
0.422809695109
0.422159151008
0.421509604012
0.420861052544
0.42021349503
0.419566929899
0.418921355581
0.418370169423
0.417940036156
0.417510563744
0.417081751134
0.416653597275
0.416226101119
0.415799261619
0.415373077729
0.414947548407
0.414522672609
0.414098449298
0.413674877434
0.413251955983
0.412829683908
0.412408060179
0.411987083764
0.411566753635
0.411147068764
0.410728028127
0.410309630699
0.409891875459
0.409474761387
0.409058287464
0.408642452676
0.408227256006
0.407812696442
0.407398772972
0.406985484588
0.406572830283
0.406160809049
0.405749419883
0.405338661782
0.404928533747
0.404519034778
0.404110163877
0.40370192005
0.403294302303
0.402887309644
0.402480941082
0.402075195628
0.401670072297
0.401265570103
0.400861688063
0.400458425194
0.400055780516
0.399653753052
0.399252341825
0.398851545859
0.398451364181
0.39805179582
0.397652839806
0.39725449517
0.396856760946
0.396459636168
0.396063119874
0.395667211102
0.395271908892
0.394877212285
0.394483120324
0.394089632056
0.393696746525
0.393304462781
0.392912779873
0.392521696853
0.392131212774
0.39174132669
0.391352037659
0.390963344737
0.390575246984
0.390187743462
0.389800833233
0.389414515361
0.389028788914
0.388643652957
0.388259106561
0.387875148796
0.387491778734
0.38710899545
0.386726798018
0.386345185516
0.385964157023
0.385583711619
0.385203848385
0.384824566405
0.384445864763
0.384067742547
0.383690198844
0.383313232743
0.382936843337
0.382561029717
0.382185790977
0.381811126214
0.381437034525
0.381063515008
0.380690566763
0.380318188894
0.379946380502
0.379575140693
0.379204468573
0.378912864912
0.378662328015
0.378412173403
0.378162400469
0.37791300861
0.377663997222
0.377415365704
0.377167113453
0.376919239871
0.376671744358
0.376424626317
0.376177885149
0.37593152026
0.375685531055
0.375439916939
0.37519467732
0.374949811607
0.374705319209
0.374461199535
0.374217451998
0.373974076009
0.373731070982
0.373488436332
0.373246171474
0.373004275824
0.372762748799
0.372521589819
0.372310706391
0.372283842624
0.372257019742
0.372230237674
0.372203496348
0.372176795692
0.372150135636
0.372123516107
0.372096937034
0.372070398347
0.372043899975
0.372017441846
0.371991023891
0.37196464604
0.371938308222
0.371912010366
0.371885752404
0.371859534266
0.371833355882
0.371807217183
0.371781118099
0.371755058562
0.371729038503
0.371703057852
0.371677116543
0.371651214505
0.371625351671
0.371945211211
