0.62702853496
0.625890895973
0.624754975615
0.623620770315
0.622488276512
0.621357490657
0.620228409213
0.619101028654
0.617975345463
0.616851356138
0.615729057185
0.614608445122
0.61348951648
0.612372267796
0.611256695624
0.610142796523
0.609030567068
0.60792000384
0.606811103435
0.605703862457
0.604598277521
0.603494345253
0.602392062288
0.601291425275
0.600192430869
0.599095075738
0.59799935656
0.596905270022
0.595812812824
0.594721981672
0.593632773287
0.592545184395
0.591459211736
0.590374852057
0.589292102118
0.588210958687
0.587131418541
0.586053478469
0.584977135267
0.583902385745
0.582829226717
0.581757655012
0.580687667465
0.579619260921
0.578552432237
0.577487178276
0.576423495913
0.575361382031
0.574300833522
0.57324184729
0.572184420244
0.571128549305
0.570074231404
0.569021463477
0.567970242474
0.566920565351
0.565872429074
0.564825830617
0.563780766964
0.562737235108
0.56169523205
0.5606547548
0.559615800377
0.558578365808
0.557542448131
0.556508044389
0.555475151636
0.554443766935
0.553413887356
0.552385509979
0.55135863189
0.550333250187
0.549309361973
0.548286964361
0.547266054473
0.546246629437
0.545228686391
0.544212222482
0.543197234863
0.542183720696
0.541171677152
0.540161101408
0.539151990652
0.538144342078
0.537138152887
0.536133420291
0.535130141508
0.534128313763
0.53312793429
0.532129000332
0.531131509137
0.530135457963
0.529140844075
0.528147664745
0.527155917254
0.526165598889
0.525176706946
0.524189238727
0.523203191544
0.522218562715
0.521235349564
0.520253549424
0.519273159636
0.518294177548
0.51752736796
0.517847158209
