0.376684463318
0.365779182334
0.355121672475
0.344704963783
0.33452236655
0.324567454988
0.314834052141
0.305316215917
0.296008226166
0.286904572676
0.277999944037
0.269289217281
0.260767448235
0.252429862537
0.244271847242
0.236288942993
0.228476836689
0.220831354634
0.213348456101
0.206024227311
0.198854875773
0.191836724962
0.184966209319
0.179842614364
0.177111450111
0.17443936721
0.171824851733
0.169266441695
0.166762724587
0.164312335058
0.161913952733
0.159566300164
0.157268140897
0.155018277657
0.152815550629
0.150658835848
0.148547043664
0.146479117307
0.144454031521
0.142470791274
0.140528430542
0.138626011151
0.136762621682
0.134937376435
0.133149414443
0.131397898538
0.129682014462
0.128114372854
0.131479778565
