0.452216726023
0.440259434966
0.428589696389
0.417199041243
0.406079352192
0.395222842651
0.384622037432
0.374269754879
0.364159090323
0.354283400771
0.34463629069
0.335211598819
0.326003385898
0.31700592325
0.308213682141
0.29962132385
0.291223690401
0.283015795894
0.274992818396
0.267150092339
0.259483101398
0.251987471804
0.244658966059
0.237493477029
0.230487022382
0.223635739353
0.2169358798
0.210383805547
0.20397598398
0.197708983887
0.191579471517
0.18558420686
0.179720040107
0.17398390831
0.168372832196
0.162883913149
0.157514330349
0.152261338033
0.147122262904
0.142094501657
0.137175518617
0.132362843495
0.127654069239
0.123046849983
0.118538899092
0.114127987282
0.109811940833
0.105588639867
0.101456016709
0.0974120543036
0.0934547847088
0.0895822876395
0.0857926890755
0.0820841599217
0.0784549147199
0.0749032104102
0.0714273451387
0.0680256571099
0.0646965234801
0.0616565070661
0.0587791509491
0.0559628458875
0.0532062656309
0.0505081145843
0.047867126989
0.0452820661315
0.0427517235797
0.0402749184441
0.0409182502807
