0.554668592537
0.554464565123
0.5542606151
0.554056742437
0.553852947104
0.55364922907
0.553445588304
0.553242024775
0.553038538453
0.552835129308
0.552631797307
0.552428542422
0.55222536462
0.552022263873
0.551894503042
0.551797560235
0.551700653766
0.55160378362
0.551506949785
0.551410152246
0.55131339099
0.551216666002
0.55111997727
0.551023324779
0.550926708515
0.550830128465
0.550733584615
0.550637076952
0.55054060546
0.550444170128
0.55034777094
0.550251407884
0.550155080946
0.550058790111
0.549962535366
0.549866316698
0.549770134093
0.549673987536
0.549577877015
0.549481802516
0.549385764025
0.549289761528
0.549193795011
0.549097864462
0.549001969866
0.548906111209
0.548810288479
0.548714501661
0.548618750742
0.548523035708
0.548427356545
0.54833171324
0.548289089561
0.54824734513
0.548205615712
0.548163901302
0.548122201894
0.548080517483
0.548038848063
0.547997193629
0.547955554175
0.547913929697
0.547872320188
0.547830725644
0.547789146059
0.547747581428
0.547706031744
0.547664497004
0.547622977201
0.54758147233
0.547539982386
0.547511727653
0.547550202682
