0.488418636562
0.488249787993
0.488081004987
0.487918921406
0.487772803495
0.487626742316
0.487480737847
0.487334790066
0.487188898949
0.487043064475
0.486897286621
0.486751565364
0.486605900682
0.486460292553
0.486314740955
0.486169245864
0.486023807258
0.485878425116
0.485733099414
0.485587830131
0.485442617243
0.48529746073
0.485152360567
0.485007316733
0.484862329206
0.484717397964
0.484572522983
0.484427704242
0.484282941718
0.48413823539
0.483993585234
0.483848991229
0.483704453353
0.483559971582
0.483415545896
0.483271176271
0.483126862686
0.482982605118
0.482838403545
0.482694257945
0.482550168295
0.482406134575
0.48226215676
0.48211823483
0.481974368763
0.481830558535
0.481686804125
0.481543105511
0.48139946267
0.481255875582
0.481112344222
0.480968868571
0.480825448604
0.480682084301
0.48053877564
0.480395522597
0.480252325152
0.480109183282
0.479966096965
0.47982306618
0.479680090904
0.479537171115
0.479394306791
0.479251497911
0.479108744452
0.478966046393
0.478823403711
0.478680816385
0.478538284392
0.478395807711
0.478253386321
0.478111020198
0.477968709321
0.477826453669
0.477684253218
0.477542107949
0.477400017838
0.477257982864
0.477116003006
0.47697407824
0.476832208546
0.476690393901
0.476548634285
0.476406929674
0.476265280048
0.476123685385
0.475982145662
0.475840660858
0.475699230952
0.475557855921
0.475416535744
0.4752752704
0.475134059866
0.47499290412
0.474851803142
0.47471075691
0.474569765401
0.474428828595
0.474287946469
0.474147119001
0.474006346172
0.473865627958
0.473724964338
0.47358435529
0.473443800793
0.473303300826
0.473162855367
0.473022464393
0.472882127884
0.472741845819
0.472601618175
0.472461444931
0.472321326065
0.472181261557
0.472041251384
0.471901295525
0.471761393959
0.471621546664
0.471481753618
0.471342014801
0.47120233019
0.471062699765
0.470923123504
0.470783601385
0.470644133387
0.470504719489
0.470365359669
0.470226053906
0.470086802179
0.469947604466
0.469808460745
0.469669370996
0.469530335198
0.469391353328
0.469252425365
0.469113551289
0.468974731078
0.46883596471
0.468697252164
0.46855859342
0.468419988456
0.46828143725
0.468142939781
0.468004496028
0.46786610597
0.467727769586
0.467589486854
0.467451257753
0.467313082263
0.467174960361
0.467036892027
0.466898877239
0.466760915976
0.466623008218
0.466485153943
0.46634735313
0.466209605757
0.466071911804
0.46593427125
0.465796684073
0.465659150252
0.465521669767
0.465384242596
0.465246868718
0.465109548112
0.464972280758
0.464835066633
0.464697905717
0.46456079799
0.464423743429
0.464286742014
0.464149793725
0.464012898539
0.463876056436
0.463739267396
0.463602531396
0.463465848417
0.463329218437
0.463192641435
0.463075227006
0.462979549901
0.462883909911
0.462788307023
0.46269274122
0.462597212488
0.462501720814
0.462406266181
0.462310848575
0.462215467983
0.462120124388
0.462024817776
0.461929548133
0.461834315444
0.461739119694
0.461643960869
0.461548838954
0.461453753935
0.461358705797
0.461263694524
0.461168720104
0.46107378252
0.460978881759
0.460884017806
0.460789190646
0.460694400264
0.460599646647
0.46050492978
0.460410249647
0.460315606235
0.460220999529
0.460126429515
0.460031896177
0.459937399502
0.459842939474
0.45974851608
0.459654129305
0.459559779134
0.459465465553
0.459371188547
0.459276948102
0.459182744204
0.459088576837
0.458994445988
0.458900351642
0.458806293784
0.458712272401
0.458618287477
0.458524338999
0.458430426951
0.45833655132
0.45824271209
0.458148909249
0.45805514278
0.45796141267
0.457867718905
0.45777406147
0.45768044035
0.457586855532
0.457493307
0.457399794741
0.45730631874
0.457212878983
0.457119475456
0.457026108143
0.456932777032
0.456839482107
0.456746223354
0.456653000759
0.456559814307
0.456466663985
0.456373549778
0.456280471672
0.456187429651
0.456094423703
0.456001453813
0.455908519967
0.45581562215
0.455722760348
0.455629934546
0.455537144732
0.455444390889
0.455351673005
0.455258991065
0.455166345055
0.45507373496
0.454981160766
0.454888622459
0.454796120025
0.45470365345
0.45461122272
0.45451882782
0.454426468736
0.454334145454
0.45424185796
0.454149606239
0.454057390278
0.453965210063
0.453873065579
0.453780956812
0.453688883748
0.453596846373
0.453504844673
0.453412878634
0.453320948241
0.453229053481
0.453137194339
0.453045370802
0.452953582855
0.452861830484
0.452770113675
0.452678432414
0.452586786688
0.452495176481
0.452403601781
0.452312062572
0.452220558841
0.452129090575
0.452037657758
0.451946260377
0.451854898417
0.451763571866
0.451672280709
0.451581024931
0.451489804519
0.45139861946
0.451307469738
0.45121635534
0.451125276252
0.451034232461
0.450943223951
0.45085225071
0.450761312723
0.450670409976
0.450610695031
0.450568479841
0.450526281043
0.450484098631
0.450441932598
0.450399782938
0.450357649644
0.45031553271
0.450273432129
0.450231347895
0.450189280001
0.45014722844
0.450105193207
0.450063174295
0.450021171697
0.449979185407
0.449937215418
0.449895261724
0.449853324318
0.449811403194
0.449769498346
0.449727609766
0.449685737449
0.449643881388
0.449602041577
0.449560218009
0.449518410677
0.449476619576
0.449434844698
0.449393086038
0.449351343588
0.449309617344
0.449267907297
0.449226213441
0.449184535771
0.44914287428
0.449101228961
0.449059599807
0.449017986813
0.448976389973
0.448934809279
0.448893244725
0.448851696305
0.448810164012
0.44876864784
0.448727147783
0.448685663834
0.448644195987
0.448602744235
0.448561308573
0.448519888993
0.448478485489
0.448437098055
0.448395726685
0.448354371372
0.448313032109
0.448271708891
0.448230401711
0.448189110562
0.448147835439
0.448106576335
0.448065333243
0.448024106158
0.447982895072
0.44794169998
0.447900520875
0.447859357751
0.447818210601
0.44777707942
0.4477359642
0.447694864936
0.447653781621
0.447612714248
0.447571662813
0.447530627307
0.447489607725
0.447448604061
0.447407616308
0.44736664446
0.44732568851
0.447284748453
0.447243824282
0.44720291599
0.447162023572
0.447121147021
0.447080286331
0.447039441495
0.446998612508
0.446957799362
0.446917002052
0.446876220572
0.446835454914
0.446794705074
0.446753971043
0.446713252818
0.44667255039
0.446659537222
0.446657047799
0.44665455936
0.446652071906
0.446649585435
0.446647099948
0.446644615444
0.446642131922
0.446639649382
0.446637167824
0.446634687246
0.446632207649
0.446629729033
0.446627251396
0.446624774738
0.446622299059
0.446619824358
0.446617350635
0.44661487789
0.446612406121
0.446609935329
0.446607465512
0.446604996672
0.446602528806
0.446600061914
0.446597595997
0.446595131054
0.446592667083
0.446590204086
0.44658774206
0.446585281007
0.446582820924
0.446580361813
0.446577903672
0.446575446501
0.4465729903
0.446570535067
0.446568080803
0.446565627508
0.44656317518
0.446560723819
0.446558273425
0.446555823997
0.446553375535
0.446550928039
0.446548481507
0.44654603594
0.446543591337
0.446541147698
0.446538705022
0.446536263308
0.446533822557
0.446531382767
0.446528943939
0.446526506071
0.446524069164
0.446521633217
0.44651919823
0.446516764201
0.446514331131
0.44651189902
0.446509467865
0.446507037669
0.446504608429
0.446502180145
0.446499752817
0.446497326445
0.446494901028
0.446492476565
0.446490053056
0.446487630501
0.4464852089
0.446482788251
0.446480368554
0.446477949809
0.446475532016
0.446473115174
0.446470699282
0.44646828434
0.446465870348
0.446463457305
0.446461045211
0.446458634065
0.446456223867
