0.300182669446
0.294260703732
0.288471447482
0.283330436419
0.281109830481
0.278944506029
0.276833030983
0.274774014922
0.272766107552
0.270807997254
0.268898409703
0.267036106547
0.265219884158
0.263448572435
0.261721033662
0.260036161425
0.258392879566
0.256790141197
0.255226927744
0.253702248042
0.252215137459
0.250764657069
0.249349892845
0.247969954894
0.246623976722
0.245311114522
0.2440305465
0.242781472213
0.241563111946
0.240374706105
0.239215514631
0.23808481644
0.236981908881
0.235906107214
0.234856744104
0.233833169135
0.232834748342
0.231860863751
0.230910912949
0.22998430865
0.229080478292
0.228198863635
0.22733892038
0.226500117793
0.225681938349
0.224883877377
0.224105442727
0.223346154436
0.222605544416
0.221883156141
0.221178544345
0.220491274739
0.21982092372
0.219167078103
0.218529334852
0.217907300821
0.217300592504
0.21670883579
0.216131665725
0.215568726283
0.215019670139
0.214484158453
0.213961860656
0.213452454244
0.212955624576
0.21247106468
0.211998475063
0.21153756352
0.211088044963
0.210649641237
0.210222080952
0.209805099318
0.209398437979
0.209001844856
0.208615073997
0.208237885421
0.207870044974
0.207511324188
0.20716150014
0.206820355317
0.206487677486
0.206163259562
0.205846899484
0.205538400096
0.205237569021
0.204944218551
0.204658165532
0.204379231251
0.20410724133
0.203842025621
0.203583418106
0.203331256791
0.203085383613
0.202845644344
0.202611888499
0.202383969243
0.202161743304
0.201945070889
0.201733815596
0.201527844335
0.201327027248
0.201131237628
0.200940351847
0.200754249278
0.200572812226
0.200395925853
0.200223478114
0.200055359686
0.199891463903
0.199731686693
0.199575926514
0.199424084295
0.199276063374
0.199131769441
0.198991110482
0.198853996723
0.198720340574
0.198590056579
0.198463061366
0.198339273591
0.198218613893
0.198101004848
0.197986370918
0.197874638406
0.197765735416
0.197659591804
0.197556139138
0.197455310659
0.197357041237
0.197261267331
0.197167926957
0.197076959642
0.196988306393
0.196901909661
0.196817713302
0.196735662549
0.196655703973
0.196577785455
0.196501856151
0.196427866464
0.196355768012
0.196285513599
0.196217057186
0.196150353865
0.196085359828
0.196022032342
0.195960329727
0.195900211323
0.19584163747
0.195784569484
0.19572896963
0.195674801104
0.195622028005
0.195570615317
0.195520528886
0.195471735398
0.195424202363
0.195377898087
0.195332791662
0.19528885294
0.195246052517
0.195204361716
0.195163752567
0.195124197791
0.195085670784
0.195048145599
0.19501159693
0.194976000098
0.194941331036
0.19490756627
0.19487468291
0.194842658631
0.194811471663
0.194781100776
0.194751525265
0.194722724941
0.194694680115
0.194667371587
0.194640780635
0.194614889001
0.194589678883
0.19456513292
0.194541234184
0.194517966169
0.194495312779
0.194473258321
0.194451787492
0.19443088537
0.194410537407
0.194390729419
0.194371447573
0.194352678384
0.194334408705
0.194316625715
0.194299316917
0.194282470125
0.194266073457
0.194250115333
0.19423458446
0.194219469828
0.194204760705
0.194190446628
0.194176517396
0.194162963066
0.194149773944
0.19413694058
0.194124453761
0.194112304507
0.194100484066
0.194088983903
0.1940777957
0.19406691135
0.194056322949
0.194046022794
0.194036003376
0.194026257375
0.194016777659
0.194007557274
0.193998589442
0.19398986756
0.193981385188
0.193973136053
0.193965114039
0.193957313187
0.193949727689
0.193942351883
0.193935180254
0.193928207426
0.193921428159
0.193914837348
0.193908430018
0.19390220132
0.193896146531
0.193890261046
0.193884540379
0.19387898016
0.193873576128
0.193868324135
0.193863220136
0.19385826019
0.19385344046
0.193848757205
0.193844206781
0.193839785637
0.193835490315
0.193831317444
0.193827263742
0.19382332601
0.193819501132
0.193815786072
0.193812177875
0.193808673659
0.193805270619
0.193801966021
0.193798757203
0.193795641572
0.193792616602
0.193789679832
0.193786828865
0.193784061369
0.193781375069
0.193778767752
0.193776237261
0.193773781496
0.193771398412
0.193769086017
0.193766842372
0.193764665588
0.193762553826
0.193760505293
0.193758518248
0.19375659099
0.193754721866
0.193752909267
0.193751151625
0.193749447413
0.193747795145
0.193746193374
0.193744640693
0.193743135729
0.193741677147
0.193740263648
0.193738893966
0.193737566871
0.193736281163
0.193735035676
0.193733829273
0.193732660848
0.193731529327
0.193730433661
0.193729372832
0.193728345847
0.19372735174
0.193726389573
0.193725458431
0.193724557423
0.193723685686
0.193722842374
0.19372202667
0.193721237776
0.193720474914
0.193719737331
0.193719024292
0.193718335081
0.193717669004
0.193717025384
0.193716403563
0.193715802901
0.193715222776
0.193714662581
0.193714121729
0.193713599645
0.193713095773
0.19371260957
0.193712140511
0.193711688082
0.193711251784
0.193710831134
0.19371042566
0.193710034903
0.193709658419
0.193709295774
0.193708946547
0.193708610329
0.193708286721
0.193707975338
0.193707675802
0.193707387748
0.193707110821
0.193706844676
0.193706588976
0.193706343397
0.193706107621
0.193705881339
0.193705664254
0.193705456073
0.193705256515
0.193705065304
0.193704882175
0.193704706868
0.193704539131
0.193704378721
0.193704225399
0.193704078935
0.193703939106
0.193703805693
0.193703678485
0.193703557278
0.193703441872
0.193703332074
0.193703227696
0.193703128556
0.193703034477
0.193702945287
0.19370286082
0.193702780914
0.193702705412
0.193702634161
0.193702567014
0.193702503828
0.193702444463
0.193702388783
0.19370233666
0.193702287964
0.193702242573
0.193702200368
0.193702161232
0.193702125054
0.193702091723
0.193702061136
0.193702033188
0.193702007781
0.193701984819
0.193701964209
0.193701945859
0.193701929683
0.193701915596
0.193701903514
0.19370189336
0.193701885055
0.193701878524
0.193701873696
0.193701870501
0.19370186887
0.193701868737
0.19370187004
