0.435090874014
0.43428652345
0.433483420305
0.432681562623
0.431880948451
0.43108157584
0.430283442845
0.429486547522
0.428690887931
0.427896462136
0.427103268204
0.426311304204
0.425520568208
0.424731058293
0.423942772537
0.423155709023
0.422369865836
0.421585241064
0.420801832798
0.420019639133
0.419238658166
0.418458887997
0.417680326732
0.416902972475
0.416126823337
0.415351877431
0.414578132872
0.41380558778
0.413034240276
0.412264088485
0.411495130535
0.410727364557
0.409960788685
0.409195401056
0.408431199809
0.407668183089
0.406906349041
0.406145695814
0.405386221559
0.404627924432
0.403870802591
0.403114854196
0.402360077411
0.401606470403
0.400854031342
0.4001027584
0.399352649753
0.398603703579
0.39785591806
0.39710929138
0.396363821727
0.395619507291
0.394876346264
0.394134336843
0.393393477227
0.392653765617
0.391915200219
0.391177779239
0.390441500889
0.389706363381
0.388972364931
0.38823950376
0.387507778089
0.386777186141
0.386047726146
0.385319396334
0.384734639781
0.384169462724
0.383605164336
0.38304174324
0.382479198061
0.381917527426
0.381356729964
0.380796804307
0.380237749089
0.379679562945
0.379122244514
0.378565792436
0.378010205353
0.37745548191
0.376901620755
0.376348620535
0.375796479903
0.375245197511
0.374694772015
0.374145202073
0.373596486345
0.373048623491
0.372501612178
0.37195545107
0.371410138837
0.370865674148
0.370322055676
0.369779282097
0.369237352086
0.368696264324
0.36815601749
0.367616610269
0.367078041346
0.366540309408
0.366003413144
0.365467351247
0.364932122409
0.364397725328
0.3638641587
0.363331421226
0.362799511608
0.36226842855
0.361738170758
0.361208736941
0.360680125809
0.360152336073
0.35962536645
0.359099215654
0.358573882406
0.358049365425
0.357525663434
0.357002775158
0.356480699324
0.35595943466
0.355438979897
0.354919333768
0.354400495008
0.353882462354
0.353365234544
0.35284881032
0.352333188425
0.351877975729
0.351514480951
0.351151554193
0.350789194563
0.350427401169
0.350066173121
0.349705509532
0.349345409515
0.348985872183
0.348626896653
0.348268482043
0.347910627471
0.347553332057
0.347196594923
0.346840415193
0.346484791989
0.346129724438
0.345775211668
0.345421252807
0.345067846985
0.344714993332
0.344362690983
0.344010939071
0.343659736732
0.343309083102
0.342958977319
0.342609418525
0.342260405858
0.341911938463
0.341564015482
0.341216636061
0.340869799346
0.340523504485
0.340177750627
0.339832536923
0.339487862525
0.339143726586
0.33880012826
0.338457066704
0.338114541074
0.337772550531
0.337431094232
0.337090171341
0.336749781019
0.33640992243
0.336070594741
0.335731797117
0.335393528726
0.335055788738
0.334718576323
0.334381890654
0.334045730903
0.333710096246
0.333374985858
0.333040398916
0.332706334599
0.332372792087
0.33203977056
0.331707269202
0.331375287196
0.331043823727
0.330712877982
0.330382449147
0.330052536413
0.329723138968
0.329394256006
0.329065886718
0.328738030298
0.328410685942
0.328083852847
0.327757530211
0.327431717232
0.327106413111
0.32678161705
0.326457328252
0.326133545921
0.325810269263
0.325487497484
0.325165229793
0.324843465399
0.324522203512
0.324201443345
0.323881184109
0.323561425021
0.323242165294
0.322928708347
0.322666570956
0.322404843957
0.322143526705
0.321882618556
0.321622118864
0.321362026989
0.321102342289
0.320843064123
0.320584191851
0.320325724837
0.320067662441
0.319810004027
0.319552748962
0.319295896609
0.319039446335
0.31878339751
0.3185277495
0.318272501676
0.318017653408
0.317763204069
0.31750915303
0.317289880368
0.31707170874
0.316853879297
0.316636391498
0.316419244806
0.316202438681
0.315985972589
0.315769845992
0.315554058356
0.315338609146
0.31512349783
0.314908723873
0.314694286746
0.314480185916
0.314266420855
0.314052991032
0.31383989592
0.31362713499
0.313414707718
0.313202613576
0.31299085204
0.312779422586
0.31256832469
0.31235755783
0.312147121485
0.311937015134
0.311727238257
0.311517790335
0.311308670849
0.311099879283
0.310891415119
0.310683277842
0.310475466937
0.31026798189
0.310060822187
0.309853987317
0.309647476767
0.309441290026
0.309235426585
0.309029885934
0.308824667566
0.308619770972
0.308415195645
0.30821094108
0.308007006771
0.307803392215
0.307600096907
0.307397120346
0.307194462028
0.306992121453
0.30679009812
0.30658839153
0.306387001185
0.306185926586
0.305985167236
0.305784722638
0.305584592298
0.30538477572
0.305185272411
0.304986081877
0.304787203626
0.304588637166
0.304390382006
0.304192437657
0.303994803628
0.303797479432
0.303600464581
0.303403758588
0.303207360966
0.303011271231
0.302815488897
0.302620013482
0.302424844501
0.302229981472
0.302035423915
0.301841171347
0.30164722329
0.301453579264
0.30126023879
0.301067201391
0.30087446659
0.30068203391
0.300489902877
0.300298073014
0.30010654385
0.29991531491
0.299724385722
0.299533755814
0.299343424716
0.299153391957
0.298963657068
0.29877421958
0.298585079026
0.298396234937
0.298207686848
0.298019434294
0.297831476808
0.297643813927
0.297456445188
0.297269370127
0.297082588283
0.296896099194
0.2967099024
0.296523997442
0.296338383859
0.296153061194
0.295968028989
0.295783286788
0.295598834133
0.29541467057
0.295230795645
0.295047208902
0.294863909889
0.294680898153
0.294498173243
0.294315734707
0.294133582095
0.293951714957
0.293770132845
0.293588835309
0.293407821904
0.293227092181
0.293046645694
0.292866482
0.292686600651
0.292507001206
0.29232768322
0.29214864625
0.291969889856
0.291791413595
0.291613217028
0.291435299714
0.291257661215
0.291080301092
0.290903218908
0.290726414225
0.290549886607
0.290373635619
0.290197660826
0.290021961794
0.289846538088
0.289671389277
0.289496514928
0.289321914609
0.289147587891
0.288973534342
0.288799753533
0.288626245037
0.288453008424
0.288280043267
0.28810734914
0.287934925617
0.287762772271
0.28759088868
0.287419274418
0.287247929063
0.287076852191
0.286906043381
0.286735502212
0.286565228262
0.286395221112
0.286225480343
0.286056005536
0.285886796273
0.285717852137
0.28554917271
0.285380757578
0.285212606325
0.285044718536
0.284877093797
0.284709731694
0.284542631816
0.28437579375
0.284209217085
0.284042901409
0.283876846314
0.283711051389
0.283545516226
0.283380240416
0.283215223552
0.283050465228
0.282885965036
0.282721722572
0.282557737431
0.282394009208
0.2822305375
0.282067321903
0.281904362016
0.281741657436
0.281579207763
0.281417012597
0.281255071536
0.281093384183
0.280931950138
0.280770769005
0.280609840384
0.280449163881
0.280288739098
0.280128565641
0.279968643115
0.279808971125
0.279649549278
0.279490377181
0.279331454442
0.279172780669
0.279014355472
0.278856178459
0.278698249241
0.278540567429
0.278383132635
0.278225944469
0.278069002546
0.277912306478
0.277755855879
0.277599650364
0.277443689547
0.277287973046
0.277132500475
0.276977271452
0.276822285594
0.27666754252
0.276513041848
0.276358783198
0.276204766189
0.276050990443
0.275897455579
0.275744161222
0.275591106991
0.275438292511
0.275285717405
0.275133381297
0.274981283812
0.274829424576
0.274677803213
0.274526419352
0.274375272618
0.274231027747
0.274094485365
0.273958157112
0.273822042652
0.273686141647
0.273550453763
0.273414978665
0.273279716017
0.273144665487
0.273009826741
0.272875199445
0.272740783268
0.272606577877
0.272472582941
0.27233879813
0.272205223113
0.27207185756
0.271938701141
0.27180575353
0.271673014396
0.271540483413
0.271408160253
0.27127604459
0.271144136097
0.271012434449
0.270880939321
0.270749650388
0.270618567326
0.270487689811
0.270357017521
0.270226550134
0.270096287326
0.269966228776
0.269836374164
0.269706723169
0.269577275471
0.26944803075
0.269318988688
0.269190148966
0.269061511266
0.26893307527
0.268804840663
0.268676807126
0.268548974345
0.268421342003
0.268293909786
0.26816667738
0.26803964447
0.267912810743
0.267786175885
0.267659739586
0.267533501531
0.267407461411
0.267281618914
0.267155973729
0.267030525547
0.266905274057
0.266780218952
0.266655359922
0.26653069666
0.266406228857
0.266281956207
0.266157878402
0.266033995138
0.265910306109
0.265786811008
0.265663509532
0.265540401377
0.265417486238
0.265294763812
0.265172233798
0.265049895891
0.264927749792
0.264805795197
0.264684031808
0.264562459322
0.264441077441
0.264319885865
0.264198884294
0.264078072432
0.263957449978
0.263837016637
0.263716772111
0.263596716103
0.263476848317
0.263357168458
0.263237676231
0.26311837134
0.262999253492
0.262880322392
0.262761577748
0.262643019267
0.262524646655
0.262406459622
0.262288457876
0.262170641126
0.262053009081
0.261935561451
0.261818297946
0.261701218278
0.261584322158
0.261467609297
0.261351079408
0.261234732203
0.261118567396
0.261002584699
0.260886783828
0.260771164496
0.260655726418
0.26054046931
0.260425392888
0.260310496867
0.260195780965
0.260081244899
0.259966888386
0.259852711144
0.259738712892
0.259624893349
0.259511252234
0.259397789267
0.259284504169
0.259171396659
0.25905846646
0.258945713292
0.258833136879
0.258720736941
0.258608513203
0.258496465387
0.258384593217
0.258272896418
0.258161374715
0.258050027831
0.257938855493
0.257827857428
0.25771703336
0.257606383017
0.257495906127
0.257385602416
0.257275471613
0.257165513447
0.257055727647
0.256946113942
0.256836672061
0.256727401735
0.256618302696
0.256509374673
0.256400617398
0.256292030603
0.256183614022
0.256075367385
0.255967290428
0.255859382883
0.255751644484
0.255644074966
0.255536674064
0.255443938015
0.255361490807
0.255279173331
0.255196985384
0.255114926761
0.255032997257
0.25495119667
0.254869524797
0.254787981433
0.254706566378
0.254625279429
0.254544120383
0.25446308904
0.254382185197
0.254301408655
0.254220759211
0.254140236667
0.254059840822
0.253979571477
0.253899428431
0.253819411487
0.253739520445
0.253659755107
0.253580115274
0.25350060075
0.253421211336
0.253341946835
0.253262807051
0.253183791787
0.253104900847
0.253026134035
0.252947491155
0.252868972012
0.252790576411
0.252712304157
0.252634155057
0.252556128915
0.252478225538
0.252400444734
0.252322786307
0.252245250067
0.25216783582
0.252090543374
0.252013372537
0.251936323117
0.251859394924
0.251782587766
0.251705901453
0.251629335793
0.251552890598
0.251476565677
0.25140036084
0.251324275899
0.251248310665
0.251172464949
0.251096738562
0.251021131318
0.250945643027
0.250870273503
0.250795022558
0.250719890007
0.250644875661
0.250569979335
0.250495200844
0.250420540001
0.250345996621
0.250271570518
0.25019726151
0.25012306941
0.250048994035
0.2499750352
0.249901192723
0.24982746642
0.249753856107
0.249680361603
0.249606982724
0.249533719289
0.249460571116
0.249387538024
0.24931461983
0.249241816354
0.249169127415
0.249096552833
0.249024092428
0.24895174602
0.248879513429
0.248807394476
0.248735388982
0.248663496768
0.248591717657
0.248520051469
0.248448498027
0.248377057153
0.248305728671
0.248234512402
0.248163408171
0.2480924158
0.248021535114
0.247950765937
0.247880108093
0.247809561407
0.247739125703
0.247668800808
0.247598586545
0.247528482742
0.247458489224
0.247388605818
0.247318832349
0.247249168646
0.247179614535
0.247110169843
0.247040834398
0.246971608028
0.246902490562
0.246833481828
0.246764581654
0.24669578987
0.246627106305
0.246558530788
0.24649006315
0.24642170322
0.246353450829
0.246285305808
0.246217267987
0.246149337198
0.246081513272
0.246013796041
0.245946185337
0.245878680992
0.245811282838
0.245743990709
0.245676804437
0.245609723856
0.245542748799
0.2454758791
0.245409114594
0.245342455114
0.245275900496
0.245209450574
0.245143105183
0.245076864158
0.245010727336
0.244944694553
0.244878765644
0.244812940445
0.244747218795
0.244681600529
0.244616085485
0.2445506735
0.244485364412
0.244420158059
0.24435505428
0.244290052912
0.244225153794
0.244160356767
0.244095661668
0.244031068337
0.243966576615
0.24390218634
0.243837897355
0.243773709498
0.24370962261
0.243645636534
0.243581751109
0.243517966179
0.243454281583
0.243390697165
0.243327212767
0.243263828231
0.243200543399
0.243137358116
0.243074272225
0.243011285568
0.24294839799
0.242885609334
0.242822919446
0.242760328169
0.242697835348
0.242635440828
0.242573144455
0.242510946074
0.24244884553
0.242386842671
0.242324937341
0.242263129387
0.242201418657
0.242139804997
0.242078288254
0.242016868275
0.241955544909
0.241894318003
0.241833187406
0.241772152966
0.241711214531
0.24165037195
0.241589625073
0.241528973749
0.241468417827
0.241407957157
0.24134759159
0.241287320975
0.241227145163
0.241167064006
0.241107077353
0.241047185056
0.240987386967
0.240927682938
0.24086807282
0.240808556465
0.240749133726
0.240689804456
0.240630568507
0.240571425733
0.240512375986
0.240453419122
0.240394554992
0.240335783452
0.240277104355
0.240218517557
0.240160022911
0.240101620273
0.240043309498
0.239985090442
0.239926962959
0.239868926907
0.23981098214
0.239753128516
0.239695365891
0.239637694121
0.239580113064
0.239522622577
0.239465222517
0.239407912743
0.239350693111
0.23929356348
0.239236523709
0.239179573656
0.23912271318
0.239065942139
0.239009260393
0.238952667803
0.238896164226
0.238839749523
0.238783423555
0.238727186181
0.238671037263
0.238614976661
0.238559004235
0.238503119848
0.238462701932
0.23844210727
0.238421545945
0.238401017904
0.238380523091
0.238360061454
0.238339632938
0.238319237491
0.238298875058
0.238278545586
0.238258249023
0.238237985313
0.238217754406
0.238197556247
0.238177390784
0.238157257963
0.238137157732
0.238117090038
0.238097054828
0.238077052051
0.238057081653
0.238037143582
0.238017237786
0.237997364213
0.23797752281
0.237957713526
0.237937936308
0.237918191105
0.237898477864
0.237878796535
0.237859147066
0.237839529404
0.237819943499
0.2378003893
0.237780866754
0.237761375811
0.23774191642
0.23772248853
0.237703092089
0.237683727047
0.237664393353
0.237645090956
0.237625819806
0.237606579852
0.237587371044
0.237568193331
0.237549046664
0.237529930991
0.237510846263
0.23749179243
0.237472769441
0.237453777247
0.237434815798
0.237415885045
0.237396984937
0.237378115425
0.23735927646
0.237340467993
0.237321689973
0.237302942351
0.23728422508
0.237265538108
0.237246881389
0.237228254871
0.237209658507
0.237191092248
0.237172556046
0.237154049851
0.237135573615
0.237117127289
0.237098710826
0.237080324177
0.237061967294
0.237043640128
0.237025342632
0.237007074757
0.236988836456
0.236970627681
0.236952448384
0.236934298517
0.236916178033
0.236898086885
0.236880025024
0.236861992404
0.236843988978
0.236826014697
0.236808069515
0.236790153385
0.23677226626
0.236754408092
0.236736578836
0.236718778444
0.23670100687
0.236683264067
0.236665549989
0.236647864589
0.23663020782
0.236612579637
0.236594979994
0.236577408843
0.236559866139
0.236542351836
0.236524865889
0.23650740825
0.236489978875
0.236472577718
0.236455204733
0.236437859875
0.236420543097
0.236403254356
0.236385993604
0.236368760798
0.236351555891
0.23633437884
0.236317229598
0.236300108121
0.236283014364
0.236265948282
0.23624890983
0.236231898963
0.236214915638
0.23619795981
0.236181031433
0.236164130464
0.236147256858
0.236130410571
0.23611359156
0.236096799779
0.236080035185
0.236063297733
0.236046587381
0.236029904083
0.236013247797
0.235996618479
0.235980016085
0.235963440571
0.235946891895
0.235930370012
0.235913874879
0.235897406454
0.235880964692
0.235864549552
0.235848160989
0.235831798961
0.235815463425
0.235799154337
0.235782871657
0.235766615339
0.235750385343
0.235734181625
0.235718004143
0.235701852855
0.235685727717
0.235669628689
0.235653555727
0.23563750879
0.235621487835
0.23560549282
0.235589523704
0.235573580445
0.235557663
0.235541771329
0.235525905389
0.235510065138
0.235494250536
0.235478461541
0.235462698111
0.235446960205
0.235431247782
0.2354155608
0.235399899219
0.235384262997
0.235368652093
0.235353066467
0.235337506077
0.235321970884
0.235306460845
0.23529097592
0.23527551607
0.235260081252
0.235244671427
0.235229286555
0.235213926594
0.235212731908
0.2352430358
