0.485870651764
0.473220394552
0.460854208473
0.448763753981
0.436941060875
0.425378504887
0.414068786132
0.403004909263
0.392180165146
0.381588113949
0.371222569485
0.361077584724
0.351147438359
0.341426622334
0.331909830261
0.322591946643
0.313468036844
0.304533337738
0.295783248987
0.287213324898
0.278819266808
0.27059691597
0.262542246879
0.254651361032
0.246920481062
0.239345945245
0.231924202328
0.224651806674
0.217525413694
0.21054177554
0.20369773705
0.196990231926
0.19041627912
0.187556083582
0.185054645119
0.182600666507
0.180193108116
0.177830962822
0.175513254459
0.173239036363
0.171007390006
0.168817423713
0.166668271457
0.164559091719
0.162489066423
0.160457399927
0.158463318074
0.158704401744
