0.497302528092
0.496756091847
0.496209862975
0.495663841365
0.4951180269
0.494572419467
0.494027018952
0.49348182524
0.492936838218
0.492392057772
0.491847483787
0.491303116151
0.49075895475
0.49021499947
0.489671250197
0.48912770682
0.488584369223
0.488041237295
0.487498310923
0.486955589993
0.486413074392
0.485870764009
0.485328658729
0.484786758442
0.484245063034
0.483703572393
0.483162286407
0.482621204964
0.482080327952
0.481539655258
0.480999186771
0.48045892238
0.479918861972
0.479379005436
0.478839352661
0.478299903535
0.477760657946
0.477221615785
0.476682776939
0.476144141298
0.475605708751
0.475067479186
0.474529452494
0.474292189008
0.474150829793
0.47400952268
0.473868267626
0.473727064591
0.473585913533
0.47344481441
0.473303767182
0.473162771807
0.473021828244
0.472880936452
0.47274009639
0.472599308017
0.472458571292
0.472317886173
0.472177252621
0.472036670594
0.472010291296
0.472001893951
0.471993497608
0.471985102248
0.47197670785
0.471968314398
0.471959921871
0.47195153025
0.471943139517
0.471934749653
0.471926360639
0.471917972456
0.471909585085
0.471901198508
0.471892812706
0.47188442766
0.471876043352
0.471867659763
0.471859276874
0.471850894667
0.471842513124
0.471834132226
0.471825751954
0.471817372291
0.471808993217
0.471800614715
0.471792236766
0.471783859352
0.471775482455
0.471767106057
0.471758730139
0.471750354684
0.471741979673
0.471733605088
0.471725230912
0.471716857125
0.471708483712
0.471700110652
0.47169173793
0.471683365526
0.471674993423
0.471666621603
0.471658250049
0.471649878743
0.471641507666
0.471633136803
0.471624766134
0.471616395642
0.471608025311
0.471599655121
0.471591285057
0.4715829151
0.471574545233
0.471566175438
0.471557805699
0.471549435999
0.471541066318
0.471532696642
0.471524326952
0.471515957231
0.471507587462
0.471499217628
0.471490847712
0.471482477696
0.471474107565
0.4714657373
0.471457366886
0.471498036758
