0.521462703135
0.511639739382
0.501969084686
0.492448340201
0.483075146557
0.473847183131
0.464762167342
0.455817853954
0.447012034397
0.438342536111
0.429807221891
0.421403989259
0.413130769842
0.404985528769
0.396966264072
0.389071006113
0.381297817014
0.373644790097
0.366110049347
0.358691748875
0.351388072394
0.345009377097
0.338793399194
0.332673472201
0.327547195195
0.323230989853
0.31941917295
0.315666368546
0.311971653971
0.309842553939
0.308059387244
0.306304168464
0.304576457768
0.302875822333
0.301201836229
0.299554080309
0.297932142091
0.296578418662
0.295721975659
0.294879129803
0.294049664454
0.293233366466
0.292430026127
0.291639437107
0.290861396393
0.290095704241
0.289342164119
0.288600582655
0.28787076958
0.287152537685
0.286445702762
0.28575008356
0.285065501735
0.284391781801
0.283728751084
0.283076239675
0.282434080388
0.281802108708
0.281180162756
0.280568083242
0.279965713419
0.27937289905
0.279461397672
