#	ypc = 1.5 / np.log(t+2)
86.2985301133
74.6319364138
68.5681914062
67.7741195105
64.6664277664
65.4156915496
68.4102520846
65.3928090483
62.4151281277
64.1917060949
63.1342942473
63.1834180242
60.9107784836
59.983954748
61.6165545132
59.3365090642
58.1184679597
57.5067918831
58.5641218894
55.9042811518
54.3844055529
53.1316200424
52.1879202492
52.3751794481
51.4568913576
51.8197436034
51.1818512867
50.693481056
51.1348289472
50.9216930323
49.7833719328
48.467061582
48.4347336339
48.3584612568
47.8948565781
48.0761547895
47.4034647661
47.5148115143
48.6897553397
46.8456410159
45.7635769908
45.7396551243
45.4067421478
45.716232443
44.9341710075
45.3775961767
43.900292374
42.9833808603
44.0134095786
42.9650416231
42.1496021742
45.5923884385
43.8578756445
43.0198102391
42.9224960278
41.9029690105
41.5935261298
42.232505752
40.9456765532
41.9003414673
41.0103582212
40.7753132451
39.712047
40.4494007243
39.3816045307
39.9830292685
38.7217446894
38.7401665217
38.2642333066
38.6344229632
38.2317728727
37.8304172548
37.3606288208
36.8228161068
37.3950055734
36.3079403066
36.5324216844
36.0279980805
37.3878367901
36.6980422017
36.4954610838
35.502893035
35.2439916846
35.8056446969
35.6695978286
35.2675131571
34.7489012911
34.4092801499
34.3972796424
34.1335349174
34.0844393004
33.329496614
34.5788544075
34.0689592006
32.9686925712
32.3544142381
33.0662791036
32.4758246296
32.2781853662
32.043951785
34.1252617127
32.7567782023
32.1105454765
32.1441264764
31.349710139
31.9184140061
31.3518001606
31.2763421027
30.665323775
30.3755471171
30.1733641717
30.2254013663
30.1803397894
29.7004321489
29.5704251489
29.3581042195
28.8182388136
30.2009338176
29.4692596217
29.4229229087
29.8791921623
29.0350848505
28.9293680722
28.5948132036
28.5361377377
28.371336348
27.8538589092
27.6713561519
28.0865419199
27.5906459828
27.5974378839
27.448167455
27.8977534133
27.3681194749
26.7502938744
27.2300461226
26.81949183
26.9447331441
26.7662499751
26.3215498036
26.0461508112
26.8204875225
25.8549849426
25.4136828676
25.6667083437
25.1658393304
24.9729530756
24.6464864905
25.0955687609
25.2761446964
25.0384798086
24.2926290456
25.3267860387
24.4810325392
24.7600703399
25.1262255188
24.083580738
24.0904103216
23.9300516258
24.2549678203
23.5868224805
23.7228370781
23.5997495561
23.8294225942
23.4474571255
23.4731098093
23.7378417097
23.9069929304
23.7953165713
23.4580716347
23.277727937
23.2299914573
22.7811689868
23.0180550981
22.738390757
22.4010743944
22.2957052691
22.0739619319
21.9191425322
21.8756350092
22.2679992118
21.4863553644
21.8245660999
21.7956619114
21.1983142105
21.0403794027
21.3888298968
21.783736403
21.573062892
21.6580131097
21.7084976609
21.5705779243
20.9445369204
21.125458612
21.060233348
20.8668429103
20.7311345728
20.6849290528
20.6631294928
20.734338154
20.6518739685
20.4203753206
20.1890905806
20.3239109336
19.9364246378
19.8906601869
20.1847117995
20.5223829548
19.8190031086
19.5857808376
19.647692502
19.6295505991
20.0698481815
20.0354460847
19.7909936302
20.173008438
19.5177999747
20.1245835107
20.2483357984
20.26543799
19.9998559759
19.8966596982
19.7404405245
19.5058739441
19.6663747065
19.2737443609
19.9117490513
19.1267060133
19.3259448654
19.4588973331
18.8348624298
18.8802138073
18.8809160013
18.9383982115
18.3969348666
18.4704007998
18.2475811062
18.5102793782
18.0895204217
18.5643941491
18.4916784049
18.1307317138
19.4818933624
18.5057530333
18.2540596443
19.20903278
17.9956317717
17.7363529483
17.7204456548
17.5253798025
17.7999108574
17.3449462714
17.7317750046
17.5515002918
17.2723184009
17.2312183318
16.834454102
16.9041581996
17.4375694438
16.858954363
16.4205191118
16.432126235
16.2574628236
16.0902922456
16.1833670898
16.236109545
16.1939485667
16.1715073744
16.5476848072
16.263222322
16.3063772596
15.5092725935
15.4709993606
15.929396533
15.5627354035
15.3714481876
15.7316222309
15.3774692612
15.1144603284
15.117652749
15.2008511554
15.089075707
14.7536795937
15.5220534033
15.1250477929
15.509635349
14.6749155492
14.8410260412
14.6088578409
14.411446333
14.348939293
14.9186345168
14.9559730732
14.4822590458
14.3915466991
14.161911519
14.6649898818
14.1124250736
14.3424443752
15.3591498548
14.5309814014
13.9265608582
14.0056786405
13.791405082
13.7866613543
14.4502428562
13.9423982968
13.8128379476
14.3705925782
13.8152226369
14.0050484866
13.341732312
13.5716166278
13.5772036616
13.2009548458
13.2824310836
13.4001635123
13.1091309446
13.0748055316
13.0582174545
12.9574304072
13.0124700638
13.0674802885
12.7593796901
13.1500873533
13.6801432253
13.2255205339
12.8238437218
13.006549611
12.9800747647
12.9827516804
12.6250225414
12.8380310914
12.4487772072
12.4395111131
12.91463524
12.837714877
12.663498724
13.343480959
12.9722448269
13.0095228105
12.6297531302
12.5632153861
12.3899747126
12.3442130511
12.4886489164
12.2836517141
12.2368250931
12.6661738878
12.9809246235
12.8519872032
12.7823371122
12.5809501288
12.658353231
12.3928900788
12.1961426744
12.3298040282
12.5639502676
12.1273930123
12.4993289048
12.0864916322
11.6694661054
11.6792900898
11.8906473867
11.6487352554
11.6741359004
11.956110783
11.5260935667
12.1143996753
12.2350852084
11.7424557142
11.6859061276
12.4008731346
11.7652263683
11.6954070283
11.3221925151
11.7073720861
11.9199218479
11.850105786
11.7804510762
11.5297728478
11.4902729854
11.1620743453
11.0505249071
10.982476508
11.0806314335
10.7093802657
10.6600780604
10.8219859051
10.7023620178
11.0851956737
10.6390862041
10.0449380578
10.09550558
10.3842205739
10.0952422095
10.2945661657
10.5475253091
10.063728796
10.0505918335
10.9748314764
10.6197685451
10.0093240848
9.57015003902
9.68645593647
9.72340166821
9.82596045968
9.60235998375
9.46407249741
9.72628259518
9.48618344505
10.6431471485
10.172510222
10.1986260525
9.96357675546
9.88036870626
9.85015832826
9.76706131544
9.77978435362
9.772833741
9.84546496483
9.80851016781
10.0794640648
9.99743076654
10.2541019315
10.0913639816
10.0600851367
10.1662340189
10.2147185858
10.065364175
10.2424079559
10.5575986372
10.275004361
10.0103753177
9.6204762418
9.67956266599
9.55714098404
9.46519997326
9.69841704847
9.63497781293
9.40556278179
9.15196233067
9.25050187046
9.22628445949
9.66923073344
9.59352478276
9.17385454948
9.40928906578
9.23958540377
9.879818978
9.16633733606
9.43416416596
9.26058078446
9.96936986823
9.71090799531
10.9615688163
10.1791137228
10.1083925614
9.69053163184
9.83938444198
9.88925760043
9.74360107447
9.35311160839
9.54750964297
9.53062088263
9.64058534799
9.25511439527
9.31415161396
9.00134094528
9.08979873299
8.70219502757
9.18961518345
9.10614502072
8.95172812724
9.73018397821
8.8668368897
9.04172202542
9.38239600582
8.79771683835
8.78232586094
8.95149834121
8.60887420689
9.17688038089
8.82468963671
9.12346410165
8.71017626102
9.21596995315
9.27723870736
9.67685535005
9.39401364155
9.29484228836
9.68285011225
9.55250814035
9.21308024224
9.13751151919
9.05302366875
9.09296603106
8.86445364635
8.91782760924
8.86494731495
8.91355105741
9.10797326126
8.79652669693
8.82255263946
8.634446147
9.39797831477
9.28379372145
9.124293157
9.18750063295
9.05973319848
8.89076543155
9.10259621597
9.11085084986
8.82455718579
8.89102913115
8.61372784503
10.2333227396
9.26113888754
9.10475469004
9.42797732306
9.2716890597
8.87581594674
8.75550774676
8.76150597557
8.93867223818
8.48524648509
8.56348936518
8.71370677335
8.7406620447
8.39729702951
8.16057446444
7.9059393199
8.07570960678
8.30062913119
8.70991480972
8.31686896192
8.68386675678
8.21050424189
8.35587347232
8.59165156136
8.57934472753
9.45371424604
8.49644187336
8.67533251672
7.89838761522
7.77548106961
7.94846366035
7.91141512381
8.29137063914
8.03434849936
8.10168783883
7.85364158481
8.02700734882
7.62961733865
7.86477905761
7.87901378617
7.97441402013
7.79607923172
7.7578874947
7.94375076465
7.64358505617
7.89995783514
7.76201045304
8.25391013013
7.90521092951
7.99318042608
8.30589828545
8.23496378335
7.99326861209
7.81030159506
8.11212451816
7.9151562882
8.1881634416
8.27483032673
8.29079139186
7.86669992148
8.33026409722
8.32356859302
8.45128041821
8.12416627352
8.17556437749
8.17390332138
8.39949040133
8.18756229129
8.19462501433
9.72307855152
8.50784022185
8.29319235881
8.56787884049
8.39949146309
8.18231792534
8.54675434177
8.79368487067
8.38510159955
8.57204229192
8.40750930213
9.48140834725
8.16995513462
8.08028526816
8.72671674827
8.2422003549
8.44715258428
8.3765318599
7.80636846601
7.90498998819
7.57220115234
7.69107466422
7.43560890839
7.46487203033
7.83431601592
7.86063217377
7.55204527293
7.41248700383
7.63558322326
7.94274726787
8.18724821262
8.17204976026
8.09644427787
8.02228892484
7.68952299507
8.02256638594
7.99673524934
7.85578698246
8.27254373023
8.24738591296
8.22231603821
7.88601897794
8.11604486929
8.06315235617
8.26056119588
8.18844781243
8.0578705421
7.8744587442
7.80816204882
7.67013601419
7.52252882329
7.08309690203
7.3210035727
7.43468407146
7.64352816043
8.1679235033
7.67149168234
7.84876664724
7.48642392215
7.18866282409
6.93879913818
7.56408168508
7.80145302114
8.30181757328
7.4946561347
7.39681333244
7.07531720725
7.72067515402
7.39138421535
7.22678482243
7.57719701983
7.30156924648
7.48835039328
7.50960653962
7.67032450585
7.84602670404
7.78921620724
7.66809019279
7.63947387062
7.66770229934
8.03512047416
8.42845216751
7.75252636638
8.18681419521
8.17024520035
8.04847714875
7.82457404349
8.19868287115
8.16520561298
7.88004528334
7.78591144593
8.10159690433
7.53492656809
7.85952173367
7.97081062246
7.85238743267
7.86627948712
7.65947668339
7.36680139904
7.55246322158
7.40547152664
7.47539610009
7.54425354259
7.50018903481
7.34717086402
7.38344396969
7.76269124888
7.60611416033
7.34231064269
7.32703754403
7.24063443776
7.34197877164
7.83757771695
7.97592769984
7.43334515693
7.25615607377
7.08190655816
7.27622299112
7.09924441342
7.62394548029
7.4584227057
7.56722363258
7.54788173514
7.85037326416
7.69616174757
7.70600380269
7.53026386859
7.57921812158
7.35258766507
7.24924757193
7.61901378987
7.51015470635
7.29856476766
7.15991763653
6.66941092208
6.94648357979
7.20771195626
7.26153471151
6.86571691891
6.76366661509
6.56710104489
6.97589084029
6.85162415633
6.73353242239
6.74155832552
6.64381424456
6.3355580847
7.24127109625
6.65615437334
6.93020118687
7.19884708536
7.07233664184
7.44769287511
7.32096207832
7.35269573115
7.45877643462
7.62425356401
7.88584654244
7.54680644555
7.42253825218
7.07157435823
7.11170532253
7.59373058107
7.82234766938
7.61729290417
7.53600054098
7.46310695822
7.28018324783
7.34096968199
6.63324320166
6.90011183799
6.88468268647
6.99709107301
7.28737566791
7.25901558012
7.19720734923
7.6778647197
7.56790921723
7.58110231137
7.43829511653
7.37981668177
7.13250052489
7.58603155199
6.90070965625
7.24065179987
7.51260530661
7.11885618671
7.26102704586
7.31732954176
7.53216764889
6.73046528848
7.25614311658
6.93090178883
6.62905036912
6.51741259092
6.49750193475
7.06189499564
7.06913230189
7.15484438176
7.30090146311
7.92220924812
7.43097710255
7.02940930097
6.85531433069
6.68718157153
6.85458237361
6.31692775156
6.44223735336
6.38614534973
6.86719059912
6.58485663204
5.90905365492
6.28474674247
5.92522418526
6.06420813081
