48.7673400608
43.6967714742
42.3958397906
39.9181131074
46.9700192084
41.2746947523
37.5476279125
38.325415033
36.2744054358
37.2323850973
35.4885877972
36.2230123949
33.7534558209
34.2541756497
33.7198675869
34.0407989476
33.0506824848
35.9133720425
31.6591872855
31.0497228983
31.2845352658
31.0653286703
30.6992045077
30.6418397453
34.1325491656
30.1634308938
28.6323867794
29.2901218156
27.8433856702
27.7949350239
28.2717667817
26.8818965937
26.9905748102
26.320555513
27.2281344973
25.4727701315
25.0217703209
28.620124606
24.9476316513
24.534092608
24.4605612167
24.4886736851
24.044031957
24.1377614449
30.7184538899
25.7498283242
23.4616891301
22.0291582144
21.9980173246
23.9530786505
21.6757952261
22.1232543275
25.9454378636
22.7495467566
22.5643431466
22.0083979211
19.2017342878
19.339450942
19.4538554784
21.936038339
18.7395552888
18.3662708077
19.850610004
18.6694506204
21.575509513
18.957291881
18.3621954942
23.9321033499
21.0296002678
20.2924718762
26.464768024
21.6979669455
19.4169302547
19.1343551435
18.4773366758
23.092133254
18.7264587284
18.1712676261
17.1519777012
18.0040386536
18.2409493417
16.3771273128
16.6210260696
16.3448322243
20.3620204686
16.2317458592
14.9263003153
18.6076947631
15.3238846529
16.1862188917
14.5994595416
14.49847093
17.0820312832
15.1921907127
14.7403587246
18.9814737604
14.7917978094
13.8755000855
16.5995259561
12.907399846
12.214844658
11.977565281
14.6456076925
12.6891112337
12.6181812708
13.8679813328
12.0006294781
12.3516294627
11.2137157696
17.2729898702
12.2366000039
11.7231529273
16.8048938785
10.9726032243
12.2251590219
14.5809831347
11.7960390038
11.221669641
10.6858933031
12.4961577918
13.582713757
18.8863304054
13.8142904557
13.0886365819
13.5077159323
13.1516474989
15.2344947264
12.72339893
11.8028344249
12.5313462659
10.474094543
10.3931321358
11.2919881728
15.5320353773
10.3865610337
11.6407690692
18.1149938948
10.4267790457
11.4802183419
14.24413854
10.9524425588
10.8980973125
11.8746340035
11.7583218805
18.8776024388
13.063205073
11.7941120435
10.7281493101
11.1276666932
9.43413558166
11.1337318298
11.3370619139
9.68077380222
10.0546610198
11.1371494556
17.5760550849
11.7225520846
11.0900184207
10.8680859444
11.6191053254
10.1996454887
12.2072847949
14.4850867067
10.2250441013
10.0371408272
9.89746751467
12.3135397722
18.4264573033
14.3439004689
12.2329046098
11.6083217607
11.7485034297
14.5908401148
9.3206660311
9.66771996809
11.3913910659
9.04225128997
8.11969856572
8.64851497942
16.268882889
9.68372100665
8.40162144528
10.0156683297
7.82659489205
10.8110415342
7.91351671746
8.95063531482
9.32564338636
12.2635253906
7.47945297551
9.02474688655
8.94377757365
15.5424833467
10.8145015347
10.2201153438
13.2200693939
8.04553882347
10.3374371213
18.9398748509
12.598262283
8.06224042467
7.34202549858
7.1353514439
7.87380770688
6.69005448815
11.5231416128
8.63168270972
7.4063721493
7.3916428395
6.84336923845
13.6563908063
8.76773188361
8.22385544305
9.76301380999
7.64217690187
13.0907007058
8.11674413791
9.58186108278
9.88012583606
6.15711916933
6.68424149687
7.95030241184
13.8641764456
8.41861700838
10.3829757202
15.4446849088
11.1757367832
10.6224909701
15.5554979843
10.8335084273
9.72328427752
9.69602361021
9.04466842609
8.88591255923
11.9546834781
8.33457977814
7.33535435329
8.15653275737
10.9402197338
8.88463050071
9.55319767355
7.72921060603
8.14114105864
9.41176804707
16.9368291689
10.738136044
8.81444081964
8.54881204524
8.58104823011
10.0157580401
11.6861450049
9.25280920494
8.06556304251
8.26844711706
10.7164026281
8.39883288804
8.56327733138
8.72884508916
13.5597148723
9.21134230056
8.63929879867
8.51044196816
8.37053940517
12.1069949188
8.29485557214
8.69377012474
8.21346615547
10.2132577644
12.7059429978
8.05665097643
7.955238601
7.13931800787
8.10634734397
8.54807218948
9.72556705115
16.8853513671
10.8867339532
9.80076849779
13.9040956052
9.20525732656
8.33656979663
8.58659245852
9.7464038202
9.22221066906
8.12731876063
9.87730715336
17.0066207229
10.327745703
8.94229899502
9.96035699935
8.60030473944
8.12435128484
8.93952567185
9.61200746888
9.06234135136
10.4868435877
8.43931923096
8.70481147816
10.2129407253
12.7635814164
9.47170399745
9.5816926043
15.3110996618
10.1893853199
9.35196025303
13.316275053
10.1273948636
8.84939633639
13.6898207838
10.2269172629
10.5784452987
12.257545563
10.0891069579
8.7172913653
8.81699135949
12.1317547759
9.10746003773
9.72025250561
10.2316459235
8.34666411086
7.19276935071
6.85202143653
7.06857140027
10.068479436
7.19543583184
6.9808310793
7.92567080527
8.44569175787
15.938099116
9.94967888437
9.39407939317
9.46956752158
9.75709247606
10.1054367329
8.0235853821
10.277751563
9.39884298248
12.4634276614
8.72571201656
10.2710549916
8.5981957113
12.6210908713
8.5873943856
9.30897289999
13.206174728
8.81479677403
9.15474147304
8.77968797969
14.8262601858
8.55249444551
8.44068932759
12.174407265
8.5765136064
8.02896914191
7.99407109415
7.38323085622
7.89116188084
7.16671556058
14.756022753
10.1606290142
9.11174375547
15.8201229154
10.3622381162
10.3610935578
10.0821033924
9.78604937901
8.45201301677
8.12722619514
8.13639127492
9.37509122646
17.7768625599
11.6472302602
9.07633065642
8.28397862034
8.06144870562
8.19178821564
12.2140781819
9.07218720624
10.14310948
15.3184950417
9.65258853254
8.94928925112
8.31277368792
6.54318215589
7.19054548607
9.99026014756
8.15496979855
7.38749655904
8.50196014153
13.6199589127
8.15537798726
8.76393657447
9.42448959617
7.73897694672
8.24503098936
9.060439077
10.1262901596
8.71488477212
8.30988928125
8.97876837976
8.53067116987
8.71830783712
11.3994866309
8.14207037727
9.02318649728
9.73250576837
16.9714243242
11.4225409106
8.86177209682
7.73481781293
8.77495085972
10.6936793176
7.73143279569
6.35564309555
7.08367000146
7.02770608839
6.91503991759
10.1292211866
6.65886686418
6.83062691041
6.14952710704
7.97865183779
5.94743973661
5.45596018272
6.40052250392
8.85882515862
7.91531364954
8.25893366778
14.3358018227
7.79828082579
7.50992261107
8.75401226879
6.06468721076
11.8297463356
7.41687361385
7.76308363957
14.1607977504
6.59361477556
5.52281910274
9.4641747337
7.59936192276
7.81117897707
6.98283365761
13.1848452954
7.31173706534
6.44777961547
6.9076252032
10.0042033375
6.80407883728
6.45609922558
6.2179940973
16.0786807415
10.4365125256
8.24511233886
6.98712151299
10.2975363481
7.26508652502
8.37204175136
12.6375208435
7.82572083689
8.71173450348
15.9582192672
10.2938425302
8.85575635996
10.4820834227
8.50852475956
9.01068263427
7.73250529247
7.64818718779
7.3656826557
9.02485312266
7.96356243244
6.57539120427
6.43304465813
7.67141439147
9.17586793437
8.08935300495
9.24533421751
8.61635185134
10.6674082988
9.01637641287
8.111079682
7.96898533034
9.41355498483
15.5393398123
10.6221325737
8.84214469982
8.23089588149
7.97466388755
9.53157684262
8.01736130622
9.45396874737
7.45586831837
8.43563269925
8.33278594994
9.44458701673
7.68686698717
8.30579266886
16.9419043851
10.7468188908
8.44080471045
10.4392519933
8.83639485263
9.62786122057
8.51286566215
9.46905619591
9.29567541878
11.8184693698
8.07269078071
7.42404248056
8.55992705448
9.3229578116
8.85638090255
7.97323543376
7.7641838684
8.69590142291
11.9276045187
8.5221474483
7.46518750121
7.43142752324
7.48393106606
7.51941906498
7.42925384761
13.723271593
9.34881464544
8.76237248092
11.5462721362
7.10943568158
7.30317268136
8.67482401842
7.30144539033
17.3360302361
11.5747368455
9.42303020024
13.3365418207
8.02881775733
8.29724764676
8.23346289711
9.03459286392
10.8657255695
8.87003527349
8.80901249367
9.19219268995
8.508980519
10.2649660486
9.26849734704
10.6610223999
9.90716244673
8.95263442063
8.57770885971
9.06797465066
9.93336578165
8.4801055278
8.07846516385
9.65662040778
8.57981625048
8.43809650314
8.67946259927
12.097430937
9.79742693377
8.53666373351
8.60405776332
9.61872711165
8.43478539251
7.77708342945
7.76305313894
8.36627875505
8.92834808071
8.91953191669
9.12807596792
8.23219112593
9.42318676519
14.1713777133
10.0843298579
9.15000451635
15.388007958
9.37193033042
9.37942527291
9.70530328077
9.03675254754
9.04547871603
8.10820744018
9.14694506275
8.35955656429
10.5034675951
7.66251613988
7.82714691525
6.9273457866
8.86618372146
7.4150425674
7.84535899091
7.40298651172
8.01972258041
8.13093941774
7.51738196682
7.33753430904
6.91534540609
7.47791426996
6.80417520849
12.9332980074
7.73917679761
8.42344856637
12.9066347583
8.37520855698
8.1935232747
8.06129524573
8.30817428131
8.13266932326
8.01054290487
9.53545785792
8.35055687736
6.76888262112
8.52529735604
10.1611039641
6.71826114748
7.05819505605
13.2390390038
8.94480888565
7.46377560961
7.79305264389
11.6568784032
7.50883329867
7.96976947611
9.63192327051
7.45269240966
8.64253321645
8.41736433314
7.98949957208
8.79571462554
10.8349737964
8.96560712985
8.91618087586
10.5395058645
9.96753837893
11.9257262436
9.34837178792
7.96824316555
8.46979593872
8.23454209163
7.55998743095
6.8667157591
10.2179787276
7.56664356803
8.0944992354
7.16715046469
7.38940340252
9.5844137344
7.57492880329
11.0183727923
8.36736772177
8.9481533091
8.70678287607
8.24835198788
8.21749514432
9.15223506854
8.81167949772
8.85305069999
11.3951716846
7.70845725747
7.95551676639
7.92775186574
11.0330323407
7.20535632268
8.26551245361
7.47667962404
9.12941200575
8.31324521701
7.568959047
7.80010889186
9.9230858878
7.92175634493
10.6250393916
7.80639201977
8.68690617551
7.59604757696
6.95184929195
10.9652209235
8.30466909584
7.26375424525
7.98164886718
6.62262030311
7.52050689353
7.62043702088
8.00546552142
7.40522736419
10.1067667671
8.48333857542
13.6181886892
8.94980162941
8.88685320798
11.20151615
8.32460728372
8.65450509879
8.11883838409
8.57817359813
10.0757681219
8.61856857166
8.29231337745
9.45410126161
8.50817803392
8.50081316312
8.69370429048
7.98895671124
8.30787937814
7.89348155439
7.15146619094
7.66355790716
7.8012700384
7.74966779536
8.32191200219
8.40537304455
10.8525740422
8.31015328151
8.510772184
8.88954203103
8.58068387259
9.17190656423
8.17229397859
9.81698260871
7.63015633323
7.68443517695
7.81805333502
13.4518730236
9.26315326512
9.26199024473
8.17467837858
8.42238838541
10.8085156139
8.49323278046
8.15822574698
9.23264508883
8.32472672437
13.8796783685
10.3680255299
9.04467822503
12.0787343593
8.6202584948
8.26292214861
10.5969016428
7.99325464629
7.67154304095
8.18913558369
12.9428162979
9.4518274735
8.01847136146
6.79553971697
7.6062932969
7.69911510139
10.3223308133
6.4343400454
5.99780351249
6.61329760565
5.74822313381
8.63910292724
5.20327842484
7.21538465308
6.73515525982
8.75737671256
7.307010846
8.34539907003
6.97354286148
7.43633453192
7.32731516814
7.22333199748
6.86877478182
8.05590708987
7.70684874773
12.1793341526
6.85074134132
7.81782646152
14.3853814601
8.62144841623
7.31686828698
7.90150671065
8.41994458017
7.60961238865
6.83465612204
7.23043934138
8.18239717227
6.68886312905
6.87530180648
7.08714631691
6.76635150295
12.5743362293
6.44741360202
5.99565397449
8.83118699279
6.19963858851
6.31888550382
7.18215389192
8.92164294926
6.81117367306
7.5192106035
8.07527572746
8.37732289391
7.3199328958
9.10996376231
7.46212235121
7.52519565053
7.85792554808
theta_est = 
 [[ 0.          0.71029913 -0.14428454  0.33946965  0.00788371  0.02998876
   0.08405084  0.88219689]
 [ 0.71029913  0.          0.85846138  0.19325558 -0.1097873   0.09679268
  -0.12108926 -0.21109007]
 [-0.14428454  0.85846138  0.          0.94404963  0.23569138 -0.10154151
  -0.14336153  0.0454596 ]
 [ 0.33946965  0.19325558  0.94404963  0.          0.79363424 -0.03780103
  -0.03304629  0.20303312]
 [ 0.00788371 -0.1097873   0.23569138  0.79363424  0.          1.28054736
  -0.00453431 -0.25848516]
 [ 0.02998876  0.09679268 -0.10154151 -0.03780103  1.28054736  0.
   1.12579273 -0.16453848]
 [ 0.08405084 -0.12108926 -0.14336153 -0.03304629 -0.00453431  1.12579273
   0.          0.85392085]
 [ 0.88219689 -0.21109007  0.0454596   0.20303312 -0.25848516 -0.16453848
   0.85392085  0.        ]]
