#	ypc = 1 / np.log(t+2)
110.394422686
97.163518043
95.6639999624
94.0793741675
87.4615910005
87.5241104775
88.0193227485
85.7115013723
86.4194310405
84.6854038535
82.1259515696
81.8458798374
81.8658729125
77.3633021422
77.9041779826
76.9469609747
74.9276914371
72.9347168022
73.8480002034
72.5832786044
71.4949996957
71.9742208056
69.6618967502
70.3053706997
68.7736332312
68.68867757
66.2888480923
66.134265706
64.2718397271
65.5854429088
63.0080856228
62.91923361
63.3298552665
62.1827627153
62.3375583164
62.4704777847
60.9727813012
59.9075775228
60.0832406227
59.0272503993
58.7722047817
58.2934503715
57.8420991655
57.5148689556
57.0572653781
56.7683409024
56.1049808773
56.7349934076
55.5020920996
54.544719436
54.3710101788
54.5591781038
54.532065764
53.4643832856
52.5001128708
52.2801317997
51.621966818
51.6141672255
51.034806035
50.1752787133
49.7388928602
49.9920535973
49.8582799158
49.4742000217
48.6600827244
47.9829214688
48.3628126779
47.4863304892
49.7426022052
47.6462683829
46.2723911431
46.2220468844
45.9535964293
45.6139579247
44.810660848
44.2084239277
43.9383628283
43.6476411398
44.2037131307
43.9170414001
43.8429396323
42.6960835845
42.6279548178
41.7282798627
41.3785478818
41.6304916327
41.3142322002
41.0878828335
41.5740084234
39.3250100003
39.4324650523
39.2620859822
39.6830954047
38.8352310862
39.463966658
39.1157738077
38.8618376437
38.2152931835
37.8682592209
37.4808583447
39.8575585321
37.7445623817
36.9525239259
37.6418293258
36.821302053
38.4893477366
36.7094645616
36.2800210646
35.9281676459
35.4666471449
35.6933651058
35.2267358471
35.8860314111
35.0227563562
35.6281995725
37.3769448614
34.5058102769
34.3674278258
34.0210515573
33.7822954606
33.7496170965
33.1523679657
36.9567712983
34.8909929141
34.0953403707
33.3401691938
36.6580780614
33.4249015219
32.6246149925
32.9334421569
32.5253596575
32.8314554388
32.0985490368
31.6572630749
31.580747743
31.7831496933
32.7000605107
30.8647340716
31.180139106
32.1868403877
30.064150107
29.8512459186
29.7950546276
30.9255845729
29.5299861938
29.2104936188
29.6293010458
29.0371624541
29.2256648175
29.0224646565
29.1423373677
29.1169905252
29.699452287
31.1592634261
29.0369588252
28.4364905494
28.2768886072
28.9098403699
29.2506782048
28.2654897147
28.1897757487
29.0011473996
28.3598523046
29.0675692718
27.2673327521
26.9194339691
27.3493382125
28.9888108153
27.086399906
27.0661729894
26.4725720359
26.0934700402
25.9175743236
26.9698772706
26.8485787613
26.6535383806
27.7387536308
26.593651857
26.269737094
26.5357991797
27.2380105091
26.6719986763
26.6919413956
25.9456321151
25.9780281175
26.4126721603
26.6199733447
26.3881617562
26.0459431012
25.7032938153
26.0088383377
25.1925257968
27.1111577694
25.005305276
24.70406638
25.6224383055
24.5347389385
24.9322221875
24.7253640618
24.4198572416
24.1711885468
23.8227879701
24.7594712261
25.7416054696
24.966984753
24.8304690228
24.1575994849
23.8833382763
23.8054336651
24.4722103397
22.8927203211
22.5987311095
23.4791746377
22.1183094307
22.1710108277
21.8866721993
21.5647663602
22.1527629611
21.9766702713
22.0790946618
21.8436558395
22.5299963088
21.5220991793
22.4438902063
22.375420898
21.7602866042
21.3824762676
20.9304840608
21.4561355086
21.3899884359
21.0837413536
20.8111587013
22.285962047
20.6455059557
20.5983696658
21.7019782658
21.1780306949
21.037624497
20.6562745912
20.5845747522
20.1845360058
20.9048067806
20.0950386799
20.4386606465
20.6922651839
19.964623732
19.9705532895
19.9858689435
20.0972514528
20.0798041526
19.8946304041
20.1029822709
20.0769279602
19.4685041908
19.3914429107
19.0926226325
19.1635352449
18.9328305424
20.3743697476
18.9871585257
19.2399148032
19.4060495854
18.7933853117
19.0370914617
19.2715526311
18.4922624828
17.9157728603
17.5785929873
18.4107934594
19.2236218291
17.4906392107
17.7495745486
18.1750346754
17.4702444017
17.8492778595
17.9885664011
16.6410796834
16.9500286998
17.3092257848
17.2507216203
16.8124786815
16.9724046178
16.3343018513
17.0287186539
15.878400463
15.850908893
15.934005491
16.3503724345
16.3797887321
17.2248612634
16.7274954668
16.7491241624
16.4306401536
16.550478624
16.6784143029
16.7990784216
16.9029744698
16.5563347786
16.2092035681
16.5946876219
16.7786843481
16.4546943379
16.0602168917
16.0049584712
15.8973336191
15.8573490439
15.436988883
15.0180238666
14.4835403532
14.1552208303
14.6552363221
15.2326278538
15.3066741782
15.1373590624
14.359989292
14.1676841148
14.1397167145
14.5145747876
14.5209280303
14.8610899432
15.2847325499
15.380273086
16.8950904866
13.5517933651
12.7524253878
13.5959182897
13.5386736842
12.6153933969
13.2693357142
13.6016281417
13.2898680705
13.1691531501
13.2100868663
12.8685068459
12.794041831
12.416194148
12.7335538311
12.9513368681
13.3297854563
13.5620887689
13.0509780893
12.7571922071
12.6856909568
12.6466519149
13.0720258929
13.1531648153
12.3781884833
12.4138308538
12.6761886569
12.5271643532
12.9449179904
12.6068979075
12.2667496165
12.3250770501
13.0050418807
13.9989478171
12.7564397952
12.5059088287
12.248682639
13.2200642951
11.9839631721
11.5357863362
11.3291909373
11.8285061884
11.4810149654
11.5892286906
10.8653051234
11.8907733376
11.2244166858
10.8586078917
11.4033042622
11.3148444065
11.167652923
10.9298415424
11.6156199868
11.4889507906
13.0586274533
11.8406111378
11.5043842998
11.1028389185
11.0853464639
10.8902752184
10.696372477
11.6558243093
10.7649776398
10.9419247289
10.9480253211
10.6032659272
10.2586548927
9.74096548353
10.2677868488
10.1385626767
11.4071801015
9.76618210297
9.94910742291
10.0154740701
9.99909595827
9.91228209334
9.91012823942
9.86463382109
9.72203889798
9.68185270487
9.53080731554
9.9918958085
9.75570548229
9.09217923681
9.25069610572
9.28803205429
8.91769584278
8.7814670243
8.80029158052
8.73282886954
8.48131282083
10.1563171577
9.08925785076
8.8854297998
8.91554669368
8.92501128344
8.72967904506
8.28074055376
8.44200559624
8.94282297815
9.24233524438
8.33730124995
8.53668824311
8.87239115593
9.01280226543
9.57337392859
9.55468768412
9.76173971507
9.83688276385
9.56804577426
10.0065734249
8.72134525042
8.97724128218
9.38041907801
8.90092508859
8.09099979679
8.60615324591
8.83980152442
10.4276008179
8.97706775907
8.91003041144
9.27586029108
9.36385675388
9.41835182078
9.74255756915
10.7281686136
9.91864902068
9.63396512986
9.55414416671
9.71803310899
8.83152275012
8.54773786648
8.66538806176
8.89322391198
8.6374633915
8.18697126276
8.11775531187
7.88687803304
8.01237727111
10.7281511568
9.27683220507
8.47755843734
8.49188092127
8.81994764532
8.19502288212
9.20091927264
8.28191064994
8.64145006689
8.18501584373
9.83588827226
9.04964809284
9.00695013967
8.7543020545
8.92321050952
9.38181374885
9.41934865978
9.26429694571
8.56692057268
8.73822585835
8.95702891364
8.89507468535
8.54625553634
8.12079300185
8.36358044205
8.15086067881
8.30621221254
9.98346716988
8.18717223733
7.99475578108
7.6431566944
7.50567062116
7.62416591332
7.11605916699
7.2976224059
7.29235106963
7.68592416749
7.73681885963
7.48674276474
8.01508987954
7.95662783116
7.90449476873
8.13796442111
7.85438528591
7.57688495242
7.22371692916
7.28174516679
7.9303243783
7.67548641564
8.31169941554
7.91605179771
8.14747972072
7.34427862382
6.51151670696
7.12571037309
7.32062567189
7.21466930534
7.68634285721
8.60094320541
6.78585326636
6.7845176798
6.7849313335
6.82555089437
6.71664673384
7.08787122313
7.80351862128
7.08456357731
7.41083332501
7.10981598773
6.56120941951
6.9135262096
7.09062368347
6.81536964613
6.96231809692
6.76494027178
6.87644110628
6.35881139621
6.51521117156
6.98935723871
6.10619915636
5.98965815288
6.17744298299
6.38988900769
6.88859039078
7.90504930149
7.26383905909
7.97480247524
7.18777576361
7.5368070339
7.50199015161
7.73290229153
7.89157941749
7.14991298763
7.4054626451
7.01172114837
7.10556137004
7.11068907336
6.94723638928
7.27923417576
7.32896924415
6.98236927793
6.93157054153
6.78914467956
7.04253314945
6.99744506339
6.76799621569
7.68635568461
8.37344201482
8.44709194636
8.3547686419
8.1973102897
8.0435223482
9.02663220023
8.00898764315
8.06436509436
7.7874268743
7.5589951147
7.38000987461
9.3116089932
7.51697601496
7.69513907622
8.87502772998
8.04282397428
8.0039117577
8.61310549729
8.53433913651
8.19399729005
7.8230594344
7.81926440498
8.79619338198
8.33633447957
8.0484744806
7.83408876423
7.88148763153
7.63036043752
7.39954163651
7.49716641953
8.03450711351
8.00795437628
