#diff_E diff_E1_nin diff_E2_nin
0 -0.391219363855 0.741084526362
1 -0.38989002849 0.733755956336
2 -0.388521382355 0.726540052094
3 -0.376302189687 0.719447542335
4 -0.375057233966 0.712462661156
5 -0.373775413952 0.705582923466
6 -0.372459807396 0.698805941457
7 -0.371113259061 0.69212941927
8 -0.369738400163 0.685551148029
9 -0.368337665995 0.679069001221
10 -0.366913311906 0.672680930385
11 -0.36546742783 0.666384961092
12 -0.364001951494 0.66017918918
13 -0.310278152143 0.654010916848
14 -0.309559963017 0.647930206079
15 -0.308807428323 0.6419352963
16 -0.308022785416 0.636024487064
17 -0.30720812589 0.630196135145
18 -0.306365406255 0.62444865182
19 -0.30549645774 0.618780500308
20 -0.304602995294 0.613190193368
21 -0.303686625854 0.607676291036
22 -0.302748855959 0.602237398496
23 -0.301791098759 0.596872164068
24 -0.300814680471 0.591579277319
25 -0.299820846342 0.586357467269
26 -0.298810766152 0.581205500705
27 -0.274983106904 0.576108870926
28 -0.274252719181 0.571080329239
29 -0.273502716771 0.566118725283
30 -0.255322039528 0.561184849128
31 -0.254741984464 0.556316475297
32 -0.254140575394 0.551512523661
33 -0.253518944808 0.546771944038
34 -0.252878164374 0.542093715003
35 -0.252219248683 0.537476842751
36 -0.251543158725 0.532920360022
37 -0.268473523087 0.528381634911
38 -0.237098099582 0.523863783633
39 -0.236562781339 0.519405289399
40 -0.2360110947 0.515005251009
41 -0.235443817717 0.510662790092
42 -0.234861690276 0.506377050263
43 -0.205140136217 0.502127429819
44 -0.204899906909 0.497933699195
45 -0.204640255101 0.493795033999
46 -0.204361970419 0.489710629776
47 -0.204065806666 0.485679701304
48 -0.203752483767 0.481701481903
49 -0.203422689599 0.477775222796
50 -0.203077081709 0.473900192477
51 -0.20271628892 0.470075676121
52 -0.202340912848 0.466300975013
53 -0.201951529323 0.462575405997
54 -0.201548689729 0.458898300958
55 -0.201132922259 0.455269006316
56 -0.200704733102 0.451686882546
57 -0.20026460756 0.448151303711
58 -0.199813011096 0.444661657026
59 -0.199350390324 0.441217342422
60 -0.198877173948 0.437817772144
61 -0.198393773636 0.43446237035
62 -0.197900584858 0.431150572738
63 -0.197397987665 0.427881826176
64 -0.196886347435 0.424655588356
65 -0.19636601557 0.421471327449
66 -0.195837330158 0.41832852179
67 -0.195300616601 0.415226659552
68 -0.194756188205 0.412165238454
69 -0.19420434674 0.409143765466
70 -0.161953848432 0.406151533293
71 -0.161764172018 0.403198703828
72 -0.161562493627 0.400284797272
73 -0.161349181699 0.397409342346
74 -0.161124592409 0.394571876032
75 -0.160889070195 0.391771943328
76 -0.160642948253 0.389009097013
77 -0.160386549011 0.386282897413
78 -0.113352788793 0.383600452318
79 -0.0729328881256 0.380889223547
80 -0.0736995187354 0.378215421409
81 -0.0744416834762 0.375578589253
82 -0.075159952401 0.372978277925
83 -0.0758548793303 0.370414045542
84 -0.0765270024638 0.367885457285
85 -0.0771768449639 0.365392085187
86 -0.0778049155124 0.362933507939
87 -0.0784117088421 0.360509310694
88 -0.0789977062445 0.358119084884
89 -0.079563376055 0.355762428042
90 -0.080109174116 0.353438943625
91 -0.0806355442205 0.351148240849
92 -0.081142918535 0.348889934531
93 -0.0816317180055 0.346663644925
94 -0.0821023527444 0.344468997578
95 -0.0825552224021 0.342305623183
96 -0.0829907165219 0.340173157437
97 -0.0834092148802 0.338071240903
98 -0.0838110878122 0.335999518885
99 -0.0841966965246 0.333957641295
100 -0.0845663933938 0.331945262534
101 -0.0849205222539 0.329962041372
102 -0.0852594186711 0.328007640835
103 -0.0855834102075 0.326081728094
104 -0.120784299919 0.324182479773
105 -0.120707720187 0.322310497955
106 -0.120622017125 0.320465478834
107 -0.120527407369 0.318647122073
108 -0.120424102574 0.316855130715
109 -0.120312309567 0.315089211096
110 -0.120192230492 0.313349072773
111 -0.120064062944 0.311634428435
112 -0.119928000108 0.309944993837
113 -0.119784230881 0.308280487723
114 -0.11963294 0.306640631758
115 -0.119474308156 0.305025150458
116 -0.119308512111 0.303433771128
117 -0.119135724808 0.301866223799
118 -0.118956115471 0.300322241166
119 -0.118769849717 0.298801558531
120 -0.118577089644 0.297303913751
121 -0.11837799393 0.295829047176
122 -0.118172717926 0.294376701609
123 -0.11796141374 0.292946622246
124 -0.117744230324 0.291538556634
125 -0.117521313555 0.290152254628
126 -0.117292806315 0.288787468342
127 -0.148871224374 0.287503743085
128 -0.148280388 0.286240740871
129 -0.147688703272 0.284998216592
130 -0.147096239335 0.283775927227
131 -0.146503063837 0.282573631814
132 -0.145909242968 0.28139109142
133 -0.145314841494 0.280228069117
134 -0.144719922788 0.279084329958
135 -0.144124548867 0.277959640953
136 -0.143528780421 0.276853771043
137 -0.142932676845 0.275766491088
138 -0.142336296267 0.274697573837
139 -0.141739695577 0.273646793919
140 -0.141142930454 0.272613927819
141 -0.140546055396 0.271598753864
142 -0.139949123741 0.27060105221
143 -0.139352187697 0.269620604824
144 -0.138755298363 0.26865719547
145 -0.138158505753 0.267710609702
146 -0.137561858821 0.266780634848
147 -0.178503633604 0.265820408286
148 -0.177447140733 0.264877285706
149 -0.176396648941 0.263951049471
150 -0.175352117907 0.263041483723
151 -0.174313508015 0.262148374361
152 -0.173280780328 0.261271509042
153 -0.172253896568 0.260410677169
154 -0.171232819093 0.259565669884
155 -0.170217510874 0.258736280062
156 -0.169207935477 0.257922302303
157 -0.168204057042 0.25712353293
158 -0.167205840264 0.256339769982
159 -0.166213250374 0.255570813209
160 -0.165226253123 0.25481646407
161 -0.164244814763 0.254076525726
162 -0.163268902032 0.253350803041
163 -0.162298482137 0.252639102575
164 -0.16133352274 0.251941232585
165 -0.16037399194 0.251257003019
166 -0.159419858264 0.250586225516
167 -0.158471090646 0.249928713404
168 -0.157527658422 0.249284281698
169 -0.15658953131 0.248652747097
170 -0.155656679402 0.248033927984
171 -0.121680032309 0.247415318594
172 -0.121088359484 0.246809149207
173 -0.120498256592 0.246215239646
174 -0.119909739683 0.245633411542
175 -0.119322824472 0.245063488328
176 -0.118737526343 0.24450529524
177 -0.118153860347 0.243958659306
178 -0.117571841211 0.243423409346
179 -0.116991483333 0.242899375965
180 -0.116412800786 0.24238639155
181 -0.115835807324 0.241884290265
182 -0.115260516381 0.241392908046
183 -0.114686941074 0.240912082593
184 -0.114115094205 0.240441653372
185 -0.113544988265 0.239981461604
186 -0.112976635435 0.239531350259
187 -0.112410047589 0.239091164056
188 -0.111845236297 0.238660749451
189 -0.111282212829 0.238239954636
190 -0.110720988154 0.237828629529
191 -0.110161572946 0.237426625771
192 -0.109603977585 0.237033796716
193 -0.10904821216 0.236649997427
194 -0.108494286474 0.23627508467
195 -0.107942210044 0.235908916901
196 -0.107391992104 0.235551354266
197 -0.106843641609 0.235202258588
198 -0.10629716724 0.234861493362
199 -0.105752577401 0.234528923745
200 -0.105209880227 0.23420441655
201 -0.104669083585 0.233887840234
202 -0.104130195079 0.233579064894
203 -0.103593222048 0.233277962253
204 -0.103058171574 0.232984405655
205 -0.102525050483 0.232698270053
206 -0.101993865348 0.232419432
207 -0.101464622491 0.23214776964
208 -0.100937327988 0.231883162697
209 -0.10041198767 0.231625492464
210 -0.0998886071277 0.231374641796
211 -0.0993671917127 0.231130495096
212 -0.0988477465418 0.230892938305
213 -0.0983302764991 0.230661858891
214 -0.0978147862396 0.230437145839
215 -0.0973012801916 0.230218689638
216 -0.0967897625599 0.230006382271
217 -0.0962802373287 0.229800117203
218 -0.0957727082644 0.229599789367
219 -0.0952671789184 0.229405295157
220 -0.0947636526305 0.229216532409
221 -0.094262132531 0.229033400396
222 -0.0937626215443 0.22885579981
223 -0.0932651223913 0.228683632753
224 -0.0927696375924 0.228516802724
225 -0.0922761694703 0.228355214604
226 -0.0917847201528 0.228198774646
227 -0.0912952915755 0.228047390459
228 -0.0908078854849 0.227900971
229 -0.0903225034408 0.227759426556
230 -0.0898391468192 0.227622668732
231 -0.0893578168152 0.227490610442
232 -0.0888785144453 0.22736316589
233 -0.0884012405505 0.22724025056
234 -0.0879259957988 0.227121781201
235 -0.0874527806879 0.227007675816
236 -0.0869815955477 0.226897853646
237 -0.0865124405433 0.22679223516
238 -0.0860453156771 0.226690742036
239 -0.0855802207918 0.226593297153
240 -0.0851171555727 0.226499824576
241 -0.0846561195504 0.226410249541
242 -0.0841971121033 0.226324498442
243 -0.0837401324601 0.22624249882
244 -0.083285179702 0.226164179346
245 -0.0828322527658 0.22608946981
246 -0.0823813504457 0.226018301108
247 -0.081932471396 0.225950605224
248 -0.0814856141336 0.225886315224
249 -0.0810407770402 0.225825365238
250 -0.0805979583646 0.225767690447
251 -0.0801571562252 0.22571322707
252 -0.0797183686123 0.225661912353
253 -0.0792815933903 0.225613684553
254 -0.0788468283 0.225568482928
255 -0.0784140709609 0.225526247719
256 -0.0779833188731 0.225486920144
257 -0.0775545694202 0.225450442379
258 -0.0771278198706 0.22541675755
259 -0.0767030673805 0.225385809715
260 -0.0762803089954 0.225357543858
261 -0.0758595416525 0.22533190587
262 -0.0754407621826 0.225308842543
263 -0.0750239673125 0.22528830155
264 -0.0746091536667 0.22527023144
265 -0.0741963177697 0.225254581621
266 -0.0737854560477 0.225241302353
267 -0.0733765648307 0.225230344728
268 -0.0729696403547 0.225221660666
269 -0.0725646787633 0.225215202899
270 -0.0721616761097 0.225210924961
271 -0.0717606283586 0.225208781175
272 -0.0713615313881 0.225208726644
273 -0.104282616066 0.225217575601
274 -0.103559355419 0.225228587181
275 -0.102841447579 0.225241714585
276 -0.102128850119 0.225256911806
277 -0.101421520997 0.225274133621
278 -0.100719418547 0.22529333558
279 -0.100022501477 0.225314473991
280 -0.0993307288653 0.225337505914
281 -0.0986440601538 0.225362389148
282 -0.0979624551459 0.225389082221
283 -0.0972858740011 0.225417544377
284 -0.0966142772316 0.225447735568
285 -0.0959476256977 0.225479616443
286 -0.0952858806042 0.225513148339
287 -0.0946290034964 0.225548293268
288 -0.0939769562561 0.225585013907
289 -0.0933297010981 0.225623273591
290 -0.0926872005664 0.225663036301
291 -0.0920494175304 0.225704266655
292 -0.0914163151816 0.225746929896
293 -0.0907878570296 0.225790991886
294 -0.0901640068993 0.225836419094
295 -0.0895447289267 0.225883178587
296 -0.0889299875563 0.225931238023
297 -0.0883197475372 0.225980565638
298 -0.0877139739201 0.226031130239
299 -0.0871126320541 0.226082901197
