#diff_E diff_E1_nin diff_E2_nin
0 -0.167805601243 0.706983773693
1 -0.16757506911 0.703735896466
2 -0.16733980179 0.70051010073
3 -0.16709997489 0.697306170927
4 -0.166855757903 0.694123895002
5 -0.166607314444 0.690963064323
6 -0.166354802475 0.687823473601
7 -0.166098374517 0.684704920813
8 -0.16583817786 0.681607207131
9 -0.165574354756 0.678530136843
10 -0.165307042611 0.675473517287
11 -0.16503637416 0.672437158784
12 -0.164762477648 0.669420874567
13 -0.164485476988 0.66642448072
14 -0.164205491927 0.663447796117
15 -0.163922638194 0.660490642356
16 -0.163637027648 0.657552843705
17 -0.163348768417 0.654634227042
18 -0.163057965037 0.651734621799
19 -0.162764718575 0.648853859911
20 -0.162469126758 0.645991775759
21 -0.162171284091 0.64314820612
22 -0.161871281968 0.64032299012
23 -0.16156920879 0.637515969181
24 -0.161265150061 0.634726986978
25 -0.160959188496 0.631955889388
26 -0.160651404117 0.629202524451
27 -0.160341874346 0.626466742322
28 -0.160030674096 0.623748395229
29 -0.159717875858 0.621047337435
30 -0.159403549781 0.618363425194
31 -0.159087763759 0.615696516712
32 -0.158770583501 0.613046472112
33 -0.158452072612 0.610413153393
34 -0.158132292659 0.607796424396
35 -0.157811303241 0.605196150767
36 -0.157489162059 0.602612199923
37 -0.157165924975 0.60004444102
38 -0.156841646078 0.597492744917
39 -0.15651637774 0.594956984146
40 -0.156190170673 0.592437032881
41 -0.155863073985 0.589932766904
42 -0.155535135237 0.587444063581
43 -0.155206400485 0.584970801829
44 -0.154876914337 0.582512862088
45 -0.154546719999 0.580070126293
46 -0.154215859318 0.577642477849
47 -0.153884372829 0.575229801602
48 -0.153552299797 0.572831983815
49 -0.153219678257 0.570448912143
50 -0.152886545054 0.568080475605
51 -0.152552935883 0.565726564566
52 -0.152218885325 0.563387070706
53 -0.151884426881 0.561061887003
54 -0.151549593009 0.558750907709
55 -0.151214415156 0.556454028326
56 -0.15087892379 0.554171145587
57 -0.150543148432 0.551902157433
58 -0.150207117684 0.549646962993
59 -0.14987085926 0.547405462567
60 -0.149534400013 0.5451775576
61 -0.149197765964 0.542963150668
62 -0.148860982323 0.540762145458
63 -0.14852407352 0.538574446748
64 -0.148187063226 0.536399960391
65 -0.147849974379 0.534238593296
66 -0.147512829202 0.532090253412
67 -0.147175649233 0.529954849709
68 -0.146838455339 0.527832292163
69 -0.146501267738 0.525722491739
70 -0.146164106024 0.523625360378
71 -0.145826989181 0.521540810975
72 -0.145489935601 0.519468757373
73 -0.145152963108 0.517409114337
74 -0.14481608897 0.515361797551
75 -0.144479329917 0.513326723593
76 -0.14414270216 0.511303809929
77 -0.143806221403 0.509292974896
78 -0.143469902862 0.507294137688
79 -0.143133761278 0.505307218341
80 -0.142797810928 0.503332137728
81 -0.142462065648 0.501368817536
82 -0.142126538837 0.49941718026
83 -0.141791243475 0.497477149189
84 -0.141456192135 0.495548648395
85 -0.141121396993 0.493631602718
86 -0.140786869844 0.491725937761
87 -0.140452622111 0.489831579869
88 -0.140118664853 0.487948456128
89 -0.139785008784 0.486076494347
90 -0.139451664274 0.484215623051
91 -0.139118641367 0.48236577147
92 -0.138785949785 0.480526869526
93 -0.138453598941 0.478698847826
94 -0.138121597948 0.476881637653
95 -0.137789955625 0.475075170951
96 -0.13745868051 0.47327938032
97 -0.137127780864 0.471494199007
98 -0.136797264683 0.469719560894
99 -0.136467139703 0.467955400488
100 -0.13613741341 0.466201652919
101 -0.135808093045 0.464458253921
102 -0.135479185613 0.462725139834
103 -0.135150697889 0.461002247587
104 -0.134822636426 0.459289514695
105 -0.134495007559 0.457586879248
106 -0.134167817416 0.455894279905
107 -0.133841071919 0.454211655885
108 -0.133514776793 0.452538946959
109 -0.133188937569 0.450876093444
110 -0.132863559596 0.449223036193
111 -0.132538648039 0.44757971659
112 -0.132214207887 0.445946076543
113 -0.131890243962 0.444322058473
114 -0.131566760916 0.442707605313
115 -0.131243763245 0.441102660496
116 -0.130921255285 0.439507167952
117 -0.130599241224 0.437921072097
118 -0.130277725103 0.436344317833
119 -0.129956710817 0.434776850533
120 -0.129636202127 0.433218616044
121 -0.129316202656 0.431669560673
122 -0.1289967159 0.430129631185
123 -0.128677745226 0.428598774798
124 -0.128359293879 0.427076939173
125 -0.128041364984 0.42556407241
126 -0.127723961552 0.424060123044
127 -0.12740708648 0.422565040039
128 -0.127090742556 0.421078772779
129 -0.126774932464 0.419601271067
130 -0.126459658781 0.418132485116
131 -0.12614492399 0.416672365547
132 -0.125830730472 0.415220863381
133 -0.125517080517 0.413777930036
134 -0.125203976322 0.41234351732
135 -0.124891419997 0.410917577428
136 -0.124579413565 0.409500062935
137 -0.124267958965 0.408090926793
138 -0.123957058058 0.406690122326
139 -0.123646712621 0.405297603224
140 -0.123336924361 0.40391332354
141 -0.123027694905 0.402537237684
142 -0.122719025813 0.40116930042
143 -0.122410918572 0.399809466861
144 -0.122103374602 0.398457692463
145 -0.121796395259 0.397113933025
146 -0.121489981834 0.39577814468
147 -0.121184135554 0.394450283892
148 -0.12087885759 0.393130307456
149 -0.120574149051 0.391818172489
150 -0.120270010993 0.390513836427
151 -0.119966444414 0.389217257022
152 -0.11966345026 0.387928392341
153 -0.119361029425 0.386647200756
154 -0.119059182754 0.385373640945
155 -0.118757911043 0.384107671887
156 -0.118457215039 0.382849252856
157 -0.118157095444 0.381598343422
158 -0.117857552919 0.380354903446
159 -0.117558588076 0.379118893072
160 -0.117260201489 0.37789027273
161 -0.116962393692 0.376669003129
162 -0.116665165177 0.375455045253
163 -0.116368516399 0.374248360362
164 -0.116072447777 0.373048909984
165 -0.115776959692 0.371856655913
166 -0.115482052493 0.370671560208
167 -0.115187726492 0.369493585189
168 -0.114893981971 0.36832269343
169 -0.114600819179 0.367158847763
170 -0.114308238334 0.366002011269
171 -0.114016239625 0.364852147279
172 -0.113724823211 0.363709219368
173 -0.113433989223 0.362573191354
174 -0.113143737766 0.361444027295
175 -0.112854068918 0.360321691485
176 -0.11256498273 0.359206148455
177 -0.112276479231 0.358097362965
178 -0.111988558423 0.356995300004
179 -0.111701220288 0.355899924787
180 -0.111414464781 0.354811202754
181 -0.111128291839 0.353729099565
182 -0.110842701377 0.352653581098
183 -0.110557693288 0.351584613448
184 -0.110273267446 0.350522162924
185 -0.109989423705 0.349466196044
186 -0.109706161902 0.348416679536
187 -0.109423481854 0.347373580335
188 -0.109141383362 0.346336865577
189 -0.108859866209 0.345306502604
190 -0.108578930161 0.344282458954
191 -0.108298574969 0.343264702363
192 -0.108018800368 0.342253200763
193 -0.10773960608 0.341247922277
194 -0.107460991809 0.340248835219
195 -0.107182957247 0.339255908093
196 -0.106905502073 0.338269109588
197 -0.106628625951 0.337288408578
198 -0.106352328534 0.336313774117
199 -0.106076609461 0.335345175443
200 -0.10580146836 0.334382581968
201 -0.105526904849 0.333425963284
202 -0.105252918531 0.332475289156
203 -0.104979509001 0.33153052952
204 -0.104706675843 0.330591654484
205 -0.10443441863 0.329658634326
206 -0.104162736926 0.328731439487
207 -0.103891630286 0.327810040577
208 -0.103621098254 0.326894408367
209 -0.103351140366 0.32598451379
210 -0.103081756151 0.325080327939
211 -0.102812945126 0.324181822065
212 -0.102544706803 0.323288967575
213 -0.102277040685 0.322401736032
214 -0.102009946268 0.321520099149
215 -0.101743423041 0.320644028795
216 -0.101477470483 0.319773496984
217 -0.101212088071 0.318908475882
218 -0.100947275271 0.318048937799
219 -0.100683031545 0.317194855193
220 -0.100419356348 0.316346200663
221 -0.10015624913 0.315502946952
222 -0.0998937093331 0.314665066942
223 -0.099631736396 0.313832533657
224 -0.0993703297509 0.313005320255
225 -0.0991094888248 0.312183400033
226 -0.0988492130398 0.311366746423
227 -0.0985895018133 0.31055533299
228 -0.0983303545574 0.309749133431
229 -0.0980717706802 0.308948121575
230 -0.097813749585 0.308152271379
231 -0.0975562906711 0.307361556931
232 -0.0972993933333 0.306575952442
233 -0.0970430569627 0.305795432254
234 -0.0967872809465 0.30501997083
235 -0.096532064668 0.304249542756
236 -0.0962774075069 0.303484122743
237 -0.0960233088396 0.30272368562
238 -0.0957697680389 0.301968206339
239 -0.0955167844745 0.301217659967
240 -0.0952643575127 0.300472021692
241 -0.0950124865169 0.299731266815
242 -0.0947611708477 0.298995370756
243 -0.0945104098624 0.298264309046
244 -0.094260202916 0.29753805733
245 -0.0940105493606 0.296816591368
246 -0.0937614485456 0.296099887026
247 -0.093512899818 0.295387920285
248 -0.0932649025225 0.294680667231
249 -0.0930174560012 0.29397810406
250 -0.0927705595943 0.293280207076
251 -0.0925242126393 0.292586952686
252 -0.0922784144719 0.291898317407
253 -0.0920331644258 0.291214277855
254 -0.0917884618325 0.290534810752
255 -0.0915443060216 0.289859892924
256 -0.0913006963209 0.289189501295
257 -0.0910576320564 0.288523612892
258 -0.0908151125522 0.287862204842
259 -0.0905731371309 0.287205254369
260 -0.0903317051133 0.286552738797
261 -0.0900908158185 0.285904635546
262 -0.0898504685644 0.285260922135
263 -0.089610662667 0.284621576175
264 -0.0893713974411 0.283986575376
265 -0.0891326721999 0.283355897538
266 -0.0888944862554 0.282729520558
267 -0.0886568389181 0.282107422425
268 -0.0884197294972 0.281489581218
269 -0.0881831573007 0.280875975109
270 -0.0879471216354 0.28026658236
271 -0.0877116218069 0.279661381324
272 -0.0874766571194 0.279060350442
273 -0.0872422268763 0.278463468243
274 -0.0870083303797 0.277870713346
275 -0.0867749669306 0.277282064456
276 -0.0865421358291 0.276697500364
277 -0.0863098363741 0.276116999948
278 -0.0860780678636 0.275540542171
279 -0.0858468295945 0.274968106082
280 -0.0856161208629 0.274399670811
281 -0.0853859409639 0.273835215576
282 -0.0851562891918 0.273274719675
283 -0.0849271648396 0.272718162489
284 -0.0846985672 0.272165523482
285 -0.0844704955643 0.2716167822
286 -0.0842429492234 0.271071918267
287 -0.0840159274672 0.27053091139
288 -0.0837894295846 0.269993741355
289 -0.0835634548639 0.269460388029
290 -0.0833380025928 0.268930831355
291 -0.0831130720578 0.268405051357
292 -0.082888662545 0.267883028136
293 -0.0826647733395 0.26736474187
294 -0.082441403726 0.266850172816
295 -0.0822185529881 0.266339301306
296 -0.081996220409 0.265832107749
297 -0.081774405271 0.265328572629
298 -0.0815531068557 0.264828676506
299 -0.0813323244442 0.264332400015
300 -0.0811120573168 0.263839723867
301 -0.0808923047531 0.263350628845
302 -0.0806730660322 0.262865095806
303 -0.0804543404323 0.262383105683
304 -0.0802361272311 0.261904639479
305 -0.0800184257058 0.261429678271
306 -0.0798012351327 0.260958203211
307 -0.0795845547875 0.260490195518
308 -0.0793683839456 0.260025636487
309 -0.0791527218815 0.259564507482
310 -0.078937567869 0.259106789941
311 -0.0787229211815 0.258652465369
312 -0.0785087810917 0.258201515344
313 -0.0782951468718 0.257753921514
314 -0.0780820177932 0.257309665597
315 -0.077869393127 0.256868729378
316 -0.0776572721434 0.256431094717
317 -0.0774456541123 0.255996743537
318 -0.0772345383027 0.255565657834
319 -0.0770239239833 0.25513781967
320 -0.076813810422 0.254713211177
321 -0.0766041968864 0.254291814555
322 -0.0763950826432 0.253873612071
323 -0.0761864669587 0.25345858606
324 -0.0759783490987 0.253046718925
325 -0.0757707283282 0.252637993134
326 -0.0755636039119 0.252232391225
327 -0.0753569751138 0.2518298958
328 -0.0751508411972 0.25143048953
329 -0.0749452014251 0.25103415515
330 -0.0747400550598 0.250640875462
331 -0.074535401363 0.250250633334
332 -0.0743312395959 0.249863411701
333 -0.0741275690192 0.249479193562
334 -0.073924388893 0.249097961981
335 -0.0737216984766 0.248719700087
336 -0.0735194970292 0.248344391077
337 -0.0733177838092 0.24797201821
338 -0.0731165580743 0.247602564809
339 -0.0729158190819 0.247236014265
340 -0.0727155660887 0.246872350031
341 -0.072515798351 0.246511555623
342 -0.0723165151244 0.246153614624
343 -0.072117715664 0.245798510679
344 -0.0719193992244 0.245446227498
345 -0.0717215650595 0.245096748854
346 -0.0715242124229 0.244750058582
347 -0.0713273405674 0.244406140583
348 -0.0711309487455 0.244064978821
349 -0.070935036209 0.24372655732
350 -0.0707396022092 0.243390860172
351 -0.0705446459968 0.243057871527
352 -0.0703501668221 0.242727575601
353 -0.0701561639347 0.24239995667
354 -0.0699626365839 0.242074999077
355 -0.0697695840181 0.241752687222
356 -0.0695770054855 0.24143300557
357 -0.0693849002337 0.24111593865
358 -0.0691932675096 0.240801471049
359 -0.0690021065598 0.24048958742
360 -0.0688114166302 0.240180272474
361 -0.0686211969663 0.239873510988
362 -0.0684314468129 0.239569287798
363 -0.0682421654146 0.239267587801
364 -0.068053352015 0.238968395959
365 -0.0678650058577 0.238671697291
366 -0.0676771261854 0.238377476881
367 -0.0674897122406 0.238085719872
368 -0.0673027632649 0.237796411469
369 -0.0671162784998 0.237509536939
370 -0.066930257186 0.237225081609
371 -0.0667446985638 0.236943030866
372 -0.0665596018731 0.23666337016
373 -0.0663749663532 0.236386085
374 -0.0661907912427 0.236111160956
375 -0.0660070757802 0.23583858366
376 -0.0658238192033 0.235568338803
377 -0.0656410207495 0.235300412137
378 -0.0654586796555 0.235034789473
379 -0.0652767951578 0.234771456685
380 -0.0650953664922 0.234510399706
381 -0.0649143928942 0.234251604528
382 -0.0647338735987 0.233995057204
383 -0.0645538078401 0.233740743848
384 -0.0643741948526 0.233488650632
385 -0.0641950338696 0.233238763789
386 -0.0640163241243 0.232991069612
387 -0.0638380648492 0.232745554452
388 -0.0636602552766 0.232502204722
389 -0.0634828946382 0.232261006894
390 -0.0633059821653 0.232021947497
391 -0.0631295170887 0.231785013123
392 -0.062953498639 0.231550190422
393 -0.062777926046 0.231317466101
394 -0.0626027985395 0.231086826929
395 -0.0624281153484 0.230858259733
396 -0.0622538757016 0.230631751401
397 -0.0620800788273 0.230407288876
398 -0.0619067239535 0.230184859163
399 -0.0617338103077 0.229964449325
