#diff_E diff_E1_nin diff_E2_nin
0 0.0369025789918 0.647331862412
1 0.0338606600541 0.641265278936
2 0.0309158733321 0.63528781561
3 0.0280641004371 0.629397546361
4 0.0253014541264 0.623592615362
5 0.0226242625448 0.617871233485
6 0.0200290547213 0.612231674973
7 0.0175125472041 0.60667227433
8 0.0150716317342 0.601191423397
9 0.0127033638641 0.595787568614
10 0.010404952439 0.590459208447
11 0.00817374986568 0.585204890965
12 0.00600724310204 0.580023211562
13 0.00390304530618 0.574912810814
14 0.00185888808961 0.569872372459
15 -0.000127385674991 0.564900621483
16 -0.00205782853693 0.559996322328
17 -0.00393439468277 0.555158277187
18 -0.00575894572106 0.550385324394
19 -0.00753325607051 0.545676336908
20 -0.00925901798277 0.541030220869
21 -0.010937846228 0.536445914238
22 -0.012571282469 0.531922385495
23 -0.0141607993477 0.527458632423
24 -0.0157078043058 0.523053680934
25 -0.0172136431578 0.518706583967
26 -0.0186796034376 0.514416420437
27 -0.0201069175318 0.510182294232
28 -0.0214967656177 0.506003333262
29 -0.022850278418 0.501878688557
30 -0.0241685397871 0.497807533397
31 -0.0254525891387 0.493789062495
32 -0.0267034237277 0.489822491206
33 -0.0279220007945 0.485907054785
34 -0.0291092395834 0.482042007668
35 -0.0302660232407 0.478226622786
36 -0.0313932006034 0.474460190918
37 -0.0324915878838 0.470742020062
38 -0.0335619702576 0.467071434839
39 -0.0346051033618 0.463447775921
40 -0.0356217147084 0.459870399483
41 -0.0366125050181 0.456338676679
42 -0.0375781494813 0.452851993135
43 -0.0385192989485 0.449409748473
44 -0.0394365810564 0.44601135584
45 -0.0403306012929 0.44265624147
46 -0.0412019440044 0.439343844254
47 -0.0420511733499 0.436073615329
48 -0.0428788342043 0.432845017684
49 -0.0436854530141 0.429657525784
50 -0.0444715386088 0.426510625199
51 -0.0452375829698 0.423403812259
52 -0.0459840619606 0.420336593711
53 -0.0467114360183 0.417308486396
54 -0.0474201508117 0.414319016934
55 -0.0481106378652 0.41136772142
56 -0.0487833151516 0.408454145138
57 -0.049438587656 0.40557784227
58 -0.0500768479116 0.402738375632
59 -0.0506984765088 0.399935316411
60 -0.0513038425805 0.397168243906
61 -0.0518933042632 0.394436745289
62 -0.0524672091363 0.391740415368
63 -0.0530258946403 0.389078856353
64 -0.0535696884754 0.386451677643
65 -0.0540989089812 0.383858495605
66 -0.0546138654984 0.38129893337
67 -0.0551148587142 0.378772620634
68 -0.0556021809917 0.376279193463
69 -0.0560761166836 0.373818294103
70 -0.0565369424321 0.371389570802
71 -0.0569849274554 0.368992677629
72 -0.0574203338206 0.36662727431
73 -0.0578434167052 0.364293026056
74 -0.0582544246463 0.361989603404
75 -0.0586535997792 0.359716682066
76 -0.0590411780652 0.357473942772
77 -0.0594173895098 0.355261071127
78 -0.0597824583714 0.353077757468
79 -0.0601366033605 0.350923696726
80 -0.0604800378307 0.348798588295
81 -0.060812969962 0.346702135898
82 -0.0611356029355 0.344634047465
83 -0.0614481351012 0.342594035006
84 -0.0617507601389 0.3405818145
85 -0.0620436672119 0.338597105773
86 -0.0623270411148 0.336639632387
87 -0.0626010624152 0.334709121537
88 -0.0628659075891 0.332805303941
89 -0.0631217491517 0.330927913736
90 -0.0633687557818 0.329076688385
91 -0.063607092442 0.327251368577
92 -0.063836920494 0.325451698133
93 -0.0640583978092 0.323677423917
94 -0.0642716788745 0.32192829575
95 -0.0644769148949 0.32020406632
96 -0.0646742538914 0.318504491102
97 -0.064863840795 0.31682932828
98 -0.0650458175378 0.315178338666
99 -0.0652203231399 0.313551285624
100 -0.0653874937932 0.311947935004
101 -0.0655474629422 0.310368055062
102 -0.0657003613618 0.308811416398
103 -0.0658463172317 0.307277791889
104 -0.0659854562086 0.305766956623
105 -0.0661179014953 0.304278687838
106 -0.0662437739079 0.302812764865
107 -0.0663631919396 0.301368969066
108 -0.066476271823 0.299947083779
109 -0.0665831275899 0.298546894268
110 -0.0666838711287 0.297168187667
111 -0.0667786122403 0.295810752933
112 -0.0668674586915 0.294474380793
113 -0.0669505162667 0.293158863705
114 -0.0670278888181 0.291863995806
115 -0.0670996783136 0.290589572876
116 -0.0671659848836 0.289335392291
117 -0.0672269068659 0.288101252987
118 -0.0672825408491 0.28688695542
119 -0.0673329817146 0.285692301533
120 -0.0673783226772 0.284517094718
121 -0.0674186553242 0.283361139783
122 -0.0674540696537 0.282224242925
123 -0.0674846541107 0.281106211693
124 -0.0675104956233 0.280006854965
125 -0.0675316796365 0.278925982918
126 -0.0675482901458 0.277863407001
127 -0.0675604097292 0.276818939915
128 -0.0675681195785 0.275792395584
129 -0.0675714995296 0.274783589138
130 -0.0675706280914 0.273792336889
131 -0.0675655824747 0.272818456314
132 -0.0675564386194 0.271861766035
133 -0.0675432712212 0.270922085802
134 -0.0675261537574 0.269999236478
135 -0.0675051585123 0.269093040022
136 -0.0674803566012 0.26820331948
137 -0.0674518179943 0.267329898967
138 -0.0674196115394 0.266472603657
139 -0.0673838049845 0.265631259773
140 -0.0673444649994 0.264805694576
141 -0.0673016571964 0.263995736359
142 -0.0672554461512 0.263201214432
143 -0.0672058954224 0.262421959124
144 -0.0671530675712 0.261657801769
145 -0.0670970241799 0.260908574703
146 -0.0670378258704 0.260174111262
147 -0.0669755323216 0.259454245771
148 -0.0669102022874 0.258748813549
149 -0.0668418936129 0.258057650898
150 -0.0667706632514 0.257380595106
151 -0.0666965672797 0.256717484443
152 -0.0666196609145 0.256068158162
153 -0.0665399985269 0.255432456496
154 -0.0664576336576 0.254810220659
155 -0.0663726190312 0.254201292845
156 -0.0662850065703 0.253605516234
157 -0.0661948474092 0.253022734986
158 -0.0661021919074 0.252452794247
159 -0.0660070896626 0.251895540151
160 -0.0659095895234 0.251350819819
161 -0.0658097396019 0.250818481365
162 -0.0657075872857 0.2502983739
163 -0.06560317925 0.249790347529
164 -0.0654965614691 0.249294253361
165 -0.0653877792278 0.248809943508
166 -0.0652768771323 0.248337271092
167 -0.0651638991215 0.247876090245
168 -0.0650488884771 0.247426256118
169 -0.0649318878342 0.24698762488
170 -0.0648129391917 0.246560053725
171 -0.0646920839216 0.246143400876
172 -0.0645693627795 0.245737525588
173 -0.0644448159137 0.245342288155
174 -0.0643184828743 0.24495754991
175 -0.0641904026229 0.244583173233
176 -0.0640606135411 0.244219021553
177 -0.0639291534395 0.243864959353
178 -0.0637960595662 0.243520852176
179 -0.0636613686151 0.243186566623
180 -0.0635251167344 0.242861970365
181 -0.0633873395346 0.24254693214
182 -0.0632480720963 0.24224132176
183 -0.0631073489782 0.241945010115
184 -0.0629652042245 0.241657869174
185 -0.0628216713727 0.241379771989
186 -0.0626767834607 0.241110592699
187 -0.0625305730341 0.240850206534
188 -0.0623830721532 0.240598489813
189 -0.0622343124004 0.240355319951
190 -0.0620843248862 0.240120575461
191 -0.0619331402569 0.239894135951
192 -0.0617807887003 0.239675882133
193 -0.0616272999528 0.23946569582
194 -0.0614727033056 0.239263459929
195 -0.0613170276108 0.239069058481
196 -0.0611603012876 0.238882376602
197 -0.0610025523288 0.238703300526
198 -0.0608438083058 0.238531717593
199 -0.0606840963756 0.23836751625
200 -0.0605234432856 0.238210586049
201 -0.0603618753797 0.238060817651
202 -0.060199418604 0.237918102822
203 -0.0600360985118 0.237782334433
204 -0.0598719402695 0.237653406459
205 -0.0597069686617 0.237531213978
206 -0.0595412080962 0.237415653169
207 -0.0593746826094 0.23730662131
208 -0.0592074158716 0.237204016777
209 -0.0590394311914 0.23710773904
210 -0.0588707515209 0.237017688664
211 -0.0587013994607 0.236933767301
212 -0.0585313972645 0.236855877692
213 -0.0583607668435 0.236783923659
214 -0.0581895297718 0.236717810106
215 -0.0580177072899 0.236657443013
216 -0.0578453203103 0.236602729434
217 -0.0576723894209 0.236553577488
218 -0.05749893489 0.236509896362
219 -0.0573249766706 0.2364715963
220 -0.0571505344041 0.236438588602
221 -0.056975627425 0.236410785618
222 -0.0568002747648 0.236388100742
223 -0.0566244951561 0.23637044841
224 -0.0564483070366 0.236357744089
225 -0.0562717285527 0.236349904278
226 -0.0560947775642 0.236346846496
227 -0.0559174716473 0.236348489281
228 -0.0557398280987 0.236354752179
229 -0.0555618639394 0.236365555742
230 -0.0553835959185 0.236380821521
231 -0.0552050405162 0.236400472057
232 -0.0550262139482 0.236424430877
233 -0.0548471321686 0.236452622484
234 -0.0546678108738 0.236484972354
235 -0.0544882655056 0.236521406925
236 -0.0543085112549 0.236561853594
237 -0.0541285630647 0.236606240706
238 -0.0539484356338 0.236654497549
239 -0.0537681434196 0.236706554345
240 -0.0535877006417 0.236762342242
241 -0.0534071212849 0.23682179331
242 -0.0532264191024 0.23688484053
243 -0.0530456076189 0.236951417784
244 -0.0528647001332 0.237021459855
245 -0.0526837097222 0.23709490241
246 -0.0525026492429 0.237171681997
247 -0.0523215313356 0.237251736038
248 -0.0521403684273 0.237335002817
249 -0.0519591727337 0.237421421475
250 -0.051777956263 0.237510931999
251 -0.0515967308176 0.237603475218
252 -0.0514155079978 0.237698992789
253 -0.0512342992039 0.237797427196
254 -0.0510531156394 0.237898721733
255 -0.0508719683129 0.238002820503
256 -0.0506908680416 0.238109668408
257 -0.0505098254532 0.238219211137
258 -0.0503288509888 0.238331395162
259 -0.0501479549051 0.238446167728
260 -0.0499671472774 0.238563476843
261 -0.0497864380015 0.238683271272
262 -0.0496058367965 0.23880550053
263 -0.0494253532068 0.238930114869
264 -0.0492449966051 0.239057065273
265 -0.049064776194 0.23918630345
266 -0.0488847010089 0.239317781821
267 -0.0487047799198 0.239451453515
268 -0.048525021634 0.239587272358
269 -0.0483454346978 0.239725192867
270 -0.0481660274993 0.23986517024
271 -0.0479868082699 0.240007160351
272 -0.047807785087 0.240151119736
273 -0.0476289658759 0.240297005591
274 -0.0474503584117 0.240444775762
275 -0.0472719703217 0.240594388735
276 -0.047093809087 0.240745803629
277 -0.0469158820451 0.240898980192
278 -0.0467381963912 0.241053878787
279 -0.0465607591808 0.241210460388
280 -0.0463835773312 0.241368686571
281 -0.0462066576235 0.241528519507
282 -0.0460300067046 0.241689921954
283 -0.045853631089 0.241852857249
284 -0.0456775371605 0.242017289302
285 -0.0455017311744 0.242183182587
286 -0.0453262192588 0.242350502133
287 -0.0451510074168 0.242519213522
288 -0.0449761015279 0.242689282875
289 -0.0448015073499 0.24286067685
290 -0.0446272305209 0.243033362634
291 -0.0444532765602 0.243207307932
292 -0.0442796508709 0.243382480964
293 -0.0441063587409 0.243558850458
294 -0.0439334053446 0.243736385641
295 -0.0437607957448 0.243915056231
296 -0.0435885348941 0.244094832436
297 -0.0434166276364 0.24427568494
298 -0.0432450787086 0.244457584902
299 -0.0430738927419 0.244640503946
