#diff_E diff_E1_nin diff_E2_nin
0 0.844577459793 0.638582713811
1 0.797071860982 0.624211870751
2 0.752816715834 0.610346036762
3 0.711494385115 0.596957130207
4 0.67282824441 0.5840196139
5 0.878868002173 0.571383820168
6 0.834381168721 0.559201002076
7 0.602924358541 0.548050515958
8 0.572167104002 0.537257109356
9 0.543082682084 0.526804487705
10 0.515544504753 0.516677536205
11 0.489438930268 0.506862200588
12 0.464663624082 0.497345383039
13 0.441126163835 0.488114850991
14 0.418742846849 0.4791591569
15 0.397437666448 0.470467567423
16 0.377141429751 0.462030000701
17 0.35779099454 0.453836970623
18 0.339328606807 0.445879537164
19 0.321701323774 0.438149261984
20 0.304860509752 0.430638168645
21 0.288761394323 0.42333870685
22 0.27336268402 0.416243720225
23 0.258626220098 0.409346417224
24 0.244516676131 0.402640344782
25 0.231001290134 0.396119364416
26 0.218049626705 0.389777630486
27 0.205633365335 0.38360957039
28 0.193726111595 0.377609866472
29 0.182303228375 0.371773439477
30 0.362266774942 0.366002682208
31 0.345640193997 0.360422379714
32 0.329687921875 0.355026305588
33 0.314376100734 0.349808508022
34 0.29967318481 0.344763290786
35 0.285549736732 0.339885195918
36 0.271978245284 0.335168987952
37 0.258932962019 0.330609639521
38 0.246389754502 0.3262023182
39 0.234325974226 0.321942374474
40 0.222720337523 0.31782533071
41 0.211552818005 0.313846871049
42 0.200804549246 0.310002832128
43 0.190457736593 0.306289194552
44 0.180495577112 0.302702075057
45 0.170902186817 0.299237719295
46 0.161662534414 0.295892495189
47 0.152762380882 0.292662886802
48 0.144188224314 0.289545488692
49 0.135927249475 0.286537000689
50 0.12796728162 0.283634223075
51 0.120296744154 0.280834052125
52 0.112904619759 0.278133475978
53 0.105780414669 0.275529570816
54 0.0989141257889 0.273019497315
55 0.0922962103976 0.270600497355
56 0.0859175581983 0.268269890959
57 0.0797694655035 0.266025073448
58 0.0738436113646 0.263863512784
59 -0.0707468178012 0.261677034173
60 0.0664848851787 0.259670391498
61 0.0610689529666 0.257740232369
62 -0.0824978031782 0.2557703467
63 0.0546557274888 0.253982284149
64 0.0496972541179 0.252264449891
65 0.044918137616 0.250614719594
66 -0.0974558640288 0.248900243431
67 0.0396903839813 0.24737705707
68 0.0353049453835 0.245916349757
69 -0.10625588825 0.244378434853
70 0.0308084077186 0.243033633555
71 0.0267774909714 0.241746108038
72 -0.114045313234 0.240369672362
73 0.0229398464407 0.239188226029
74 0.0192285632418 0.238059242595
75 0.0156534216422 0.23698105442
76 -0.124311580662 0.235792559618
77 0.0126665242206 0.234808556655
78 0.00936702566859 0.233871024484
79 -0.130004873068 0.232813599542
80 0.0068926089006 0.231962099611
81 0.00384205310688 0.231153076173
82 0.000905345504264 0.230385125797
83 -0.137780530373 0.229478406033
84 -0.000891207925542 0.22878667072
85 -0.00361354341282 0.228132430688
86 -0.141819902064 0.227331780996
87 -0.00501173084571 0.226747018918
88 -0.00754034796811 0.22619645535
89 -0.145309189418 0.225492395017
90 -0.00857859326721 0.225005112417
91 -0.01093215453 0.22454899383
92 -0.0131952525877 0.224122946098
93 -0.150463275061 0.223527515476
94 -0.0137369826701 0.223157360876
95 -0.0158502115484 0.222814574458
96 -0.152762237632 0.222297024149
97 -0.0161139586203 0.222005047645
98 -0.0180918670448 0.221737957994
99 -0.0199919158932 0.221494843463
100 -0.156500917886 0.221063138256
101 -0.0198570443585 0.22086482768
102 -0.0216420986352 0.220688290515
103 -0.157860383333 0.220319284489
104 -0.0212945281161 0.220183399378
105 -0.0229759387632 0.220067270738
106 -0.15892838294 0.219755131325
107 -0.0224368260782 0.21967585602
108 -0.0240249084257 0.219614490892
109 -0.0255484695634 0.219570331032
110 -0.161206004624 0.219318564672
111 -0.0247142701328 0.21930683306
112 -0.0261597891419 0.219310675905
113 -0.161599315338 0.21910462428
114 -0.0251820520813 0.219137804886
115 -0.0265575413296 0.219185069316
116 -0.161797624421 0.219020377424
117 -0.0254511904548 0.219094157277
118 -0.0267639388988 0.219180659009
119 -0.163119362782 0.219072257034
120 -0.025574410835 0.219185779441
121 -0.160678717571 0.219073847842
122 -0.159495844105 0.219020285859
123 -0.0219490274798 0.219169261895
124 -0.0232557249154 0.2193285344
125 -0.159659878412 0.219320062002
126 -0.0220531640052 0.219500166859
127 -0.157124824273 0.219439390193
128 -0.156033106323 0.219475944641
129 -0.0184184383926 0.219684290546
130 -0.0197254293121 0.219900997442
131 -0.156196632152 0.219973243741
132 -0.0185216306543 0.220205760913
133 -0.153577767525 0.220184160398
134 -0.152579103775 0.220293426646
135 -0.0148935763199 0.220548403534
136 -0.0162058972369 0.220810191709
137 -0.151194034142 0.220815987513
138 -0.150343656429 0.220959510554
139 -0.147933956605 0.221127249027
140 -0.0102353874126 0.221412517287
141 -0.0116047788827 0.221703727045
142 -0.0129206382743 0.222000486725
143 -0.147914913772 0.222030031864
144 -0.147135981831 0.222224045075
145 -0.0093126381374 0.222536021728
146 -0.146058232166 0.222750304631
147 -0.00823568311716 0.22306936144
148 -0.00956210260929 0.223392962614
149 -0.144572356844 0.223440014267
150 -0.143866621268 0.223674818757
151 -0.00598405752462 0.224010350332
152 -0.00731954231517 0.224349801201
153 -0.228252886059 0.224386538022
154 -0.00404502773371 0.224732706142
155 -0.00538972975759 0.225082385805
156 -0.140344035469 0.225158882843
157 -0.139854382904 0.225422329475
158 -0.00186789406248 0.225780692794
159 -0.00322356701777 0.226142055125
160 -0.138135746027 0.226230559098
161 -0.137764268468 0.226507338826
162 0.000265112689939 0.22687578401
163 -0.00110207296784 0.227246772658
164 -0.138072240842 0.227532827753
165 -7.51853617513e-06 0.227905271179
166 -0.134964585138 0.227997149338
167 -0.134633458291 0.22829720777
168 0.00342517882139 0.228674853124
169 0.00203784392365 0.229054552687
170 -0.132881780977 0.229154860067
171 -0.132659452563 0.229462509476
172 0.00543501548894 0.229846212033
173 -0.131715008407 0.230163985362
174 0.00637085177381 0.230547075272
175 0.00496584153523 0.230931827942
176 -0.13000206856 0.231030585041
177 -0.129805682683 0.23135304866
178 0.00831312218665 0.231740505746
179 -0.179914443073 0.230895504604
180 -0.123255720478 0.231029327014
181 -0.123229500575 0.231383350985
182 0.0147959647832 0.231800634411
183 -0.283679033704 0.230942341628
184 0.0196007415763 0.23138442886
185 -0.115736146049 0.231542751746
186 -0.115859148758 0.231932448962
187 0.022060418812 0.232371677205
188 -0.166123972151 0.231610301976
189 0.0235452125108 0.232075908885
190 -0.198152579022 0.232244139746
191 -0.160266961189 0.231522725138
192 0.0290382682194 0.232010544473
193 -0.106540516668 0.232215572751
194 -0.156801243733 0.231532966203
195 0.0321238786355 0.232043244755
196 -0.189804048752 0.232256664147
197 -0.151517004734 0.231606601914
198 0.0371120078161 0.23213376836
199 -0.0986135010664 0.232386628086
200 -0.148583079401 0.231768279722
201 0.0397271279207 0.232312725456
202 -0.18240495881 0.232561411307
203 -0.143791675779 0.231969594568
204 0.0442771647335 0.232526714642
205 -0.0915733027493 0.232817336364
206 -0.141316295037 0.232251448321
207 0.0464833837664 0.232821712177
208 -0.0917489543822 0.23329131598
209 0.0459291187278 0.233850632761
210 -0.244339881909 0.233137809312
211 -0.0867414245099 0.233625372521
212 0.0508494241712 0.234192386451
213 -0.1363521451 0.233655972942
214 -0.0825919347254 0.233970645937
215 -0.0834458057082 0.234465561786
216 0.054110379566 0.235035956518
217 -0.13313877486 0.234510687161
218 -0.0794353705413 0.234830398696
219 -0.239701652309 0.23425335205
220 0.061248398799 0.234848746166
221 -0.0773495882447 0.235366866291
222 0.0600923301577 0.235948783525
223 0.0576744966881 0.23652576489
224 -0.232694603764 0.23585810403
225 -0.0754825182436 0.236376903398
226 0.0619532819195 0.236957784816
227 -0.125287131551 0.236466718895
228 -0.0719823956747 0.236789519565
229 -0.232182538655 0.236253652743
230 0.0685318564206 0.236855922857
231 -0.0702241969244 0.237391104398
232 0.0671193103615 0.237978679652
233 -0.0693301342216 0.238291550507
234 -0.229765445612 0.237759720079
235 0.0711100339584 0.238351667976
236 0.0684761072176 0.238938337171
237 -0.221965829851 0.238311415431
238 -0.0651620629508 0.23885076059
239 0.072137364459 0.239438494546
240 -0.115150214993 0.238983183201
241 -0.062228434417 0.23931411574
242 -0.0634430669905 0.239850844152
243 -0.110797385403 0.239405492075
244 -0.0602648823068 0.239957871514
245 0.0769505977878 0.240547147211
246 0.0742172270326 0.241131037706
247 -0.216330606423 0.240514340362
248 -0.0596395337162 0.241060273176
249 0.077595079939 0.241644075471
250 -0.109734888254 0.241202008182
251 -0.0570317868879 0.241524333099
252 -0.21730364889 0.241050837509
253 0.0830616247355 0.241650641266
254 0.0802094525861 0.242244664845
255 -0.143156999115 0.242556484944
256 -0.103959701021 0.242131295314
257 0.0825750379434 0.242726541586
258 -0.054230719819 0.243052449748
259 -0.103658572516 0.242637300211
260 0.0827376175303 0.243235907986
261 -0.280536457617 0.242657665281
262 0.0866117106891 0.243260779825
263 0.0837233148929 0.243857678826
264 -0.206460376128 0.243303687251
265 0.0857898253618 0.243907052824
266 -0.211938205852 0.243451836468
267 0.0879508023714 0.244058729694
268 -0.0489456410138 0.244401433962
269 -0.209002338526 0.243954268081
270 0.0908749458516 0.244559451507
271 0.0879082172529 0.245158237385
272 -0.0489274196697 0.245494476644
273 -0.209076684149 0.245038835758
274 -0.0454796663333 0.245580303161
275 0.0916286911535 0.246167711391
276 0.0886574163225 0.246749122955
277 -0.2016694361 0.246193462855
278 -0.0458025935207 0.246725924954
279 0.0913362661868 0.247304007542
280 -0.0958204939173 0.246907426208
281 -0.0437225180806 0.247235578315
282 -0.203970940224 0.246797528099
283 0.0959295514059 0.24738624875
284 0.092876219667 0.247968835619
285 -0.205036790749 0.247530409587
286 0.0948111890729 0.248115560563
287 -0.0422623752803 0.248433123759
288 -0.0438000041546 0.248956697828
289 -0.0908852046482 0.248565330059
290 0.0951194590138 0.24914193557
291 -0.0419071284289 0.249453631667
292 -0.202193333013 0.249013136089
293 0.097740998183 0.24958788825
294 -0.0416960046599 0.250112258972
295 0.095395344632 0.250670820541
296 -0.195146298693 0.250109775132
297 -0.0393129105402 0.250636352425
298 -0.0864859306507 0.250246859681
299 0.0994501691499 0.250813711706
