510.055431193
595.422067287
676.869631282
713.061201147
760.815717715
809.122812162
818.687446216
897.648813559
903.087421434
883.665051882
880.539968102
871.879456348
869.769076265
877.83825232
862.840516558
864.266763304
874.408364378
885.706925014
873.248423534
869.684090793
868.903225834
880.379887122
877.958013152
886.254000541
900.55818617
917.379309211
933.671185179
951.15840121
965.16827523
986.445121741
1008.18599858
1024.6002499
1038.90619257
1055.69595251
1071.6981468
1091.88014452
1106.59646075
1124.20421109
1146.86839756
1159.27592323
1172.11320285
1187.34219504
1211.48064223
1223.15536348
1241.01242715
1265.80853022
1274.8088343
1290.53633501
1305.99129564
1321.56830128
1336.02961456
1347.19777148
1366.91762592
1382.11125405
1399.86907766
1415.5404613
1432.18284168
1444.90789533
1460.78616461
1474.06846702
1490.37843299
1509.8840203
1523.87810196
1539.63379794
1550.94395503
1570.75942342
1581.95779599
1595.08214526
1610.35303863
1630.06660503
1648.38850856
1665.35123426
1680.38070835
1691.49218848
1703.36634365
1717.27546445
1731.20698555
1747.68678682
1763.55900289
1779.63678178
1791.30918612
1806.33098051
1818.04660757
1830.83225561
1842.94338516
1859.86029871
1873.58874738
1884.67177647
1900.81864136
1914.69489557
1929.89240259
1942.46371816
1955.20487085
1974.02184495
1988.13527116
1998.67473286
2015.95613934
2024.40208406
2039.38924243
2049.35506472
2065.43040058
2081.32819067
2094.93145386
2107.228878
2123.68648789
2138.48558136
2150.08169644
2164.44777804
2175.8068333
2187.80577414
2205.02201087
2219.96503714
2230.19438401
2241.31074651
2261.4854439
2273.07122367
2282.61317748
2297.6146503
2315.18569671
2325.73405853
2339.41758381
2349.49677811
2365.72147784
2378.37825607
2389.09056038
2402.94142937
2416.49835378
2432.78835372
2444.43685971
2457.58300292
2470.1949694
2484.10775716
2491.02356798
2503.22995353
2519.19528523
2530.80743253
2544.18076201
2562.71503853
2570.08346596
2584.04556082
2597.03946885
2611.84503505
2622.2784722
2634.0683041
2650.7635286
2664.44073993
2678.01214564
2691.24299205
2703.31292581
2714.7502091
2729.99670769
2738.42120402
2754.5091318
2773.18642104
2780.95615356
2792.11503916
2805.29110799
2817.19526033
2832.79902084
2840.71669087
2852.83268307
2863.784209
2875.36008731
2886.67127125
2902.36434442
2915.24344886
2922.78487749
2934.8947852
2950.74626383
2961.77178215
2974.21295091
2987.05606642
3003.26014692
3017.69135382
3028.81679438
3036.91525927
3053.44007854
3064.97573242
3077.05142067
3089.5465462
3100.8596034
3113.70670026
3128.04193929
3137.43092675
3147.51471977
3159.87591675
3172.51804473
3186.43517311
3198.13399093
3208.29685028
3221.70668862
3232.67204584
3245.16066751
3257.02768056
3268.78723204
3280.95819052
3293.58066867
3308.17031121
3322.54372257
3329.32332288
3344.58628666
3355.34818938
3364.1078021
3378.72989553
3390.12305285
3402.73731014
3412.84740273
3428.73436663
3441.23617279
3448.86561987
3460.92563751
3469.30064176
3486.3117843
3500.08743561
3508.78175858
3521.86581101
3532.42198673
3546.22976816
3559.17733938
3570.55100001
3580.88619526
3592.27135247
3601.35187487
3614.63229477
3628.24250721
3637.63977569
3649.61811042
3661.56518166
3673.87558482
3687.25112994
3698.23580364
3710.31573618
3723.11371833
3730.00038132
3743.06360355
3755.82939098
3767.30565003
3778.10295807
3788.72903852
3801.58302233
3814.49596287
3824.58623967
3837.69808955
3848.08866997
3859.74810647
3869.67328747
3879.45416186
3892.0395909
3903.9142939
3917.18128861
3932.40983838
3943.54889667
3951.44534936
3965.86678597
3978.13553908
3988.38475396
4001.65913907
4013.96159579
4024.64859217
4037.12796725
4046.1305105
4056.46152692
4069.03800789
4078.97438064
4090.20967741
4099.88139879
4111.9366115
4123.62117757
4137.40686678
4148.46288113
4162.85630299
4171.92154132
4182.71553724
4193.95665098
4202.90322647
4215.73038455
4226.69562578
4238.46984152
4251.13226003
4260.4713737
4273.83655615
4284.21230352
4293.92729695
4306.84342009
4318.54830548
4330.22658748
4341.84188735
4350.81833123
4363.18458474
4375.64320562
4384.25526789
4397.20022011
4406.57796996
4414.88344856
4428.0644873
4439.39867721
4454.13454112
4464.63070804
4475.44476674
4487.42071121
4497.34511295
4507.91706631
4518.50186897
4529.34903964
4545.43497841
4554.26263683
4566.39871654
4577.22645802
4589.64627192
4602.18808543
4609.75224472
4620.36576825
4633.07481647
4641.18635936
4656.0938834
4667.77856093
4676.3952225
4687.59320534
4701.84742467
4712.86334743
4720.56930644
4732.03672755
4741.41574839
4753.45703236
4762.73447144
4774.64796998
4789.79231707
4800.44261627
4807.71256475
4823.08575958
4829.6649888
4840.17685964
4851.9023123
4867.48672612
4877.64332686
4886.70419602
4895.05864851
4904.41567221
4917.00890509
4927.49494366
4939.9074515
4950.86727238
4962.86656072
4972.66503589
4978.94601587
4992.97347252
5004.07545764
5015.74324312
5025.2641131
5040.68706214
5052.49954728
5062.86480608
5073.16679839
5081.41614481
5093.7797347
5103.79903044
5114.74030369
5127.14141604
5136.9147773
5147.69951342
5159.47969395
5169.88126148
5178.37065163
5189.39030952
5202.44596613
5216.37730566
5224.3719749
5235.74167336
5244.41085348
5254.63544974
5263.22904728
5274.25174798
5286.83382798
5298.55042189
5310.33845228
5318.7153147
5329.68489871
5340.67561078
5354.76958863
5364.4479607
5376.02501518
5387.00838615
5395.37407598
5406.1684361
5414.69519483
5426.70783899
5435.89470771
5448.75953823
5462.01115438
5471.13860929
5479.45264775
5487.77123745
5502.1981016
5513.5822629
5521.70253458
5535.30419425
5548.78445864
5558.12217347
5568.59693249
5573.51427856
5585.22172562
5595.90723496
5608.58511165
5616.43292008
5629.23250136
5641.07075832
5652.00428494
5662.29627527
5675.77123192
5683.83963257
5693.85993005
5703.99685092
5712.38418311
5724.50572763
5732.28023679
5745.52060297
5756.75178067
5769.94096317
5778.59722803
5788.63735505
5800.71903292
5810.41784198
5823.22787937
5835.92271843
5845.35921921
5851.72608426
5865.65646363
5874.45610091
5885.97397157
5897.02907263
5909.75152727
5917.34019187
5926.05622592
5937.589179
5947.82645405
5956.1989484
5968.00325467
5979.94397108
5990.7260444
6002.05189484
6009.60873539
6019.24389417
6027.98047576
6038.82197934
6050.34721489
6062.05745121
6074.15902611
6085.0399315
6095.50457002
6105.64686243
6114.43043547
6125.70264302
6137.24834644
6145.87794997
6155.07146097
6169.5075481
6177.04406428
6190.71476929
6201.17906373
6212.09650712
6220.61662862
6229.32943543
6239.31747462
6248.10629778
6258.76238836
6267.4703785
6281.95300525
6296.18754265
6305.07848773
6314.76283687
6327.76081465
6335.92167686
6345.64809686
6355.0511508
6366.32473947
6377.30585438
6391.32642815
6399.67217944
6409.03330199
6419.73649147
6427.17228381
6438.26161451
6452.73018624
6463.16806801
6471.764595
6480.918058
6490.61245129
6499.82821106
6509.04849999
6522.67191894
6532.87037087
6540.94855533
6552.23471587
6564.63923077
6573.0596744
6583.46339698
6591.55097424
6601.20294087
6615.39758069
6623.21957332
6631.03878721
6643.03569432
6655.84077138
6666.08951351
6678.91469329
6690.772942
6697.16755858
6705.79458811
6718.60461961
6729.18956083
6737.16401609
6746.42746574
6756.32566322
6766.29959898
6776.55867096
6787.02883679
6796.24906518
6806.55776186
6818.14287592
6828.45804873
6842.53504269
6849.55323704
6859.883454
6867.04073977
6879.13894508
6888.16948832
6898.05664331
6908.93211706
6920.38812361
6934.35948227
6945.16452409
6954.3243985
6962.88885514
6969.762037
6981.067206
6992.19471801
7002.06213079
7012.01251943
7022.62314026
7031.31062782
7041.77030802
7052.09500843
7061.88711199
7070.77638829
7080.10097925
7087.60376905
7101.96139505
7113.17839015
7122.55122418
7132.97153572
7143.79286752
7154.16368752
7162.72231834
7172.52485992
7179.91930764
7193.1272521
7204.34476972
7215.534539
7224.98728214
7235.10969023
7245.90086269
7249.5607123
7264.73122213
7274.8181682
7282.4261162
7293.38855131
7303.40408961
7315.44278624
7326.70841993
7336.7951329
7345.85570397
7354.48869738
7366.87740505
7374.46157675
7385.74224636
7397.57405283
7405.85470692
7416.29457012
7427.76869075
7438.78068453
7451.79634161
7459.09711893
7470.48648382
7480.84351668
7489.11894926
7499.97910597
7511.0124439
7521.34358368
7529.7116859
7537.57782411
7548.07064711
7556.15896384
7565.66593678
7576.74958844
7584.96129553
7595.80328047
7607.8724101
7618.41010646
7628.48680473
7639.18987367
7649.19738619
7657.91459042
7669.97957446
7677.74469813
7688.21924241
7695.39990414
7707.4678016
7716.13494069
7724.62006301
7736.01345397
7747.78712487
7757.0527497
7770.03661621
7777.04549041
7786.7183492
7794.60800087
7804.18169936
7814.75820333
7826.54427871
7838.03431984
7845.15211498
7859.51938894
7868.54634201
7880.48747838
7886.57774033
7895.67082433
7905.79629471
7916.25718814
7925.17334843
7934.21047277
7946.68987213
7955.79986441
7964.63878278
7973.68274285
7986.12484579
7996.39557451
8003.90286302
8012.51906586
8023.24794096
8035.381698
8046.36926504
8053.61858824
8064.00674708
8075.96898042
8083.82712028
8093.82254168
8105.39079126
8113.64544012
8125.70036299
8131.93129708
8143.85143235
8153.68589847
8164.7188762
8173.98072993
8181.5115694
8195.33102099
8205.80152318
8213.30503622
8222.06668838
8231.63377476
8242.13744109
8252.54564722
8260.45591468
8269.72177589
8279.00183967
8290.77785758
8298.96862063
8309.90684322
8319.89156729
8329.58993681
8339.40002179
8351.07307755
8362.40333153
8372.14905466
8380.58745764
8388.12548159
8400.39345733
8412.33666032
8421.53565307
8427.75769476
8437.63637129
8448.43525328
8458.19123573
8467.49530585
8478.5634592
8488.62505392
8496.45155558
8505.04084619
8517.11820879
8524.64149247
8536.36116481
8545.72965613
8555.67147856
8565.34843368
8574.27110251
8583.64071608
8592.09159185
8603.67380991
8614.31917809
8622.21130176
8629.3184694
8641.53874336
8653.61793541
8662.74181881
8674.98486841
8683.70631313
8693.1224018
8701.66733498
8712.93761455
8722.48030775
8734.88568481
8741.28435176
8750.03812206
8759.6863206
8768.5148742
8778.59953526
8790.64773223
8802.81300597
8811.7786865
8821.24977766
8831.58693197
8837.74784475
8845.52596589
8855.57415308
8867.03510749
8877.80646149
8888.22970717
8899.05596483
8906.88743159
8917.82461323
8926.67676663
8935.92918684
8943.79401604
8953.05313465
8963.58793157
8976.00222685
8980.17791635
8989.65590406
9002.44704042
9014.08383166
9021.10092447
9033.83326145
9043.95688632
9052.54990888
9064.47881832
9075.76323358
9081.8163932
9088.89455547
9095.65955768
9107.01865205
9120.81139791
9128.77595645
9137.6094483
9146.80042772
9157.80851274
9169.82196933
9175.90914677
9185.82715213
9196.47539355
9204.64440705
9216.50291982
9226.39984775
9237.84865155
9246.33872618
9253.02803908
9263.97614149
9272.30840043
9282.28996106
9293.02221654
9301.87294155
9312.03291652
9321.98802085
9329.6471956
9339.17146621
9349.86605055
9362.23083073
9373.3546342
9383.48746244
9392.44984454
9402.35956248
9409.18906218
9416.95868194
9427.98179625
9439.40394943
9447.52272621
9456.77705398
9465.79837552
9475.75847434
9484.96588422
9497.42145074
9502.27630551
9510.968507
9524.04295056
9534.3332062
9542.67255759
9550.67366622
9559.20826405
9571.21464832
9578.26678108
9587.80678466
9599.07685386
9605.16978358
9617.49703235
9628.00300481
9639.7198389
9650.16835036
9659.0473596
9669.03664009
9679.51340279
9687.5150877
9696.09441812
9706.75446187
9711.77047467
9721.26805084
9731.94349987
9742.17149541
9752.46205305
9760.41574862
9769.54577946
9779.19207449
9787.82925883
9798.080198
9809.00722723
9817.55320159
9827.33129862
9835.52024252
9846.81195023
9856.87138893
9866.6444606
9875.31590755
9884.7868023
9894.56735001
9902.90738736
9912.02666075
9922.92659953
9931.52717431
9942.50935088
9951.25528276
9962.63264524
9969.5552198
9979.68353706
9993.21704863
10003.4780945
10012.1298868
10017.9415827
10025.7741525
10038.6038972
10048.3426182
10054.2331385
10063.3457464
10073.2244832
10082.3938397
10094.1306546
10105.0652013
10114.1659541
10124.4383098
10134.395789
10141.2189703
10151.6016356
10163.5236378
10169.276777
10178.6680823
10185.570234
10196.4140688
10206.2276411
10218.7825194
10229.3134703
10239.6136717
10250.7997486
10260.5069794
10267.5322463
10275.976792
10285.7136048
10294.5854075
10304.9636058
10312.8478704
10325.8621463
10334.2262792
10342.6902729
10353.233163
10364.0176668
10370.5169
10378.9540925
10387.5113936
10397.3090931
10408.0651757
10418.481562
10428.3794438
10437.8659035
10449.3299678
10457.2597071
10465.1140556
10471.9338122
10481.048095
10491.6224237
10502.2417003
10508.8623493
10518.4909091
10526.8518476
10535.2066244
10545.1679351
10553.6997231
10567.6957605
10575.9439072
10583.1808103
10594.1004681
10602.7137353
10611.6009101
10622.1614172
10632.2872677
10642.3312705
10651.8316657
10661.3882658
10671.3316668
10678.4041083
10688.5566864
10699.5252863
10711.2168993
10724.9312096
10731.0461143
10738.5961957
10743.5021516
10754.5388962
10764.5842313
10775.2239807
10782.442889
10790.8432241
10798.997965
10808.6817501
10817.8553784
10828.4553262
10838.9339021
10850.7594803
10858.2086446
10866.4927667
10874.9664811
10883.7547938
10893.3722437
10904.8950168
10913.3687681
10921.771893
10933.5929684
10941.4892547
10952.9075927
10961.3996226
10971.6407651
10980.36734
10988.0448775
10996.0802641
11007.6823453
11014.8505916
11024.8994897
11034.1343913
11043.7029656
11052.6706637
11059.8094249
11071.4830104
11079.6644001
11089.6335337
11099.0634796
11108.0512798
11117.8281191
11130.0975697
11139.2700122
11148.964828
11157.9908646
11166.8970422
11175.3172674
11184.2486423
11195.0125096
11203.5217836
11213.3220816
11221.5056184
11232.0199534
11238.9786345
11246.8495817
11256.7200236
11267.8274919
11275.790597
11285.3308677
11292.4161048
11301.274321
11311.2560403
11323.0487298
11330.6648093
11340.440751
11349.720692
11362.1691719
11370.3803473
11378.8474391
11386.4811111
11397.4189482
11407.2735995
11414.6754871
11422.1538413
11433.6853441
11443.2814317
11449.2976132
11459.1086008
11473.3299257
11481.3255969
11490.7148318
11500.5107818
11507.6975901
11516.3421052
11525.7852385
11535.7490357
11544.2463114
11549.3133872
11556.6019856
11568.3646049
11576.7262114
11589.8270447
11601.4057845
11610.2663
11622.0603738
11628.8623588
11635.8498512
11644.9637911
11656.4566756
11665.4616112
11675.5701018
11681.3130008
11692.8763115
11702.0376909
11710.4571274
11720.6438316
11732.9564018
11742.6701412
11749.207204
11755.0852827
11764.4811877
11774.9606446
11785.0871967
11795.3750348
11805.919538
11812.6899875
11822.3703496
11831.1223404
11841.4674342
11849.7185538
11859.0924522
11871.3971109
11878.7597796
11886.6486537
11894.0973036
11902.5666324
11912.7341806
11922.748566
11929.4004388
11941.4805043
11951.4820885
11960.0509097
11969.4302479
11978.8381389
11988.8533547
11998.03073
12006.3244853
12015.8790761
12022.4782303
12033.2891329
12039.9975835
12047.659868
12062.1266046
12066.4432202
12077.4852645
12087.3402364
12095.2110166
12106.3548144
12116.6324115
12126.6990819
12135.5379986
12146.4832918
12152.997746
12162.3653253
12169.3275808
12178.6813809
12189.3902418
12199.9931921
12208.9230061
12218.6549232
12230.6822697
12242.1994073
12249.5532354
12256.3949612
12263.555586
12273.944706
12282.881284
12289.3843435
12301.8160481
12307.1238987
12315.3732342
12327.894556
12338.0830303
12346.6852798
12356.7757541
12364.9776684
12370.7204243
12379.3805674
12389.5899417
12401.0417211
12409.2488667
12419.2000754
12428.8895272
12438.6740972
12443.5604933
12451.8733443
12464.2261768
12473.3994358
12482.3647406
12493.0719307
12500.2612364
12508.7513042
12518.5707446
12528.1577451
12540.0491741
12545.5786377
12554.6209671
12561.3739395
12571.4058427
12584.0718389
12590.9938772
12598.7646738
12608.9611394
12618.069098
12626.4061035
12637.2852888
12645.4908865
12655.202347
12667.8911538
12673.5721598
12683.2673871
12688.9336418
12697.870578
12710.2544569
12718.3319064
12727.7189007
12736.2541883
12745.8226139
12755.4459452
12765.7264936
12772.9242598
12784.6144966
12790.2219034
12798.5334257
12808.1950132
12817.750307
12826.7947612
12835.9595758
12848.5913898
12857.3548891
12867.8170098
12875.7529781
12885.2028894
12892.6445158
12901.7023259
12909.328668
12920.8941076
12930.7956925
12939.4268012
12943.4805972
12951.6068003
12963.5580022
12973.9767025
12983.0686381
12991.5279106
13001.5150768
13011.9717287
13016.9923942
13028.889415
13039.6090028
13047.4712728
13057.6389869
13064.3227983
13073.0656675
13081.3727336
13091.6285029
13100.6157243
13108.1182299
13114.7329616
13123.9721298
13134.2424145
13144.6540363
13152.3130281
13162.4725301
13171.6493504
13180.4334624
13189.0167393
13200.9696257
13207.9793238
13217.8658284
13225.7724088
13237.0512495
13245.1726392
13253.283442
13262.3927067
13271.4046829
13279.6624474
13289.2943454
13298.3487319
13306.8078496
13316.3319626
13325.4054949
13333.2134175
13343.1964387
13352.5491802
13365.1995167
13373.0546928
13384.0798461
13389.130355
13397.5366036
13407.2780376
13416.2521513
13425.6422452
13436.433173
13446.4773918
13453.5486014
13462.5133422
13470.4724354
13480.3827103
13490.9127081
13499.0122265
13506.0452228
13516.7805958
13526.3263247
13534.2175158
13543.0031066
13549.4061523
13557.5415842
13568.768055
13578.511236
13588.0643181
13596.4354558
13604.5025694
13614.1658487
13625.4063729
13631.5762494
13639.0472727
13648.8925211
13656.462623
13667.5053939
13678.5651217
13686.0417099
13694.412373
13706.1232477
13715.0099312
13723.6817032
13730.9257858
13739.7558915
13747.4470711
13757.1145615
13765.8828497
13772.3824624
13778.5154183
13788.5249218
13797.674201
13808.9590253
13816.5994298
13825.7831423
13836.2883147
13843.4379007
13851.8914606
13865.8063579
13873.334676
13881.6126866
13892.2901401
13902.4782976
13909.7947672
13918.058134
13927.3065431
13937.364008
13945.6917989
13953.9225244
13964.7954711
13973.8924827
13983.7945997
13991.4289199
13999.2404807
14008.7629084
14017.5164003
14024.343681
14034.6224695
14042.7902869
14050.9784492
14061.8619091
14069.7259321
14081.4910472
14088.5276447
14096.7141811
14106.7249206
14114.0193675
14122.624074
14130.6870127
14137.5561308
14146.4815868
14157.8828758
14165.6446654
14175.0250203
14184.5640649
14193.4550377
14199.6697682
14211.3684299
14221.2432714
14230.817015
14240.2007547
14246.21993
14256.8494505
14265.9160961
14273.6849256
14282.6751871
14293.514875
14301.2639319
14309.6276689
14318.4597548
14328.6023634
14338.4260597
14346.7654359
14355.7197649
14364.5976464
14371.9455886
14382.0762716
14392.9153133
14402.0592815
14412.2809811
14417.049159
14427.7828792
14436.1755924
14445.1127218
14452.1749211
14461.3674706
14471.950854
14479.5819203
14488.3815626
14498.8411427
14507.4610421
14517.44972
14522.1133271
14531.4369763
14540.3516832
14551.3629315
14560.6773445
14568.247791
14579.373599
14587.8893172
14597.9834615
14603.6667298
14616.3605776
14623.2390309
14630.5842501
14638.4794408
14647.9159889
14659.7210025
14667.2071466
14677.2886743
14685.9909693
14693.6598167
14702.2056189
14710.9641108
14719.0505969
14729.103118
14737.5233475
14748.3102263
14757.3979961
14763.5864104
14773.2358392
14781.6179072
14790.8157162
14801.4898234
14810.5709471
14820.1941429
14828.215095
14833.6139342
14843.9337687
14852.9242175
14862.3860426
14869.5690671
14878.4536461
14889.2876431
14899.9240071
14906.6902772
14916.8823783
14923.2273181
14933.4161392
14940.8452293
14951.2503545
14957.719303
14966.9937776
14975.7508775
14985.7190613
14992.3155372
14999.6861329
15008.3397959
15018.2805048
15028.6133324
15036.9668158
15045.6898224
15055.7496868
15067.9282599
15072.046764
15081.3782855
15091.8091277
15099.7707708
15109.0366152
15118.9583846
15128.4604534
15136.0551897
15145.2882179
15154.7370271
15159.8448736
15168.7555308
15179.4667362
15187.2900906
15196.8810399
15205.8529504
15213.5177242
15222.8086133
15232.8230597
15244.5861267
15253.0494678
15260.3281269
15269.3419061
15279.1631927
15286.6039636
15296.619215
15304.3421901
15314.3532622
15320.8947485
15330.2352317
15341.311715
15348.25988
15359.499482
15368.9542124
15375.8376991
15386.5123328
15394.0833068
15404.2252368
15412.4121322
15417.9249156
15426.5532295
15433.3460534
15445.1387137
15452.4431689
15461.3791351
15471.8139984
15482.8307368
15492.1532972
15501.0731513
15510.3762448
15517.1243117
15523.8223769
15531.3389353
15540.6304634
15549.3487612
15561.4985118
15566.3642494
15576.3212306
15586.0452507
15596.3244411
15604.8870523
15610.8820874
15620.2421842
15629.0021096
15636.8026465
15646.5276379
15659.5059736
15666.6015294
15674.6901113
15681.2349561
15691.6394922
15701.1129584
15711.82567
15716.5180283
15725.4894227
15736.7974666
15742.0915923
15749.3367823
15760.7237002
15767.6581929
15777.5213561
15785.8637214
15795.7011795
15803.1882122
15812.8347222
15820.339808
15828.144024
15837.4604635
15843.2760879
15855.8140697
15865.7429442
15874.1059491
15882.9198965
15890.0331557
15899.2235298
15907.6439825
15915.4246053
15924.6239951
15933.4536253
15945.4083885
15954.2242256
15961.0301474
15968.9453823
15978.6130552
15986.9603712
15994.9519385
16005.6568641
16016.5989552
16023.6699625
16031.6079447
16039.7389312
16048.43953
16057.2932783
16067.4688721
16073.9952201
16081.0679468
16090.3401056
16100.1380828
16109.4980655
16120.8322429
16130.1015954
16137.0634848
16146.441205
16154.7886657
16161.2786796
16168.8931222
16177.8016338
16186.2096352
16196.1714539
16207.7246613
16216.3797323
16226.8481263
16232.478198
16242.0058481
16250.5954129
16259.5263863
16268.1578024
16276.1311798
16285.2991114
16293.056897
16304.2451248
16312.6829882
16321.5940349
16328.7427072
16339.486622
16346.0301411
16354.9683306
16362.5921475
16374.4779118
16382.5524135
16391.8304133
16400.2546874
16408.5803794
16419.7900875
16427.3423128
16432.3507872
16440.3147755
16445.2345012
16454.9664353
16464.456125
16473.3712344
16483.7811492
16493.5595301
16505.5231951
16510.656355
16520.8139859
16530.6157951
16541.8822292
16548.33167
16555.7229038
16564.0811701
16572.7918815
16578.6985072
16586.7736921
16597.3374825
16607.8437563
16614.0705194
16623.8020299
16630.5447502
16637.3581246
16645.6177086
16654.9864693
16663.694541
16672.670021
16682.2373925
16691.1285575
16702.6132411
16712.6432266
16719.8021543
16732.4082316
16740.8317016
16749.6089834
16754.6683833
16762.0356631
16774.1875369
16782.3855256
16791.1637828
16798.4547186
16806.1515108
16815.3630929
16825.233171
16834.3493554
16842.7469794
16851.5681676
16859.9857076
16867.8908948
16878.0959006
16887.1834766
16895.1958748
16902.6438056
16909.3374261
16918.5335385
16929.225006
16937.5665905
16943.6346933
16952.8382772
16962.8330055
16968.5913152
16978.7979989
16990.4170192
16998.9637532
17004.2253313
17012.3582027
17023.1794809
17033.5322013
17041.6677131
17048.9924481
17056.7155717
17065.2382592
17074.04922
17081.06213
17089.7157857
17101.9646683
17110.1484555
17117.1468778
17128.4693974
17134.9223606
17144.3574059
17150.0896636
17160.905407
17171.5855156
17178.5497664
17184.6109288
17195.9443009
17203.2936523
17214.672976
17221.4110807
17230.2682277
17237.944384
17246.143777
17254.8920742
17263.1382627
17273.3611212
17280.115609
17290.2030824
17298.7615658
17308.5587063
17318.5063765
17326.6360953
17333.3786429
17344.8878597
17353.5498658
17360.3674125
17369.3827557
17379.30356
17384.2794299
17391.7758411
17399.7574574
17408.4780841
17418.6911446
17427.9785446
17435.1581552
17443.2865888
17450.1697679
17459.3333279
17469.1061195
17478.4222142
17487.8404742
17497.568126
17506.6966121
17516.2815642
17526.8216862
17534.4070369
17541.1375968
17550.7831975
17557.701905
17564.1712286
17572.4615865
17583.19293
17591.8297263
17600.4606541
17608.5676935
17617.2824903
17628.6596762
17636.1040619
17644.9175066
17652.5740964
17661.9276505
17668.1481709
17678.1203876
17686.3596677
17695.3632383
17702.6561447
17712.862987
17724.1180348
17732.7494976
17738.9853648
17748.161484
17755.1280337
17763.836327
17774.5511789
17784.5438162
17791.5290697
17798.1643232
17807.4344453
17815.1131313
17824.8437175
17833.3800332
17842.7624035
17851.2632598
17862.2993765
17870.7720001
17878.7645888
17886.0656288
17891.7935103
17902.0004208
17910.4884237
17917.5061409
17928.6567797
17936.7931843
17945.1628613
17954.1963037
17965.097742
17971.4051212
17980.7986479
17988.1233081
17997.2684902
18006.4155796
18012.3719517
18019.8800878
18028.1845613
18039.9939902
18048.9179902
18058.1778548
18067.94648
18075.2276804
18084.1520285
18092.0706324
18096.2449868
18109.6720946
18117.8158807
18124.7945944
18134.7879693
18140.3657981
18149.1218435
18155.3935466
18167.9209036
18175.7392657
18183.6431544
18191.5985413
18201.7440396
18208.6580326
18220.8709635
18230.1751127
18239.5080838
18245.2638023
18253.6155572
18262.9532082
18271.8182578
18279.4662513
18287.9083567
18297.1196331
18302.6788568
18312.8699181
18320.0278803
18329.8520979
18338.066383
18344.5732379
18352.4211989
18363.428386
18371.3519009
18381.9888032
18393.8376908
18400.7459734
18410.0039966
18417.4073944
18426.6032308
18434.9337402
18444.0035436
18450.6708978
18457.907795
18467.3241795
18473.2868553
18481.4823871
18491.5756721
18499.5749897
18507.9038511
18518.3737176
18527.4573653
18535.6460981
18544.4553948
18551.8951908
18561.4142146
18568.5427451
18574.7716136
18587.7146588
18598.4784938
18606.5714963
18616.1220159
18625.4905898
18632.9324576
18638.8393526
18649.0845202
18657.7045749
18667.4779482
18676.3757368
18680.9724041
18687.7606849
18698.5800681
18705.6981662
18715.1044143
18723.7325161
18731.0164356
18738.9630944
18747.4838587
18756.0289531
18765.3027138
18773.340924
18781.9806444
18788.189574
18796.4660618
18805.2639946
18815.8773267
18824.2403508
18832.3795847
18841.7072959
18851.1985638
18863.6826983
18871.4724145
18877.4548968
18882.6544604
18891.8458565
18900.4008275
18909.7305804
18919.9301072
18931.150986
18938.3365571
18944.7941651
18954.6330518
18961.4496938
18969.5127603
18978.1730843
18987.722538
18997.4380751
19005.7123708
19012.2225155
19019.8389814
19029.724354
19035.3760236
19045.2670364
19055.9272567
19064.5767538
19073.6700498
19083.6115241
19091.8951707
19099.885277
19107.4704718
19114.9256309
19122.4689078
19129.4801312
19136.6091818
19148.0711475
19155.7945711
19166.3871777
19173.4110523
19182.8162506
19189.3763844
19197.9516812
19209.3482893
19216.1742166
19224.9683279
19232.9684001
19241.5611002
19251.3757258
19258.3071079
19264.8264216
19274.18197
19283.3353974
19291.7734979
19300.1616344
19308.678544
19319.3535053
19328.7881973
19339.1534882
19345.3898696
19351.5606283
19356.9472938
19367.084173
19377.6052238
19385.690036
19394.7285115
19403.562355
19409.5856787
19419.7342443
19427.7725094
19433.2976317
19442.953095
19451.4047061
19463.2667152
19471.8718513
19482.7817123
19488.7918936
19496.8533116
19507.7696025
19515.3728547
19521.7881277
19530.0093327
19538.5226046
19544.1662552
19556.7372308
19565.0940744
19573.9289475
19581.1934667
19587.6181153
19594.8007781
19605.2155209
19613.5161481
19621.6132681
19631.567469
19641.6961432
19649.1256722
19655.1888682
19663.0933084
19672.5818873
19679.1065711
19688.3422195
19699.7524527
19705.6217416
19714.6754166
19717.8245126
19729.1476448
19739.5411593
19749.588527
19758.7275628
19768.1826637
19775.7637974
19782.3337066
19791.9802636
19800.8126996
19807.9413719
19816.3827654
19825.5606118
19830.6620192
19838.2094734
19848.1389565
19855.6784683
19868.0080075
19876.0759114
19883.3167701
19894.1396616
19904.3184212
19909.2519005
19917.5343775
19925.8778569
19933.6212029
19942.4538643
19949.853915
19959.3651643
19968.2845297
19976.4832591
19988.1261194
19993.3856842
20001.5144647
20012.2860137
20020.4055342
20028.7791957
20037.2684733
20044.3660191
20053.3980942
20060.7726825
20070.7689503
20078.579328
20086.7077026
20093.8283843
20102.9221056
20113.6440824
20120.5351023
20129.653467
20136.2505411
20146.8263027
20156.8361487
20163.2927061
20171.0455192
20178.4096645
20186.6073198
20196.2372887
20206.049155
20215.8741783
20224.8617202
20232.1049221
20240.7863495
20248.6962495
20257.4220399
20266.1228592
20275.9327626
20281.5070081
20289.6608925
20301.0822383
20308.2877242
20315.8013048
20324.1128828
20328.8488699
20341.3393162
20347.0000939
20356.8518809
20365.6693454
20374.2057752
20382.2042129
20391.3208189
20402.197604
20408.816956
20418.6689312
20428.2211709
20434.9163364
20440.4727139
20448.6369159
20454.8193524
20466.2864431
20474.339318
20479.1679442
20490.3747849
20497.5587944
20506.3489085
20514.826073
20523.6951442
20534.385681
20544.3143924
20551.1680045
20560.5182357
20568.8045618
20577.1663672
20583.6202829
20592.8172409
20600.3787626
20607.9736878
20618.2687476
20626.7115821
20633.8403612
20643.5837198
20653.2664456
20659.4485258
20669.7397299
20679.3443388
20686.0718823
20693.6173132
20702.395281
20712.9543452
20720.5534276
20726.7620573
20738.138841
20744.864751
20753.874967
20762.6533134
20769.8234642
20775.622501
20785.7798506
20792.8210225
20800.0962686
20810.7415469
20818.1021639
20825.2065914
20833.1577948
20845.2519081
20852.490089
20858.2459617
20867.0499467
20877.0250863
20886.9765926
20897.9349232
20905.6963601
20913.8035582
20922.7592199
20930.0195681
20937.1031131
20944.539079
20954.5279739
20961.709093
20970.1887328
20977.9033158
20985.2949091
20994.0828127
21002.8003045
21010.6640815
21017.8276798
21028.2645332
21034.2309208
21043.9471005
21052.9531667
21061.3630394
21070.0923168
21079.4728284
21086.1825617
21096.7833917
21104.0329741
21111.9742258
21118.5734676
21126.9638617
21137.4414368
21143.4692445
21151.9074955
21160.7465808
21170.8281591
21179.8286537
21189.6888972
21195.9065808
21203.7795218
21211.3547901
21224.3344371
21232.2437244
21237.5802914
21243.6647872
21253.5766786
21260.1401056
21267.9268797
21278.0468745
21287.8068764
21294.4469878
21303.456006
21311.7519385
21320.5240488
21329.810817
21336.9172331
21347.4613705
21357.0195437
21364.9418905
21372.8759732
21380.264413
21388.5562482
21396.5606518
21404.7956156
21414.8458927
21422.4191152
21430.6389583
21438.4251684
21448.4422999
21456.1892018
21465.4355583
21474.0927556
21482.8652965
21490.6766262
21499.9988305
21507.6706569
21512.8307031
21520.8741461
21530.0593197
21538.1728573
21545.5263971
21555.4688374
21562.5341545
21570.8410296
21577.4403425
21586.5038222
21594.2089678
21602.699567
21612.6531231
21622.0640215
21629.4234623
21637.396883
21649.4842295
21654.138845
21664.4522217
21671.9702089
21680.9593043
21690.0189299
21696.3649985
21704.4162944
21712.3236917
21719.1251299
21729.4895454
21738.6988819
21745.298612
21752.382722
21761.727943
21769.5952223
21777.5371478
21786.3508106
21792.9957097
21801.931624
21811.3465648
21820.4839567
21830.1264303
21838.5362624
21847.2879631
21856.2073728
21865.1258207
21869.8873199
21876.3924772
21886.6138792
21895.2308042
21904.9080101
21910.9390261
21921.3665977
21928.347342
21934.292858
21944.3121001
21952.7864904
21960.4752908
21972.0020262
21980.9425987
21988.0584796
21995.0901281
22002.7022417
22013.2761927
22022.0069549
22029.3185146
22038.7844266
22046.410991
22055.3728406
22062.3616584
22073.173774
22080.3693315
22088.688797
22096.2301109
22107.4210732
22110.0180754
22121.3865602
22128.8669719
22136.8829368
22144.3251783
22154.1197177
22161.8475771
22168.5018734
22176.2964701
22188.3876751
22196.4434755
22203.2192229
22210.782759
22219.0890938
22229.0431859
22235.6252343
22245.7878294
22252.852561
22264.3023791
22273.4667592
22279.445628
22286.2622614
22294.9706325
22303.4024364
22310.5365713
22319.469262
22328.1678491
22335.5309201
22343.027079
22348.924898
22357.4031284
22366.5549983
22373.931579
22383.9329277
22393.8905059
22402.4648384
22412.4844129
22422.3442301
22428.4045682
22432.9127449
22442.0954453
22449.5669527
22457.4007386
22466.2261579
22474.2504444
22485.4130054
22493.8884638
22500.1252186
22508.470582
22516.3589135
22523.5150515
22535.0809978
22543.9395268
22550.3968045
22562.7355591
22572.0522319
22577.2361114
22585.4738494
22594.6400043
22603.8884302
22611.44374
22619.6291501
22626.0932281
22631.1548447
22640.1405736
22647.9296295
22654.7251287
22663.3518166
22673.5573156
22682.7073028
22690.3455591
22700.44791
22707.3541283
22717.3845256
22724.8904971
22731.0350759
22739.9805185
22747.3695981
22756.8911337
22764.5605444
22771.2931405
22781.6168643
22790.8620315
22799.5801233
22806.323534
22812.5010108
22819.4332316
22831.2526894
22840.1265022
22851.0413315
22857.413936
22863.8433447
22872.6749782
22880.4084369
22888.0105891
22898.1315414
22906.0788891
22915.220279
22923.1960719
22931.9445694
22939.7961351
22949.4400258
22957.5364452
22965.5777563
22974.1348712
22981.5022155
22992.8838739
22999.4892335
23009.3994271
23018.4987959
23024.6433763
23033.5781475
23040.7481407
23046.5096652
23053.593895
23062.9151045
23067.596227
23077.7977676
23090.2555413
23099.9981737
23106.8336321
23114.3255951
23123.3693782
23131.2384686
23138.0122028
23144.7243906
23152.885949
23163.763024
23172.3640599
23179.4544715
23186.5517551
23195.7552972
23203.0235714
23211.0673185
23220.9789165
23227.6727058
23235.4523234
23244.7991141
23253.0835649
23259.3562285
23268.646884
23274.9119892
23285.1169969
23293.1242547
23302.0318351
23307.6337003
23314.8224846
23324.5243879
23333.9715196
23343.7099477
23348.9249166
23357.8891031
23367.7651826
23378.2876765
23385.438945
23392.7432386
23401.1337345
23407.8681144
23417.5611564
23425.0199258
23435.211597
23443.3524753
23454.0694386
23460.168496
23469.3755052
23476.953761
23481.6217729
23489.9363276
23498.4460026
23508.4979198
23516.7034932
23525.479992
23528.9004236
23539.6518869
23547.7247936
23555.7827211
23564.8345338
23574.8676881
23582.6203
23589.1676835
23599.1097316
23607.9068335
23613.636853
23624.6456976
23632.3976077
23641.2262137
23646.6189065
23655.002833
23663.9916561
23671.8661402
23681.795394
23689.2929413
23696.582012
23704.7223934
23713.4641483
23722.1718207
23730.0329728
23740.1189809
23748.2818906
23755.5254969
23763.1540648
23771.3786533
23778.8078303
23784.653868
23797.4378342
23807.2326221
23814.4700854
23822.5817368
23832.1964467
23840.4527873
23850.8311517
23856.4785448
23861.7255987
23867.1169509
23873.8115149
23882.7394971
23891.573701
23898.356604
23908.4760934
23916.3782592
23924.2761989
23933.8668504
23943.1350889
23949.4783618
23958.9504487
23967.5719863
23976.0412538
23985.3238028
23995.3557043
24004.3578602
24011.6738325
24020.6105267
24026.5344024
24035.1171714
24044.2072192
24050.97846
24060.2325891
24068.4120944
24075.5697091
24081.8630422
24091.776247
24098.6490273
24106.6841692
24113.7639017
24121.864499
24131.8713018
24139.9167129
24146.8675449
24152.5545428
24161.796003
24171.0785564
24179.4593691
24189.44852
24197.7149268
24204.9649295
24211.2422966
24220.4712875
24229.7138383
24238.048718
24244.0394539
24252.7586878
24262.0948479
24269.4587434
24279.791603
24289.4983814
24297.1184567
24304.6926577
24312.0255669
24319.1004736
24326.1044203
24336.3892132
24343.4088449
24350.7894249
24356.6613289
24365.2207471
24376.4773037
24385.5431551
24391.9313502
24401.9835948
24410.8125707
24417.0679217
24424.839359
24434.5993971
24443.1240462
24452.4216099
24460.5601939
24470.3455682
24474.9682183
24482.8703257
24492.5673139
24497.8478478
24506.2009257
24515.412654
24521.4801769
24530.2914793
24538.9566748
24549.1410433
24559.7502588
24568.6425924
24573.7440063
24583.5652852
24592.0164308
24597.9400795
24605.7506665
24611.8958598
24619.7496865
24630.2221883
24636.8280053
24646.2935287
24655.7990243
24663.245354
24671.366669
24680.6983488
24690.0470237
24695.5816914
24705.3920064
24709.5436116
24720.3274951
24729.4460509
24737.2324792
24747.1530512
24755.3021142
24762.162702
24770.7653293
24777.2730237
24785.72331
24793.1852795
24802.0266114
24808.2705195
24815.8333157
24825.6001512
24831.0396691
24840.4146166
24847.2797389
24858.0560187
24867.4592384
24874.8787408
24882.3132547
24889.4367876
24899.2885289
24908.7573427
24917.9876218
24926.53992
24932.271446
24938.2860722
24947.8911438
24956.0664739
24963.5434133
24972.6656944
24980.7166508
24988.9766449
25001.0159946
25007.5571612
25015.1984886
25020.0041986
25026.8828914
25036.6978143
25045.9359659
25055.53632
25065.1852171
25071.4520795
25078.242284
25087.8913726
25095.4729946
25102.7090232
25110.1151108
25117.4009376
25129.6972793
25135.6385541
25145.2270028
25154.4512047
25162.5308798
25170.471572
25177.129125
25184.8360263
25191.0187569
25198.9437848
25208.0935707
25215.6374367
25226.2343967
25231.0134069
25239.7796941
25248.8257336
25257.7214417
25264.4022688
25272.1228726
25283.0824071
25291.3007697
25297.9817685
25310.8594919
25316.0686548
25325.3382266
25331.2814126
25338.5576501
25347.4773401
25355.9802739
25364.7965846
25370.7623181
25377.7152734
25386.8651123
25393.8359285
25403.5490691
25411.8138874
25420.6229206
25429.578296
25436.7357849
25445.6888462
25452.9736249
25461.1943481
25472.5379461
25478.8918565
25487.2771367
25494.7955927
25500.5726659
25510.151342
25519.5423011
25526.4879788
25533.418452
25541.5522191
25550.1958879
25557.1935261
25565.5107607
25573.2267973
25582.3144685
25590.2940706
25596.7513513
25606.6515231
25616.7887901
25626.4692345
25635.703291
25640.7320863
25647.1622208
25652.1852212
25662.3981761
25672.5424153
25680.008327
25687.4346894
25694.253817
25703.1326591
25712.8116736
25720.6608955
25729.2917076
25736.834146
25748.0238285
25755.7877531
25762.5079846
25770.9411728
25776.8404611
25784.8907513
25790.709679
25798.9945079
25807.7231244
25815.4512005
25820.6067449
25830.603745
25841.5540301
25851.4302888
25859.056886
25869.6178811
25875.0642058
25883.9321399
25890.5370187
25903.2492157
25909.6193948
25917.8972173
25924.2054915
25932.2181323
25942.853711
25951.7951936
25957.4646794
25966.3019757
25974.8428282
25980.3607389
25988.9613381
25997.1588981
26004.2817268
26011.0549791
26019.490125
26027.1548434
26035.1094069
26044.3062073
26053.3340262
26060.5050669
26069.3906133
26077.0630338
26086.0524139
26095.5416906
26104.3209261
26112.4387111
26118.5250453
26124.3482014
26134.4708164
26141.8021059
26148.6043945
26156.6447364
26165.1222995
26172.6768515
26183.7536522
26191.8015347
26199.9719623
26208.0291009
26216.9651466
26224.1837394
26231.511135
26238.7778162
26250.0774391
26255.5503813
26267.8558072
26275.7778481
26280.3200052
26289.8968579
26299.0006656
26306.5938535
26312.0173744
26320.7804329
26328.999457
26337.5237991
26344.1633759
26350.1859532
26360.6782202
26369.2502237
26375.6542461
26382.8431571
26389.3548617
26398.3404507
26410.2017894
26418.2328528
26426.6301035
26437.3890738
26443.82599
26449.6993756
26459.9548873
26468.9040122
26478.0315185
26484.1880667
26496.0769089
26499.4011352
26507.3356457
26515.541352
26522.6126057
26531.8968145
26538.6367721
26544.8534825
26554.9383075
26563.0797414
26570.3583885
26577.5393208
26585.1164589
26593.2592023
26602.909855
26612.1726598
26620.1077796
26628.6424302
26637.1746122
26646.0339397
26653.2917945
26660.1214165
26668.9011918
26676.4214318
26684.4531811
26690.8306027
26701.686642
26707.3087683
26714.1875436
26725.3092242
26731.7231704
26739.8857762
26747.2224307
26755.0110659
26762.1999567
26772.32806
26778.5232723
26788.4374564
26797.5304847
26804.5800616
26812.4171275
26822.2057093
26832.4558189
26838.8972939
26843.1966943
26853.6114369
26862.2488841
26871.2882739
26879.8551651
26886.5328262
26896.4943402
26902.2687936
26910.4156881
26919.1568423
26928.1341665
26933.758303
26941.4119669
26946.9603259
26955.5907007
26963.161346
26973.4329177
26980.784719
26989.610756
26999.9361048
27007.9618651
27015.6353941
27024.0703344
27031.481542
27037.2561157
27045.6800437
27054.9825729
27063.9350016
27072.1242716
27077.6268492
27086.5195433
27094.7863021
27104.1019613
27111.1617155
27118.2207673
27124.8327641
27133.2026303
27141.7275946
27150.187032
27160.3035638
27167.9405394
27176.4593475
27185.7160083
27193.7725454
27201.0782161
27207.5618127
27215.1161332
27221.7805849
27229.6283669
27236.7940278
27246.976302
27254.6047445
27263.2869745
27270.3368826
27279.4839794
27287.0921833
27298.1304115
27304.5378576
27312.3603939
27322.2045269
27329.7141654
27336.5516309
27345.042713
27351.5102268
27361.7986157
27368.3706263
27376.0585081
27383.5377095
27391.2714135
27399.6923366
27408.9792898
27415.9979244
27426.085078
27433.5412183
27439.6196169
27446.5401504
27455.6634186
27463.5645148
27475.0745265
27481.3903034
27488.7545394
27495.5746365
27503.1854363
27509.8587241
27517.7296306
27526.7427324
27534.1036758
27543.3528675
27550.8781707
27558.2451201
27568.4229646
27577.7928099
27586.7914725
27591.1938395
27600.3781945
27608.1138551
27613.5298913
27625.3678426
27632.1744945
27641.6217188
27649.3081793
27656.7985061
27666.893139
27675.0821073
27682.8630655
27690.0914802
27699.0457754
27706.5692231
27713.9485875
27722.8889548
27730.0387035
27736.5538065
27743.0591319
27750.112686
27761.2028347
27770.2071579
27776.3825913
27786.9111937
27797.3043293
27805.2340257
27811.3497753
27817.8348751
27828.7685414
27835.6209965
27843.0223675
27852.1538847
27860.2341234
27866.5300527
27875.1446435
27882.7003622
27889.7496939
27896.4627789
27907.4505319
27915.8083421
27924.2537429
27931.5531129
27935.7688181
27944.7714158
27951.759366
27962.7390111
27970.4496239
27978.4036551
27987.0381394
27994.038121
28004.1347853
28012.5280456
28019.2717957
28026.7191351
28036.450832
28042.8497574
28050.4407549
28058.3723991
28068.4685575
28075.6843892
28084.5776036
28090.1507075
28098.0497067
28105.6655639
28114.5109096
28124.224659
28129.9854681
28137.9706218
28145.7634038
28156.8470921
28162.5279695
28169.6513067
28180.3303642
28185.3994521
28195.1801188
28204.3753197
28213.1583669
28219.6765977
28226.1997686
28233.6976551
28241.601318
28250.5835758
28258.224454
28267.3715436
28272.7115681
28283.3195629
28291.8459637
28299.7456929
28307.4362786
28313.4793929
28321.4102352
28330.1831166
28340.183887
28347.8031231
28353.2532728
28364.2958202
28372.8058676
28379.1285231
28386.4091854
28394.8014588
28403.4556637
28409.9446364
28416.5057629
28428.6301538
28434.8874707
28441.9747437
28450.5186435
28457.4214749
28468.8856483
28476.6104382
28484.9796606
28494.1019699
28500.7610555
28508.3581388
28515.7047596
28523.7499539
28529.4690089
28540.157348
28546.2949535
28556.343271
28561.7660658
28569.9458315
28578.481297
28585.0131162
28593.8255943
28602.0416534
28609.4903487
28617.4264186
28628.0553287
28634.2651401
28645.033891
28652.1688398
28659.1179816
28666.7040988
28672.7952774
28678.4027252
28689.4208032
28695.0567528
28706.727028
28713.539656
28723.4078264
28728.7947941
28736.9752686
28746.0149614
28754.0934783
28763.5530344
28771.1326503
28779.480545
28787.1060475
28793.4638722
28803.4696197
28812.8643499
28820.6070686
28824.9338293
28833.2371242
28840.7533253
28849.646189
28857.0651274
28866.4402733
28876.3630341
28884.8559385
28890.2063653
28898.1594694
28905.5986912
28912.8809695
28920.9393606
28927.4590756
28935.6375433
28945.4493593
28953.3068847
28962.7945157
28972.2476468
28978.5696412
28985.2566716
28991.5337238
28999.8412471
29006.448366
29016.135911
29024.9475086
29030.7359605
29039.6474252
29045.649053
29054.9933321
29062.2632426
29071.6219369
29081.5947149
29091.2308871
29098.2658101
29105.9922944
29116.4367545
29124.3174573
29131.1689087
29138.1088143
29147.0143736
29151.131523
29159.6425772
29167.3398488
29173.4003658
29181.4155056
29193.226401
29201.8536623
29209.8847956
29217.2288353
29225.9186849
29235.7895428
29242.3141979
29247.3567887
29254.465709
29264.0856623
29269.5745531
29278.3428547
29288.2334674
29297.4976403
29305.732905
29314.1467547
29322.7125106
29328.9341293
29333.7813531
29345.8617252
29352.5461006
29360.0517153
29367.3721059
29377.4647677
29384.763083
29392.5102825
29400.1272034
29405.8111157
29413.6203488
29423.8065705
29429.6160487
29437.9417536
29446.5831759
29453.1190986
29460.8670729
29471.093701
29479.6726048
29486.3773326
29494.5655855
29501.0805958
29508.9730574
29515.9687351
29526.1405569
29535.9073402
29544.4535242
29550.2629004
29557.9840775
29566.6450073
29576.0313782
29584.2633035
29589.2054127
29595.0209824
29604.448764
29612.9625054
29619.9498643
29628.8374923
29637.4008599
29645.223663
29652.8058034
29659.7626311
29668.4115173
29677.473202
29684.1536672
29693.2700905
29701.2432753
29708.0246481
29717.8980452
29725.2895456
29732.9519338
29741.3890665
29748.8816971
29757.1620786
29764.5069528
29771.9608013
29782.1510401
29789.2614296
29796.2288571
29801.8037427
29808.7742446
29818.1281831
29826.7053314
29834.6155692
29843.9314422
29852.8384636
29860.2143345
29869.298429
29874.250025
29882.4240317
29891.2466243
29898.1556591
29904.9016751
29914.7700742
29922.3649582
29930.7863851
29939.0542481
29947.0564866
29955.1780412
29963.1144513
29971.7864459
29977.5078066
29984.5909712
29993.104615
30001.3564746
30007.4577765
30018.5847875
30025.0635203
30033.9365046
30040.9210853
30050.0813767
30058.0603524
30066.7507724
30074.1253961
30080.2812681
30087.3250541
30097.972752
30107.0047492
30113.3955137
30121.6912197
30128.7543144
30138.6263843
30149.0243166
30156.6933176
30162.5531917
30170.2556089
30178.0805457
30186.8410961
30191.9911099
30200.8059032
30210.9134548
30216.8248572
30223.38222
30233.4871096
30241.3583316
30249.408821
30256.3532158
30263.1196461
30272.4823022
30278.6294636
30288.4484186
30298.5934977
30302.3889459
30312.4294159
30317.8780782
30324.7851769
30333.7864284
30343.1169896
30353.4600377
30358.3387609
30364.4963582
30372.5236653
30383.5250173
30389.3330212
30398.921873
30406.1662245
30413.7513478
30423.2347611
30431.1425116
30437.6874834
30442.2453438
30450.8915108
30459.9388324
30468.8856704
30477.6528407
30484.1293116
30493.8710021
30499.5632871
30510.1626678
30519.3619231
30526.2514548
30532.3536712
30537.8822745
30547.3898012
30556.675639
30565.2153906
30572.9764663
30579.3486735
30588.883308
30598.3781624
30605.4446875
30612.1344455
30622.3998228
30627.7861974
30633.7256236
30642.897932
30655.1482906
30661.6744029
30668.4471433
30676.855067
30684.0205004
30692.552571
30699.8498883
30710.110449
30714.4417216
30724.9982024
30733.2067766
30739.4324438
30747.6810454
30753.9883878
30761.1764739
30770.180917
30777.8567674
30785.2756709
30793.2874869
30804.3215933
30811.424618
30815.8861686
30824.2559322
30829.91803
30840.0295886
30849.7326975
30857.9364068
30866.0547125
30874.1336206
30882.4499801
30890.3744661
30899.5772139
30908.7884798
30916.1820529
30921.957477
30929.6995772
30937.6268815
30944.4338653
30955.0705756
30962.6674293
30969.4235688
30977.2371443
30983.5807952
30990.7278377
30997.7322833
31007.7008672
31014.9004339
31024.5763824
31030.6408719
31039.8651418
31048.426473
31057.0817564
31065.5413248
31071.3363346
31077.3312349
31084.8284025
31095.1543224
31104.378308
31110.3437473
31120.5116924
31127.251727
31134.2134927
31140.0761369
31147.6730258
31157.8619507
31164.9241573
31171.3230336
31179.5552422
31188.6531167
31197.1208058
31204.3028715
31212.845159
31218.7331436
31229.006488
31235.9688088
31242.3222223
31252.5488005
31259.7224054
31266.4454353
31273.4236912
31279.7351506
31287.0321992
31296.6450819
31304.7180471
31311.4434544
31319.7445008
31327.1556629
31338.196066
31346.72993
31354.8852158
31362.4103693
31369.996195
31377.3299012
31385.9706386
31391.8648201
31401.7925639
31410.1621562
31419.3893223
31425.5766595
31433.139932
31439.087804
31446.9707305
31456.0930276
31465.3090367
31474.3367867
31480.6709717
31486.3299934
31495.1096741
31505.8091821
31510.5274775
31519.1343789
31525.1386974
31535.4640726
31543.4255244
31551.1792019
31560.7328475
31563.4962852
31572.5570335
31579.2148204
31589.1755248
31600.9813598
31606.2089862
31613.8427134
31622.5164978
31630.036909
31640.8691527
31648.535207
31654.1226778
31661.2359896
31670.1917505
31676.6983211
31683.6045817
31692.2541992
31700.4871336
31708.678674
31718.6697409
31722.3578918
31732.6261304
31738.363546
31746.3690971
31753.0401012
31761.7054131
31768.6995527
31778.258729
31784.3044018
31794.0676396
31800.5588144
31808.9845943
31819.1920152
31825.0794844
31837.6886124
31843.1337914
31851.8788613
31858.1034076
31867.6101693
31876.4800509
31882.4566116
31888.3153796
31898.1624424
31903.5848397
31911.9226975
31918.9006281
31930.4699406
31938.5914543
31946.7320548
31955.5270358
31962.1331138
31970.5332213
31979.740057
31987.6897937
31994.6197888
32001.0005449
32007.3831454
32014.9622648
32022.5015306
32028.481001
32039.0105117
32045.5534704
32053.2438152
32061.5272959
32071.7294246
32078.8515429
32084.2184767
32094.6321956
32099.6826429
32108.7288468
32115.8049108
32123.6474886
32132.516905
32142.2016882
32149.0294832
32157.5196354
32164.466424
32172.1986834
32181.4518943
32188.2227813
32196.5608072
32204.742296
32212.2073491
32219.9532024
32227.9537178
32234.4729356
32240.6182856
32250.3687806
32259.1850989
32267.294828
32275.3139443
32281.995205
32290.7891009
32300.2766883
32305.3100775
32312.4307537
32321.5783368
32326.9280144
32332.8956044
32341.4329516
32350.7453241
32357.325023
32365.6563289
32374.2477404
32382.5218078
32392.2477164
32399.3108814
32408.0125767
32413.8311723
32421.6401281
32428.0657461
32436.2556212
32444.7884317
32452.479058
32460.6935176
32468.9088509
32479.9214785
32486.7143361
32493.5866888
32503.3347441
32510.0342864
32516.6349898
32525.7652495
32533.4492727
32541.1921808
32548.2917653
32558.1340809
32564.7361577
32571.7599635
32578.0730971
32587.0123875
32595.2504203
32602.9965837
32612.9599259
32619.5709878
32625.8160757
32633.475493
32642.1266633
32650.1168224
32658.2251543
32667.2940412
32676.5772617
32682.5097235
32690.2302243
32697.3418508
32705.2406745
32713.1932159
32720.0491797
32726.8337033
32737.6097957
32745.6024771
32751.123448
32760.1155789
32769.6055452
32780.0122119
32784.6152551
32791.1499997
32799.3013862
32810.1536618
32815.9217777
32821.4432068
32828.4419224
32839.9238517
32844.2881842
32853.5147589
32861.6709954
32870.0736738
32878.7900758
32885.347683
32889.9474293
32899.7065468
32908.2397765
32916.33811
32925.2861778
32931.2260784
32941.7128405
32949.2163425
32954.6730254
32963.3413336
32972.6144127
32981.3384647
32986.7727112
32993.2203089
33003.7385648
33010.6719784
33016.5971488
33025.6131856
33035.7578022
33044.7782949
33051.8415407
33060.0131526
33067.5045158
33074.0873078
33080.9103204
33085.9916863
33094.1607011
33102.3181862
33112.1715704
33120.5491595
33126.4307905
33135.7651645
33141.3970388
33148.8986783
33160.8965735
33168.7482345
33176.7022616
33185.4344744
33191.1753977
33198.9368004
33205.5793447
33214.8776381
33221.3819432
33230.6477455
33237.6722168
33246.6758499
33251.230651
33261.4390738
33269.1502058
33276.1894179
33282.9130426
33288.4173115
33295.4931309
33305.761505
33310.1048706
33319.5866049
33327.8522611
33338.0431378
33346.845651
33356.078081
33360.6199772
33369.5346258
33376.6924365
33384.7781726
33391.3453383
33398.3452633
33408.1504898
33417.2024023
33423.9966073
33431.8031386
33438.6800728
33447.058378
33453.3140843
33463.6068426
33469.1538004
33477.8394284
33485.1114861
33492.4282088
33502.1452911
33510.9821711
33519.3699529
33526.4627648
33534.3217036
33541.0673662
33549.2736412
33555.1623209
33567.4091598
33572.8931667
33579.9098247
33590.7228526
33597.3519375
33604.9300278
33611.1943412
33620.0169418
33628.5443356
33637.2824726
33645.8163544
33653.8331004
33657.2613461
33662.4433097
33671.1468411
33679.1795851
33687.1683693
33696.0299495
33702.1372265
33710.1694752
33719.0664444
33727.9718546
33736.0221136
33745.5977358
33752.2252229
33758.8410733
33765.4334523
33774.0178647
33780.4028955
33787.8272994
33796.5462874
33804.3344418
33813.0218002
33821.1263136
33828.4777263
33836.9496974
33845.8456775
33852.9973447
33858.3810885
33866.5291306
33875.9217078
33884.302605
33894.0416342
33902.3017203
33911.1290802
33917.967999
33925.446756
33931.7721238
33940.0561092
33947.4842814
33953.2746414
33962.8961236
33969.6436118
33977.857963
33983.3038994
33991.5666215
33997.9968257
34002.278032
34010.9355737
34019.9104826
34028.1377217
34036.188689
34045.5307915
34052.3301437
34060.7453601
34067.7248808
34078.8104736
34086.0017084
34090.4788071
34100.5494445
34108.4960082
34115.0537682
34123.5191225
34131.0630157
34138.8557156
34147.7679456
34156.2219877
34164.8899643
34174.5062474
34183.025181
34189.7960813
34198.1024269
34207.0847884
34213.9168903
34219.886141
34229.3475081
34234.60575
34243.4831232
34251.1224897
34258.1284821
34264.9751011
34271.585546
34281.3032935
34289.3524204
34296.6722336
34304.8227376
34310.8625023
34319.9590601
34327.2865231
34331.7076121
34339.9683531
34352.4320994
34359.001883
34367.4334799
34375.0202702
34383.1519527
34390.1339709
34396.3745542
34405.0275033
34411.1868166
34418.9914156
34426.9204591
34435.4724024
34443.9438882
34455.6663956
34458.4272616
34466.8574018
34473.3775642
34480.9998046
34490.7668356
34496.8884922
34505.710879
34515.1413052
34521.312439
34529.1406131
34535.5330129
34543.0259102
34549.5956671
34561.917342
34568.7014857
34574.4073011
34582.1654509
34590.9584619
34600.1021437
34606.5283947
34613.065693
34621.6080885
34632.7838286
34638.2137609
34644.59063
34654.9872561
34660.5040538
34667.7500284
34676.7528727
34682.8890133
34693.401506
34700.5099674
34710.2704912
34717.0675583
34722.4244997
34731.8606174
34739.5339811
34747.1756611
34755.2738095
34762.8987388
34769.5949966
34779.6054677
34787.9186272
34796.7201158
34803.8734725
34810.1952658
34819.7722392
34826.5911052
34832.7404443
34839.9540774
34848.374341
34852.1037659
34862.4306016
34873.4091973
34880.8074648
34886.4789667
34892.2390399
34902.3225295
34911.5616482
34921.2309856
34927.6757957
34937.5950797
34946.1490292
34952.1880743
34956.7869155
34962.0348572
34972.8084012
34980.1122045
34987.7911208
34996.1262788
35004.1516073
35011.6708949
35018.2231554
35025.7793014
35031.8580816
35039.6334749
35048.6807894
35058.641311
35064.7340864
35073.3681127
35079.8642012
35089.8121259
35098.6391015
35107.9846287
35114.4882399
35119.8099301
35128.057917
35136.4183108
35144.0432282
35150.9673633
35160.0869124
35168.1389803
35176.6416208
35180.1537555
35187.0773604
35195.0702961
35204.6468791
35211.1470275
35222.638389
35227.9487761
35236.9626814
35246.3101167
35253.8307208
35261.6665156
35268.006333
35275.9236979
35282.9894807
35294.0367648
35300.1930714
35308.1707058
35316.9525066
35323.9870595
35330.7220773
35338.8920892
35344.5780215
35355.8179752
35364.2613969
35369.7913239
35375.5878928
35385.3659655
35390.925071
35399.8342132
35405.1314184
35412.5795019
35423.2972012
35429.3805694
35436.478317
35446.774585
35454.9317062
35461.6106981
35468.687294
35477.9954719
35485.1684861
35492.9220786
35500.9416012
35506.4019918
35513.1972108
35521.9976791
35532.5514235
35540.9918309
35547.5020049
35554.026681
35562.0657908
35572.4053021
35577.8942057
35584.1607438
35593.5415372
35602.4499378
35609.0970314
35617.3655946
35625.6449735
35632.5489664
35639.789868
35648.7924225
35656.6885086
35662.4039025
35670.5657877
35677.1618954
35686.7548965
35692.9990147
35702.1009517
35709.5235194
35717.3635608
35724.5681314
35730.3929407
35737.6359484
35747.3383153
35752.5648984
35759.4357188
35766.102493
35775.337701
35783.4419647
35793.5669804
35799.6698561
35808.7847576
35817.4109841
35825.4230337
35833.8550803
35840.8471582
35848.7274719
35857.7614667
35861.7304581
35873.0249953
35881.2278717
35889.0370818
35897.3484877
35905.2855931
35913.128171
35920.9288241
35924.5755417
35930.6501241
35940.5519805
35948.638815
35954.6856438
35964.0628408
35971.7690185
35979.6110688
35985.284446
35993.9465182
36002.2728265
36009.488404
36017.1946785
36025.7249191
36033.9912787
36041.4397311
36048.8959469
36054.9331578
36061.9057112
36070.3357962
36080.0734302
36087.1472899
36094.8864081
36103.9903951
36111.7331808
36119.9110191
36126.6953336
36133.8350837
36139.8881392
36148.0509428
36154.8505724
36163.5237181
36171.1202741
36178.6543679
36185.7824012
36195.579985
36203.4291701
36211.0186433
36219.5493231
36227.8040491
36235.2851049
36243.8225054
36249.843043
36255.2376714
36264.9256583
36269.9334772
36277.6772849
36285.1490561
36294.2726347
36302.1998038
36311.4819441
36319.7987494
36330.0704304
36336.1468338
36343.9392911
36350.4928152
36357.3568052
36364.0154441
36372.7950283
36380.3854316
36388.9576755
36395.9984408
36403.2339169
36412.645458
36419.7742597
36429.8601149
36436.8255645
36440.7455425
36450.2237878
36456.0577354
36467.1691817
36474.1032148
36480.1873558
36488.8839649
36496.5276022
36504.9477542
36511.327294
36519.5019618
36526.3971981
36533.9630286
36542.1680552
36547.936944
36557.6158382
36566.2798612
36574.6985294
36581.2412505
36590.1926965
36596.6156718
36605.1224423
36612.0243221
36618.4180429
36626.0534572
36634.0078201
36641.4893466
36648.6470943
36655.296703
36662.6704962
36671.1667124
36677.2595511
36687.9109306
36695.5443228
36703.3028126
36710.7297206
36719.3029629
36725.998868
36732.6923587
36741.948002
36750.8288003
36757.4330393
36765.0381056
36771.6839392
36782.1086459
36787.6943865
36796.6663652
36803.2403107
36811.1978826
36821.5122313
36828.3465875
36835.3451822
36841.8490988
36851.5704495
36857.5253671
36864.0645681
36872.2527046
36878.8014588
36887.4791008
36894.4594936
36902.2474226
36910.3978104
36917.9605251
36925.4218245
36931.8734391
36939.5521754
36948.0432102
36957.5881746
36966.5116076
36972.813684
36980.3846554
36986.2215411
36997.2687327
37004.5834498
37012.2327454
37019.0764941
37028.7642499
37039.0318859
37044.3681636
37050.8115168
37058.607315
37067.4841515
37073.721619
37079.1911158
37088.5533288
37095.3226523
37103.2485451
37111.7169386
37119.2107609
37126.3916229
37133.6994358
37140.9181043
37150.3463109
37158.3233813
37165.2950434
37172.35537
37180.960134
37188.8804419
37197.4942572
37206.3560448
37212.658177
37220.001339
37228.5883843
37235.7178317
37242.3275033
37250.7622154
37258.1722132
37265.3838442
37275.3557451
37280.4015717
37289.5973051
37296.1039629
37303.8727896
37311.6337039
37321.2684569
37328.7769355
37336.870484
37344.5343214
37350.5086253
37361.6849477
37367.243666
37372.9623796
37381.470556
37390.2690048
37395.1780769
37402.1007018
37412.1773561
37419.9304983
37426.0524775
37435.6496391
37443.5640243
37452.2514807
37456.7941022
37463.46296
37471.1407942
37479.5390835
37488.9418049
37497.7844133
37504.3102947
37510.9281877
37517.8064399
37526.1164513
37535.829667
37543.0383544
37551.1060984
37561.1847643
37566.157154
37574.7388154
37582.1675719
37588.9907378
37596.3066737
37607.015407
37614.7441708
37621.0698949
37631.5940738
37634.733856
37641.7470684
37650.1353938
37659.1250232
37664.3587476
37671.189232
37680.4205167
37688.0974033
37695.7164917
37705.625964
37714.7777206
37719.7379998
37725.5475573
37733.8138829
37741.1343432
37749.6533328
37755.5357079
37761.9727021
37771.7170473
37781.1741776
37790.0542611
37796.9521593
37804.785048
37811.3930361
37819.828409
37825.9349619
37834.026343
37843.1394421
37850.3969863
37856.4452172
37866.8806959
37871.505023
37880.2004078
37888.4940735
37895.4810118
37901.8181172
37906.7446932
37912.2536177
37921.3441312
37928.2189275
37938.5516509
37950.3025345
37956.3720594
37964.644689
37970.9886715
37978.7782697
37984.207182
37992.300554
38001.5992122
38007.5682904
38016.727068
38024.975189
38031.7989135
38039.3906808
38045.4164778
38055.9401264
38064.5331181
38072.565648
38078.3370415
38086.0721037
38092.8154798
38101.0145593
38107.8692734
38114.3360074
38124.7994221
38132.433872
38139.8245661
38147.7577671
38157.0349715
38163.2813548
38172.2098628
38177.105368
38185.7363754
38193.2099348
38200.3710504
38207.9667135
38218.9683814
38224.6427191
38231.3086722
38240.3328933
38246.1671688
38254.4966978
38261.8807803
38269.1494779
38275.1501253
38283.594026
38293.67328
38301.4642493
38310.1695185
38318.4326293
38324.9214543
38331.199462
38338.6895755
38346.1321256
38353.1668021
38363.0448916
38371.6625507
38377.3603094
38385.7482838
38392.0656482
38401.6823209
38407.9560492
38415.8711737
38424.3257323
38432.9446763
38441.4876937
38446.5958409
38454.0042593
38463.5220606
38470.4197041
38478.8104947
38484.8041479
38493.2016991
38501.2850851
38507.8477928
38515.4637577
38524.1643679
38532.8969677
38541.0977572
38545.6887643
38551.8812477
38562.5275914
38568.6951378
38574.7031975
38583.6014926
38590.9717519
38600.10461
38608.0722552
38613.188705
38621.8201587
38629.8968455
38638.7086492
38647.2804522
38655.3999502
38663.1777032
38668.5357202
38678.8297423
38685.6770494
38693.8650289
38700.7068642
38707.5792445
38713.3636045
38720.5865687
38728.2516976
38735.8177599
38744.9500369
38751.4976575
38757.9209671
38764.4894573
38775.1530868
38782.4322525
38790.2881879
38797.1422683
38804.9261295
38812.8804439
38820.3438664
38827.1162292
38836.8565334
38841.7758935
38849.3187089
38856.9280998
38865.6435562
38872.2218666
38879.1995332
38886.1300799
38895.9296109
38904.7365818
38912.6777114
38920.4110147
38930.5785473
38939.4385884
38945.6839558
38953.6030026
38959.4291016
38967.3606974
38974.280971
38983.856103
38991.6186074
38998.4752233
39005.7974978
39011.8123963
39019.4099257
39028.2375476
39034.0091173
39041.4178451
39048.2721094
39057.6742881
39066.5259922
39073.7742309
39081.2357565
39088.3668976
39096.4889494
39106.2794144
39115.2368937
39118.8070495
39127.0780891
39134.1597947
39146.1897299
39152.3935721
39159.7799853
39164.4182091
39172.2097176
39180.5815966
39188.7769353
39197.2924244
39204.022933
39211.9137868
39219.4210188
39225.2691961
39233.6373851
39241.5148046
39250.1899631
39256.2909441
39265.4148537
39272.160065
39281.4839486
39287.9054256
39296.1601105
39303.4372831
39311.7110995
39319.9249436
39327.8865709
39334.5431681
39342.2200746
39348.2371204
39356.033094
39361.0884945
39370.2275942
39378.8742407
39385.7359073
39393.9723747
39399.2893123
39407.2842519
39415.541283
39424.0462765
39432.780624
39441.0313833
39449.2069007
39457.081647
39464.7666892
39471.8940177
39477.7145072
39486.0018833
39493.4375497
39499.8918303
39507.132656
39516.9509098
39524.0176607
39532.8015021
39540.5947669
39545.5203154
39554.3063843
39561.3524602
39570.1843973
39577.8360007
39585.1150188
39593.0478882
39600.2125297
39606.4324792
39612.5654833
39623.161027
39632.5336128
39640.3767175
39647.2992408
39654.5250353
39660.8046326
39669.7815646
39674.8458078
39683.9354825
39692.535389
39698.806329
39705.7358472
39711.6591816
39720.3622243
39727.8439808
39736.3673637
39743.3316053
39751.7771235
39757.58433
39767.4895127
39774.564034
39784.5633365
39792.1659916
39796.3513144
39804.1024251
39813.3706429
39820.5666678
39826.6153665
39835.7834021
39842.1357623
39849.7264857
39857.481827
39868.2485433
39875.2181171
39882.5130949
39892.788362
39898.6657151
39905.5651061
39912.9200656
39920.9739832
39927.654514
39936.4251082
39943.2008343
39949.1887102
39958.846915
39966.3564146
39974.5039535
39983.704828
39990.4872062
39999.3052298
40005.3797682
40012.8769515
40020.4136602
40028.9322337
40031.4501355
40039.5767478
40047.984329
40054.7840478
40061.8449811
40070.194298
40079.8679368
40087.9281488
40094.9492344
40103.1874602
40109.8469787
40119.2779447
40126.4664787
40133.3405029
40139.1246814
40147.4369904
40154.6920909
40164.1500903
40172.1191876
40177.0677803
40186.7777865
40195.103372
40201.8614578
40207.5281858
40214.7365744
40222.5556398
40230.0373382
40237.0001843
40244.4010421
40252.3027466
40260.3994665
40269.9901614
40278.271973
40285.6214009
40291.7360064
40299.2531633
40305.7015952
40313.5484684
40323.1906975
40330.514544
40337.6741606
40344.1750154
40352.5962768
40361.4467473
40368.5595293
40376.7901925
40383.1932887
40391.3215354
40398.9177438
40404.859654
40413.3833284
40421.4746387
40429.2724281
40437.6383077
40444.8481179
40451.7482867
40460.8184736
40467.2215571
40474.9409656
40483.0010523
40489.4207323
40498.3299185
40506.1137854
40513.0286479
40518.6202318
40527.374277
40533.6228494
40542.9388528
40549.519724
40557.9312648
40564.1242385
40574.3024176
40581.5171799
40589.9107393
40597.0667859
40605.3958836
40611.2920805
40618.8284506
40626.1798521
40633.7700723
40640.1084478
40647.5522923
40656.7074371
40666.0049399
40672.9399254
40680.0734653
40688.3737244
40697.3015814
40703.9197739
40711.1138372
40719.655374
40728.4283113
40734.9989144
40741.9332694
40749.9014795
40757.7776244
40766.1453653
40771.3615233
40779.5203583
40787.0261472
40793.8131097
40803.2419086
40811.300405
40818.735322
40828.0032379
40834.0147742
40840.6138146
40846.8816082
40852.2726471
40860.3880187
40867.8488099
40876.2034839
40885.9946542
40890.3299035
40895.5908909
40904.2994643
40917.5644198
40924.0326036
40929.7867856
40937.6972499
40946.2783758
40953.3964957
40960.8412938
40968.6226312
40973.9433097
40982.9778743
40995.0934579
40999.2685597
41004.9884499
41013.4338687
41018.7242759
41027.8161395
41035.7311646
41046.3085987
41053.8949778
41061.4970254
41067.4634031
41073.5579665
41079.291309
41087.1144217
41094.5000502
41102.3729658
41108.0084621
41119.273605
41129.3915881
41136.0672277
41143.5607923
41150.6658602
41156.7617249
41162.8713496
41171.778616
41179.143396
41189.7616683
41195.5590406
41200.6157917
41209.7016473
41216.0390839
41222.3191887
41233.7670708
41241.7755927
41249.8506999
41257.3783601
41265.0382052
41271.7943081
41279.4944481
41287.1751472
41293.2375803
41301.8488126
41311.6169865
41317.9157504
41323.8192655
41334.3371169
41339.5301809
41349.5199898
41357.3349382
41362.8905172
41371.5804143
41377.9369805
41382.7850373
41392.8223834
41400.4597728
41407.8549438
41414.1588191
41423.526425
41430.6483424
41437.2871354
41447.9128762
41455.030422
41460.6701244
41468.5123839
41476.0828362
41481.9612801
41491.2354275
41501.0444013
41507.236036
41514.0633043
41523.0529707
41528.5185931
41537.1440532
41545.9984167
41553.0433714
41560.826465
41567.8002466
41573.9059895
41582.6350773
41588.425109
41597.7380036
41606.0800737
41611.4709698
41619.9005627
41627.8057919
41633.8737288
41640.6270972
41648.6241288
41657.4383471
41668.2135407
41673.1902542
41680.2601724
41689.8308452
41695.6693945
41701.7044067
41710.818802
41719.9567176
41728.0058107
41736.1346544
41740.0915817
41744.8374814
41754.1233897
41763.2373283
41771.4280312
41781.3632309
41786.5174068
41793.044565
41799.3049867
41805.5321488
41814.1747971
41824.0405738
41829.6435663
41839.1225644
41845.3255742
41853.1628215
41862.0302448
41870.7419391
41877.8820935
41883.06403
41891.0492875
41900.5199616
41908.3998395
41915.4083494
41924.1994138
41930.4328705
41938.3035227
41942.9298278
41952.0107903
41960.8440864
41967.8222965
41976.2235194
41983.4231604
41990.5006425
41997.883375
42007.7761576
42015.9881712
42023.9343855
42029.6863592
42035.6898783
42044.0672749
42049.7002132
42059.3739981
42065.2050944
42071.6906637
42079.8122508
42087.2537618
42096.6594035
42105.6768612
42111.682574
42120.5209724
42131.5871413
42136.7903785
42143.3078852
42148.962545
42155.6691099
42163.8080304
42171.7140609
42179.1143075
42189.2998463
42197.0810327
42206.9044086
42211.6242883
42219.5391637
42223.7456417
42230.9050348
42238.1304879
42246.089525
42256.6520372
42263.5290227
42273.3084812
42279.0162247
42285.1998396
42291.6092237
42299.3608263
42308.9028015
42313.6568084
42320.9622577
42331.268497
42337.7769304
42343.3536051
42350.8935281
42358.0222765
42369.00746
42375.9715427
42382.8409774
42392.0104029
42397.9727928
42404.6038818
42413.4147446
42418.0222606
42426.7317138
42434.111861
42444.4288279
42450.0044979
42457.1924219
42466.5357008
42472.8650869
42480.7547961
42489.2900008
42495.0147653
42502.4959925
42511.84113
42519.9579106
42527.4006752
42535.7040515
42542.7687988
42549.4948509
42555.9047147
42564.3457396
42571.597318
42578.4668275
42584.4123732
42592.2763421
42599.1428635
42607.0003036
42614.1818751
42623.0046042
42630.2955031
42638.8455945
42647.9134883
42656.8174711
42663.2830717
42670.2712307
42678.1731513
42684.7237629
42690.9063622
42700.719724
42709.945911
42717.3980554
42725.242808
42731.1576588
42739.5556435
42748.4317081
42753.2688104
42761.2013439
42769.0137434
42775.7826765
42783.7969945
42791.35936
42800.0292564
42804.209098
42813.331059
42824.3549096
42831.1473463
42837.8578951
42843.9664514
42852.8888164
42856.4102831
42863.5405954
42868.9736092
42880.5873826
42889.0607681
42897.2314742
42906.2619007
42911.5675994
42920.2208313
42925.427202
42931.9694314
42938.8705039
42946.7248124
42954.7539365
42962.4210228
42970.1798978
42979.8725168
42985.5673698
42991.3861094
43002.2965543
43010.2268734
43017.0028814
43024.9197249
43034.9806171
43041.6515104
43049.1889336
43057.1368227
43062.3142034
43070.6067699
43077.3127324
43083.6257322
43091.1015879
43097.8104027
43106.8988142
43116.5204766
43123.3958315
43130.0029105
43138.2529252
43147.1456053
43154.1698609
43161.9841992
43169.5434205
43177.7656724
43184.5210653
43191.584242
43198.2067173
43207.1899744
43212.9429004
43218.1090012
43224.8505655
43232.2104006
43239.6366273
43246.6897867
43256.5549944
43262.6979865
43272.1571289
43279.2559373
43287.7483881
43296.9588534
43304.0893118
43312.828181
43321.9885897
43328.0200295
43335.359861
43342.1277664
43349.3814767
43354.8841021
43361.4141811
43367.3345424
43375.3948626
43383.1676453
43389.4457155
43396.5327142
43404.8848797
43415.2255336
43421.5291792
43429.7502053
43438.561217
43445.3923692
43451.7302855
43459.6253701
43468.6588945
43474.7840929
43481.6837662
43489.0019594
43495.7984194
43506.9805728
43515.1163449
43521.7567385
43528.2190848
43536.3514725
43544.1186565
43549.9861655
43556.8560063
43567.5174125
43574.9073453
43582.4266618
43589.6066207
43597.3613286
43604.493249
43609.6088701
43617.7125152
43625.1252287
43631.4076239
43638.141667
43646.9520668
43654.9473424
43663.3554776
43672.4074077
43679.9104918
43687.5250963
43697.3983001
43700.950433
43707.2612685
43716.3508114
43725.9307863
43731.2291651
43739.590593
43747.6765112
43753.5999923
43762.5648645
43769.9735988
43778.6337254
43785.496047
43793.7612472
43799.5401053
43807.1057446
43815.4852693
43824.1344449
43828.751301
43834.7741469
43845.2278753
43854.7597811
43861.3368752
43866.9166504
43873.4802309
43881.3310095
43890.6237941
theta_est = 
 [[  1.3684e+03   4.8537e-02   3.6303e-02 ...,  -7.0908e-02   8.9128e-02
    1.8878e-02]
 [  4.8537e-02   1.3684e+03  -2.6391e-02 ...,  -6.7670e-02   8.4241e-02
   -3.8200e-03]
 [  3.6303e-02  -2.6391e-02   1.3684e+03 ...,   7.5257e-02  -6.2921e-02
    4.9056e-02]
 ..., 
 [ -7.0908e-02  -6.7670e-02   7.5257e-02 ...,   1.3684e+03  -4.4149e-02
   -4.6950e-02]
 [  8.9128e-02   8.4241e-02  -6.2921e-02 ...,  -4.4149e-02   1.3684e+03
   -1.2587e-02]
 [  1.8878e-02  -3.8200e-03   4.9056e-02 ...,  -4.6950e-02  -1.2587e-02
    1.3684e+03]]
