57.5860134095
45.273850698
38.4637731516
38.4877155304
35.034740353
32.8641524606
30.9186357209
28.0384029872
27.0829692614
25.9343378386
22.7020602958
22.0428952824
20.815698232
19.5160509783
18.4019352261
17.2562138658
15.1036698627
14.2502904392
13.1641849932
14.293192716
12.3602909943
13.6674292318
11.1396510201
10.7659965392
10.4110542506
10.2254176229
9.38971941778
9.03034996603
8.46330246186
8.6519481796
7.67847428978
7.40108387958
6.65949237936
7.14351849011
7.42635917002
8.02070932713
6.97679625296
8.85475810617
7.45249817183
7.39404221616
8.7378983122
7.58010097943
8.6115619517
8.02136417211
9.09509515522
7.88000633441
8.72850523383
7.69117356111
9.48852741177
7.74182008549
11.9256476092
10.053710688
8.85587388862
8.45506514308
10.4532235362
9.03133993357
8.93348959045
8.52737490045
8.73717728827
10.2967645775
10.3083678419
10.1715908947
9.27241359667
9.10017543591
11.3376450717
9.1183453068
11.2781806732
9.43043617922
9.15121013596
9.68187531091
9.51244396935
8.90995759739
10.7311088426
9.29846388027
9.78378148908
10.4955997451
8.94913327972
11.7609002514
9.79917460155
10.3635284782
9.77464914145
9.54537670427
9.69363030573
9.01271766799
9.76249102592
8.7526728635
8.91219667192
8.75220671127
8.75028879235
11.2277448185
9.6457938246
8.99684124554
9.69476780624
10.3727309413
9.76673385867
11.3722264155
10.576294377
10.5414390151
9.70199246568
9.3476680232
10.5467125149
9.49579900543
9.01368736091
8.68686734251
10.0749115522
9.48914545134
9.56615302059
10.3715216874
9.30446447443
10.2793031996
9.18098533771
9.80835045885
8.67281563175
8.72158792335
9.60789754427
8.71427859791
9.47469869511
8.66948949152
10.6333862029
10.6569497518
9.70158014934
10.0639290796
9.83110461018
9.54252186867
8.99474680905
8.7938248596
9.33792629603
9.08309230185
8.8990299827
8.7920000838
8.63587936542
10.1586487384
9.4459756195
9.59190110918
8.93378613898
9.21252623528
8.5641050509
10.0998089314
9.06004328649
9.28969580345
9.17922296828
10.5316864561
8.91347944062
9.72179134186
9.09814661306
8.42200495388
10.3113166067
9.24203386957
9.36326151191
8.73454527047
9.23753621516
9.74033939342
9.96877737422
10.6491160899
9.16833351278
9.62938415059
8.911209899
10.4394614078
9.21286776374
9.33826970591
10.4007838534
9.58258613166
9.30684947744
11.1682067335
11.4600697155
10.2666333371
9.10346317666
11.040974668
9.66514715871
10.0668749631
9.707088273
9.94375068304
10.2468288275
10.2881088969
10.8286134712
9.74986679129
10.573424511
10.4841434315
10.0345486649
9.73252232432
10.2498160485
11.4094365468
10.2412534122
9.2780238216
10.1185722385
9.50293071574
9.17227126029
10.4132615172
9.50337114488
9.87761469568
9.38057070118
9.44020307193
9.50268341624
9.82678667709
9.92529476601
9.3370153508
10.2620821017
9.3160497453
9.5321938057
9.05643172134
9.78835118859
9.61768637938
9.49080977973
10.6029341333
9.34101491517
8.90798962999
9.35410581049
9.22805835731
10.0811149303
8.82606256967
8.81366750361
8.70908551899
9.52155103839
9.46895558433
8.98568365174
9.52008148366
8.92215128482
9.5990250757
9.08338039021
10.1510412602
9.1778065749
8.26619084162
9.27613447476
8.88268530966
8.33510493999
9.17734210351
9.22922737608
8.80618736561
8.86571372203
8.6648897984
10.5411646059
9.67809040755
9.05405142885
10.1810016023
10.6459923942
10.3702090339
9.2201022966
10.511980898
9.43400439146
9.98797051134
10.1601156304
10.4317310156
10.4767552831
9.74305611018
9.44588962905
9.26860020203
9.75078307123
9.04156718199
9.81928947354
9.83593969227
10.3227892309
9.42734713948
9.38008485234
8.54961694129
9.27044567272
8.54735570718
8.88930312239
8.43827986823
10.4825906556
9.31303793162
9.94015430303
9.58851426771
9.17040879219
9.41562993165
8.87901352694
9.26832159028
8.5930324175
9.0553604491
8.41213840268
9.62066881043
8.75911682656
8.82988133953
9.45199434565
8.83053990721
8.04375918344
7.90645274386
7.66358731576
8.00073120355
10.1829946444
9.41894196368
8.34039660813
8.88396062988
8.94306923617
8.98731008736
8.08155189644
8.89566978556
8.42802967778
9.22735704475
8.50067959862
8.534180912
8.6374827365
8.1637502822
8.15579926724
9.11037958664
8.18376810415
9.87975488445
9.2640023067
9.31522639062
8.19098460315
8.58342222975
8.20183303687
8.46730076113
8.56906508752
9.26786741303
8.51225082429
8.6232812119
8.38592573523
8.15743048042
8.10527492088
9.04788200215
8.42285277818
8.48203307061
9.06004334623
8.35597189959
9.36912079179
8.96524007562
9.08822212519
8.70321122768
8.34722325213
9.1197725696
9.2195442564
8.94266558626
9.83977234113
9.82109957758
9.68391461408
8.58596737341
9.07368805655
8.56523395453
9.1629061854
8.28179870508
9.3428912691
9.15165669452
8.59364069893
8.25378961673
8.11513545571
8.22572225657
8.40456909562
9.29599447409
8.84752752752
8.9301689775
8.00200559248
8.92264595901
8.29075989522
7.91580689701
9.08934570727
9.058439331
10.0652397656
8.6804574593
8.14989490113
8.64334405449
8.09850133089
9.28744981042
8.98679906483
8.38800726757
8.71617638334
8.59743635823
9.77228137983
8.89338338644
9.57195574768
9.58072901216
9.72545494173
9.91735859502
8.65825048417
9.8460360815
8.81544516893
8.89444840448
9.14970841775
10.0694944947
9.13257206353
9.10755431549
9.23665557256
9.03603338776
9.76952544044
9.08368060662
9.41802691835
9.5892270197
9.63842755983
9.65798670574
10.3227783869
9.61506868381
9.97026763963
9.5486157824
10.5387609555
9.83176532878
9.79302432016
9.71159935404
10.4316121297
9.31351422252
9.29708015318
10.3390325083
9.42759344427
10.305694412
10.0868317615
9.62400604367
9.1796928336
9.39056975662
9.62373330279
8.67197446758
8.66057550928
8.89670131951
8.81477097803
8.77025714476
8.53449237633
8.26688816956
9.29906698772
9.58065337554
8.41063511332
9.37792695531
9.59268198343
8.87690009778
8.23907764172
9.13949087566
8.55556702669
9.33563897486
9.11630674903
8.66744858582
8.61212145331
8.79944070149
8.58289354205
7.65143901458
8.26979009138
8.42942989363
8.37851855972
7.57596951885
8.8376339835
8.60427328103
7.82118735153
9.01448004502
9.16882160704
8.33731647639
8.79147051683
8.41584510053
8.24595742365
9.53229544408
7.84634547578
8.5092023094
9.55497258276
9.16436864086
8.05487664005
8.14257806997
9.83250795715
8.56756798094
9.30446582863
8.45212019651
8.89602025059
8.40830243748
8.33326515834
9.11573610117
8.61703788811
9.27376050684
9.74926463471
9.86241247738
9.87744983246
8.75716612404
8.31392752149
8.94184601597
10.1646565208
9.52338976958
9.07370714824
8.8702888451
9.89739398655
9.4806469815
9.3734506008
9.418505331
8.8669964249
8.7577717599
8.33312790937
8.66120853489
7.89778040424
8.66378411629
8.66269629112
8.02320829367
8.63944257943
8.20723306918
9.25327342648
9.11642742027
8.39634782104
9.07365923312
9.34772120604
9.08907818827
9.57165097972
9.07135183311
9.98935642302
8.88831349169
10.5682192852
9.51655118079
8.8509297316
9.51359844413
10.8199385186
8.99327736622
9.26794873613
9.54082955164
8.6418295506
8.80509812211
8.49036912204
9.85667546465
9.26380789937
8.7967181348
9.38553153167
8.82652555238
8.62308259723
10.0724149964
9.16253852929
8.87235266631
9.17938895732
8.8807956305
9.56698951677
10.3198237141
9.56466012173
9.0986808237
8.82907265776
8.40100286756
9.01397193646
9.38103451446
8.88062546434
9.29035864726
9.87218331242
8.90708084082
9.25483816045
8.79455755344
8.62044227753
8.6135992172
8.25417585903
10.0053058917
9.7007714511
8.85397773541
9.55720870115
9.29205948668
8.85149303149
8.86382533065
9.00041007085
10.0249522296
8.88841351172
9.71397745309
9.76504138677
9.62845599649
8.93985751038
9.18303597198
9.02361006402
8.4840855478
9.99532487958
8.96183480194
9.10607312143
8.56184618829
9.3228288749
9.41526368021
9.57402985599
9.1291799032
8.29577093776
9.58545364803
8.31882263998
7.99364084038
8.66062354712
8.94372738877
9.35375573399
9.25988666691
8.7356502342
9.71200204941
9.37437342032
9.22403597374
8.85045152134
9.66255199058
8.94382491256
8.98830496911
8.61999642695
8.77143382771
8.63237757485
8.60955968323
8.60835936066
8.76845269601
9.2718509431
9.13923902481
9.20460759342
9.23536374507
8.57544035953
9.10667887231
8.40586056564
8.91521933325
9.04832135096
9.11462920157
8.24642325177
8.20008913248
8.1444850494
8.65595458709
8.07898951156
8.49457872533
9.02512158447
8.23309776043
8.44567531072
8.61480857418
8.49253591973
8.77059470425
8.57550771039
8.67831301504
8.38911563304
8.15200334272
8.68558178574
8.60285323389
8.84508550941
10.0102018122
8.99731270175
8.86007846867
9.6153621449
8.68770400005
8.78174551608
9.09840281832
9.48479495496
8.53377087163
8.60601399097
9.02843227226
9.35445491242
8.62430976866
9.00907333012
9.83316415629
8.64810759962
9.05208200077
9.28424611495
8.70576684335
9.53028545621
9.32690609611
8.76013444143
9.16884122152
8.59272043692
8.88661186097
9.9569061613
9.16794912862
9.71853601754
9.09205353928
10.2926535962
9.4954884091
9.81092610799
9.32034170165
9.04845755078
9.11438145277
8.81331400124
9.22983348453
9.6854325931
9.86165700284
9.369722903
9.67312516631
9.08964392099
9.15205448885
8.8027127823
9.62222081323
9.20626904939
9.51386509923
8.71076768087
8.97170123652
9.53234596617
8.86692243727
10.0744924678
9.65669291901
10.1027753056
9.43843570232
9.6684639191
9.83678284414
9.23490849223
8.91509333943
8.81438790306
9.66728895838
8.97419592561
8.72417575139
9.01108519703
8.34405807806
9.21157738691
8.71527168057
8.95887564397
8.61744758956
7.95006577261
7.954060198
8.93860503791
8.52274110852
8.94653503291
9.00962762586
9.04165666663
8.67137747485
9.46824489726
9.34395924288
9.2936155324
9.28016594995
8.61619093138
9.58394745677
8.83696928041
8.49576310329
8.12515624541
7.94678180141
7.81910767167
9.14644962777
8.18624091089
9.02142973208
7.7891581471
8.0096945199
8.31424123257
8.08739985732
8.10194967656
9.1657004191
8.19755568031
8.38643540461
9.37559447136
9.160421542
8.55894265345
8.6684511779
9.56822686979
8.30569138566
8.74226858844
8.84773982235
8.43079075611
8.53457499868
8.42183082517
8.21342971768
8.13722548685
9.17461590252
8.5976232141
8.71558588162
8.8558137581
8.83483347879
9.24283202633
9.07572140569
8.83281254195
9.28597415914
9.11314911028
8.54432020102
9.14766966098
8.52458035189
9.90182730403
9.32161363604
9.38334712743
9.19018305075
8.74383778068
9.45534912716
8.72342369953
9.14960216631
9.41268451865
9.12495251252
8.60696241451
9.4171439801
8.82605999805
8.96038844991
9.1559489781
8.41785800503
8.97171063275
8.92511947231
9.18101625079
8.75823162555
10.085569209
9.36065604967
9.93186635287
9.23856198789
9.34200681938
9.32537902332
8.51822447039
9.36635146109
9.19911608264
8.89061678243
9.07593323634
8.38276936279
9.85761171128
8.75115325757
8.21567365042
8.10254694826
9.12845127562
8.73835702473
9.21634156123
8.18895447012
8.2666098969
8.07321605867
8.47741065377
8.22347657554
8.73131965275
8.67076402843
8.51360609097
8.26350974525
8.17054695533
8.02654146303
8.37630616733
8.15118727387
8.4758777971
7.89014878431
8.89374604677
8.17686082959
7.9605194929
7.85515940737
7.52158396424
8.11506176691
7.6476680565
8.86901768606
9.23155584922
8.28288084085
8.45866036428
8.57481937633
8.9077421571
8.64063535989
8.39608759929
8.14041965129
8.16966826298
7.94558005073
8.30119587914
7.87710600453
8.57498941291
8.13301477206
#running time =  19.535948991775513
#corelation =  -8.19
#corelation_est =  -6.888
#corelation_theory =  -0.817662875434
