theta = 
#[0 1 0 0 0 0 0 1]
#[1 0 1 0 0 0 0 0]
#[0 1 0 1 0 0 0 0]
#[0 0 1 0 1 0 0 0]
#[0 0 0 1 0 1 0 0]
#[0 0 0 0 1 0 1 0]
#[0 0 0 0 0 1 0 1]
#[1 0 0 0 0 0 1 0]
theta = 
#[ 0.          0.65937933 -0.05596797  0.12241173 -0.08598662  0.0537821
 -0.06725066  0.69459304]
#[ 0.65937933  0.          0.55849274 -0.05666603  0.05042254 -0.00141466
  0.03788787 -0.14638151]
#[-0.05596797  0.55849274  0.          0.64749899 -0.09359824  0.05017098
 -0.03772958  0.00972382]
#[ 0.12241173 -0.05666603  0.64749899  0.          0.52790913 -0.11445541
  0.002903   -0.0403562 ]
#[-0.08598662  0.05042254 -0.09359824  0.52790913  0.          0.75528503
 -0.05856992  0.03347771]
#[ 0.0537821  -0.00141466  0.05017098 -0.11445541  0.75528503  0.
  0.64731456 -0.04976492]
#[-0.06725066  0.03788787 -0.03772958  0.002903   -0.05856992  0.64731456
  0.          0.61194127]
#[ 0.69459304 -0.14638151  0.00972382 -0.0403562   0.03347771 -0.04976492
  0.61194127  0.        ]
