41.8508914601
41.2818478895
41.0318478895
40.8618478895
40.6718478895
40.5018478895
40.3758478895
40.2298478895
40.1158478895
40.0178478895
39.9078478895
39.7738478895
39.6638478895
39.5538478895
39.4438478895
39.3738478895
39.3183573768
39.2747573768
39.2551573768
39.2035573768
39.1679573768
39.1443573768
39.1007573768
39.0531573768
39.0215573768
38.9979573768
38.9743573768
38.9547573768
38.9191573768
38.8675573768
38.8279573768
38.7883573768
38.7447573768
38.6931573768
38.6415573768
38.6139573768
38.5823573768
38.5507573768
38.5071573768
38.4595573768
38.4199573768
38.3643573768
38.3367573768
38.3131573768
38.2815573768
38.2259573768
38.1703573768
38.1427573768
38.0911573768
38.0395573768
38.0199573768
37.9883573768
37.9247573768
37.9091573768
37.8615573768
37.8219573768
37.7703573768
37.7587573768
37.7311573768
37.6955573768
37.6479573768
37.6243573768
37.5727573768
37.5411573768
37.4975573768
37.4579573768
37.4303573768
37.4067573768
37.3391573768
37.2875573768
37.2479573768
37.1883573768
37.1367573768
37.1051573768
37.0575573768
37.0299573768
37.0063573768
36.9747573768
36.9351573768
36.8875573768
36.8359573768
36.7723573768
36.7247573768
36.6851573768
36.6535573768
36.6139573768
36.5663573768
36.5147573768
36.4911573768
36.4635573768
36.4319573768
36.3963573768
36.3487573768
36.3371573768
36.3055573768
36.2499573768
36.2023573768
36.1707573768
36.1271573768
36.0875573768
36.0399573768
36.0003573768
35.9487573768
35.8931573768
35.8695573768
35.8179573768
35.7783573768
35.7467573768
35.7071573768
35.6755573768
35.6399573768
35.6283573768
35.5767573768
35.5331573768
35.4815573768
35.4739573768
35.4303573768
35.4027573768
35.3671573768
35.3515573768
35.2959573768
35.2603573768
35.2047573768
35.1691573768
35.1255573768
35.0619573768
35.0183573768
34.9747573768
34.9791573768
34.9635573768
34.9199573768
34.8603573768
34.8167573768
34.7571573768
34.7335573768
34.6939573768
34.6543573768
34.6227573768
34.5591573768
34.5235573768
34.4959573768
34.4563573768
34.4167573768
34.3611573768
34.3415573768
34.2979573768
34.2583573768
34.2467573768
34.2191573768
34.1755573768
34.1239573768
34.1003573768
34.0687573768
33.9931573768
33.9695573768
33.9339573768
33.9223573768
33.8707573768
33.8351573768
33.8035573768
33.7599573768
33.7283573768
33.6807573768
33.6491573768
33.6255573768
33.5779573768
33.5463573768
33.5147573768
33.4831573768
33.4315573768
33.4079573768
33.3603573768
33.3087573768
33.2731573768
33.2455573768
33.2059573768
33.1583573768
33.1147573768
33.0631573768
33.0115573768
32.9799573768
32.9523573768
32.8887573768
32.8491573768
32.8295573768
32.7899573768
32.7463573768
32.7107573768
32.6511573768
32.6035573768
32.5959573768
32.5403573768
32.5167573768
32.4811573768
32.4375573768
32.3939573768
32.3423573768
32.3027573768
32.2511573768
32.1955573768
