64.799488614
57.0140992919
52.0860198697
49.2355689667
47.5476728273
48.5928297979
51.714707047
48.3332830164
46.8346053618
45.686613332
45.324263524
45.5082565416
44.5569420244
44.6507826236
43.8543137891
44.4735694739
42.5767949054
42.2026556992
44.7938189726
43.3446590173
43.0357243941
41.8914071819
41.913879695
41.5373507247
40.4086906832
41.3931971615
40.4837884282
39.9860596617
39.8887119564
40.7318287022
39.7796499752
40.7806488115
39.8448397877
39.4791934494
40.12102067
39.5217488695
39.4145815389
39.0291642493
39.5138642842
39.3490633893
38.8642693371
38.5175914488
38.8776236693
38.2271851273
37.9983833385
38.4981044399
37.961836756
37.7367492821
37.7173219934
36.9858551715
36.9666207214
36.9474785521
37.22925456
37.2102893289
37.0920387916
36.8753707501
36.364096489
36.0511625141
36.1302960592
35.8198997682
35.6384909741
35.8785638322
35.7474755442
36.2415254691
35.4538710672
35.6203517266
35.407056702
35.2924405186
35.0997949137
35.5206442564
34.957732823
34.753558885
34.9217719544
34.3482903523
34.3307413614
34.9959063026
34.5726017524
34.1883689682
34.1714229046
33.7888610333
33.8028257147
33.501560388
33.4717690412
33.3520207266
33.0703488138
33.1125322802
33.0830504687
33.1427567977
33.1794245944
33.2557139815
33.4034431353
32.9508043425
32.9036035774
32.7867800416
32.8454959828
32.5572305107
32.5253447167
32.583667461
32.2967607177
32.178966803
32.4963740742
32.3815885061
32.3531671258
32.2388558812
31.4385881121
31.6671434557
31.2117952614
31.4394483851
30.7305846647
30.7874905531
30.7552637887
30.7273413915
30.7878618211
30.5897466373
30.9944933493
30.6460350952
31.0456998131
31.2843730267
31.1226635108
30.7615134599
30.229666654
30.2066008746
30.1747123604
30.1473736233
30.0373717644
29.4321102525
29.3224654294
29.3776115909
29.2683160111
29.0771442619
29.1320307808
29.0232450917
28.9146257775
28.479991614
28.3716998629
28.100967106
27.992996209
28.0473079763
27.8587067138
27.6703767037
27.563028325
27.3752328026
27.2681865278
27.1612891072
26.9742759517
26.6272118506
26.6007971232
26.4944810343
26.4681370695
26.4418279928
26.4155534826
26.2338033869
26.1246619249
26.1429738456
25.9931396967
26.0244186997
26.2570032364
25.8363995092
25.968020617
25.8633251506
25.6801345163
25.5756928026
25.0792092111
24.9750169508
25.1056901894
25.2223468607
25.054228591
25.1064713379
25.0807693946
24.8217092703
24.7183580181
24.770363614
24.8223111091
24.6418583266
24.538966605
24.5134650243
24.5651846682
24.0770775378
24.0516584935
24.026266539
23.8471737638
23.898618377
23.9500092306
23.771477339
23.6696737053
23.4915087946
23.389913092
23.3647306482
23.3395735309
23.3144415567
23.0610889799
23.1120135053
22.6313627505
22.4546132573
22.3538196909
22.2531232145
22.2615185221
22.1275859888
22.1026724189
22.0023576135
22.2589810252
21.8245916925
21.7666764893
21.6764629739
21.9435421178
21.4019974524
21.3772669497
21.4909768346
21.0759271751
20.8375053096
21.3738719437
20.8841436354
20.9445240767
20.706935918
20.5439676151
20.8272443952
21.035991917
20.7249921597
20.4884166844
20.4002385345
20.3861714351
20.0762127227
20.3892075508
19.8267574448
19.8205236532
19.9790504594
19.9164278114
19.5398195903
19.5360437323
19.5220793503
19.286054208
19.3249458801
19.6244469846
19.5405325326
19.406171762
19.1327599208
18.8287435555
18.6331609216
19.0188788927
18.5391060305
18.612012042
18.5405629603
18.2864354545
18.5418013223
18.2676452774
18.3252298997
18.1761719846
18.1814742744
18.5465953289
18.4908532923
18.3628111402
18.0902835675
18.072692355
18.3776157593
18.9655139885
18.5701095262
18.2608299598
18.4055168191
18.2664543696
18.1431358485
18.1958594529
18.2880442826
17.973240826
17.687961826
17.7108301302
18.0022292885
18.0081520643
17.8270435482
17.883750062
17.7367947463
17.8844988554
17.548237439
18.1792460756
17.8747173127
17.9754751333
17.7737580503
17.9720656438
17.9571487834
17.8712538283
17.87582427
17.9123652953
18.0391931643
18.0510491585
17.8678878992
17.9815672722
17.6995626755
17.3523779724
17.6301244607
17.6308299428
17.631534997
17.4913140137
17.4215978224
16.676824982
16.4510459132
16.295695446
16.4917004516
16.5508405207
16.6072149939
16.261479185
15.9825401676
16.1782516631
16.3352252144
16.6023312854
16.1708862705
16.1911896649
16.0815307343
16.1719605533
16.7886586166
16.048032775
15.8131386266
15.8004513046
16.1830628028
16.0293074407
15.7795883761
15.9336995639
15.7615625488
15.7294738403
15.6968643402
15.6334788649
15.778330035
15.7287883894
15.6591446366
15.4229332431
15.3674844729
15.3280851221
15.3577917168
15.3638386604
15.1410720317
15.1017555362
15.1504010477
15.0725389476
14.9947171653
14.8757177388
14.9740987429
15.003666684
14.8900474409
14.8811174065
14.8035341605
14.7259901191
15.1714343095
14.7082304308
14.7678426385
14.8891675877
14.7810166506
14.8690628281
14.8752173846
14.7608377495
14.7164318048
14.3640624383
14.5592019864
14.7877293204
14.4339282869
14.6852501262
14.3780355803
14.3161487282
14.5414315956
14.3284601719
14.0823684597
13.9753345399
14.3552329759
13.9634917375
14.5063308255
14.1266699437
14.0807423745
13.7950370687
13.6439878997
13.5257789287
13.6127580243
13.4619168056
13.644405915
13.7647403345
13.4694816588
13.8793502009
13.4819668137
13.5569107546
13.7504293911
13.870086305
13.5883482348
13.5279449332
13.2719588037
13.1374155266
13.0903167407
13.0445782531
13.299769886
13.2646924341
13.1767497266
13.174041381
13.359662509
13.4578375756
13.1481875097
13.1633718694
13.1479792944
13.0402981999
13.0183115567
13.1913801417
13.3077795802
13.4648008007
13.5854818633
13.2750402367
13.3014435232
13.7219808833
13.7856710462
13.5344386823
13.5363929273
13.4981001661
13.5107482544
13.3134391026
13.6024352339
13.2597194521
13.0958482421
13.1749045707
13.1875219296
13.1337537241
13.3025875444
13.2471049423
13.2040092546
13.0514188319
13.0640060503
12.9441435553
13.1776610329
13.2953058635
13.0334767887
13.0343933427
13.0839630023
12.803196511
12.7728156567
12.5371070543
12.4243406158
12.3870440512
12.4688608292
12.4894661892
12.4215996434
12.4423014504
12.6822053935
12.7332711444
12.3767258073
12.4976505142
12.8730306145
13.1880986985
13.0481752758
12.8217742089
12.7187147506
12.7264334714
12.7513052466
12.6721184217
12.5692107658
12.6712973939
12.5204924543
12.4572085254
12.5579073793
12.3825844971
12.2411609359
12.0464717195
11.943862327
11.8412897279
11.7600719824
12.6796333537
12.1737087167
12.0600774334
11.7722518812
11.6413283952
11.7358348977
11.6085288424
11.4935357667
11.678576769
11.4529344474
11.7047044697
11.7391500092
11.4843799573
11.3363815652
11.7138708953
11.3807050859
11.3722651816
11.6873383581
11.5436226892
11.7840441632
12.0279624487
11.6144191389
11.550276975
11.6377208551
11.5113055249
11.5207459348
11.4709477602
11.3429124113
11.4592602235
11.3272443428
11.2881765357
11.7720421259
11.6203083016
11.4992061985
11.2788770668
11.5257992372
11.4540440803
11.6084422802
11.3248350764
11.8251526182
11.1759652556
11.2248584397
11.0749002782
10.9738805273
11.0339153789
11.1325983922
11.1852923733
11.0844016825
10.8533885967
11.1343749126
11.1298521606
10.8891762663
11.0976963747
11.1181251775
11.0764473208
11.3544902222
10.9884699988
10.5780538413
10.71057749
10.7423067019
10.6712664205
10.90926541
10.8838714454
10.7693766762
11.0184322216
11.0176811867
10.9209378022
10.8349854808
10.5316684833
10.9354937658
10.8596953401
10.9444235602
10.5533772438
10.6166730704
10.5510328918
10.5942934869
10.5175707802
10.6519171927
10.7477597467
10.7295521273
10.6093204152
10.4940071762
10.368963398
10.8531794932
10.6662131408
10.2630382353
10.2700235273
10.2770067833
10.5079465376
10.4813458266
10.582119539
10.7729852985
10.013770686
9.93386162038
9.65058575324
9.43692419423
9.5459610696
9.88121373647
9.68226280831
9.76819396403
9.74222544334
9.67836353149
9.51443040229
9.7279951041
9.63512614284
9.55785674632
9.38846126568
9.64198973613
9.70381547242
9.89371007339
9.61196354861
9.60396937053
9.85272398345
9.70142102372
9.9229532912
9.95301973172
9.82378509567
9.74763253836
10.1763142407
10.2932240712
10.1407560406
10.2391055629
10.4635270139
10.6250415868
10.3467084013
10.7908746644
9.68720886658
9.68791491137
9.46772424061
9.87445208469
9.86288076375
10.1058624143
9.66140458284
9.65816743315
9.45327479345
9.70246091799
9.664748922
9.68577923803
9.5261608366
9.53388369604
9.70298656547
9.64606942543
10.1478356622
10.190970132
10.0466009394
10.1923379314
10.1242509558
10.1186305474
9.7499616821
10.1645101915
9.85628195631
9.77954865236
9.45335961553
9.18960678205
8.94917001132
9.27021220788
9.36899204276
9.19613549785
9.24581928126
8.83971891878
8.82377364919
8.78465018258
8.74243894013
9.11482778461
8.97172890804
9.51431199904
9.55562057778
10.0418706819
9.86454212321
9.76704092582
9.60760119691
9.0792393782
8.52393499247
8.43161329892
8.69894615185
8.31845703983
8.51873624635
8.5895202506
8.43807716024
8.48841596938
8.34864524697
8.0526244034
8.27382487032
8.35612583533
8.15383282749
8.25310440925
8.55924111781
8.78990676969
8.60013114779
8.7812092216
8.54588335238
8.74328005059
8.22350155141
7.91693165839
7.68668632817
7.57617559589
7.36826957731
7.36803495341
8.09842222776
7.95587429454
8.59383038663
8.3366329393
8.31977783854
8.70953227894
8.71835570545
8.89259600186
8.47687897597
8.24016703953
8.24449342733
8.39642821117
9.02496115813
8.76207375141
8.78481751717
8.50027831152
8.71185731993
8.8190434551
8.42415490423
8.69263019549
8.34857207796
8.35160333499
8.4486909648
8.41210457683
8.37166972955
8.41397790215
8.33367175375
8.19788963975
8.03580547714
8.06214779095
7.94594063339
7.97068900476
8.67732024951
8.42698519191
8.60505692478
8.60941759341
8.47846457903
8.23621773774
8.3663669015
8.29020679169
8.09310980779
7.91093817977
8.24230954164
8.1870484965
8.16349589451
8.07498016741
7.85203678998
7.79785903485
7.62033282659
7.593549258
7.33712836705
7.23959573778
7.74534990886
7.74468287382
8.14136962257
7.96979961269
8.27141697628
7.72281964121
7.84396013399
7.86583672142
7.71653787233
7.82373535996
7.45109281845
7.27754552229
7.24333986745
7.6200643529
7.84872981393
8.18874922875
7.93136534058
7.8141500537
8.18272410544
8.27504261437
8.10586052673
8.39885143177
8.32104429946
8.32529031772
8.4355084489
8.54217355944
8.44259525627
8.30856090306
8.52568463764
8.32000746205
8.23493818597
7.94697700766
8.4300704196
8.24060946179
8.34064860233
8.20924269961
8.43898443385
8.37836881339
8.43384715819
8.40997169214
8.48235896124
8.57490722622
8.76257298838
8.55453897606
8.47392539539
8.28731276961
8.18524289392
7.88282971243
7.87257033276
8.12266532118
8.49184956909
8.42512218453
8.442609661
8.31300498692
8.64436060124
8.38271560896
8.43886151106
8.24897189186
8.43419958251
8.3159449626
8.50650956254
8.29620782023
8.56900006259
8.33461570127
8.27756283847
8.3744008802
8.25362258445
8.08654347204
8.01405535581
8.16396132456
8.05399736595
7.4155397585
7.22483981044
7.35181586556
7.0586561464
7.23689616833
7.6499818804
7.84224980042
7.79965165424
7.56247670567
7.26080482979
7.67029611751
7.40638722473
7.43625466542
7.17973576484
7.45699863103
7.7984428777
7.57144043099
7.70777346405
7.28993976428
7.2716366171
7.33441182451
7.42065395434
7.18216356528
7.38426091009
7.63756726159
7.53690538636
7.47626818236
7.34494980869
7.49541422572
7.39851765146
7.77620659577
8.50774204867
8.04843029866
7.8396457935
7.97634729443
8.09649893545
7.83918446115
7.9185351653
7.99975897501
7.83863148967
8.17538606539
7.9972750352
7.75688997242
8.17488479035
8.05348143722
8.30249023854
8.23289933727
7.94157663867
8.20773501647
8.43103685887
8.29830311214
8.24728723197
8.21141923544
7.83565655379
7.69458263915
8.09605900766
7.73429624035
7.71318178978
7.67815784823
7.58604696831
7.49395240576
7.82153091255
7.60092303745
7.60284604898
7.57194660866
7.55672489705
7.67638100084
7.99809055432
7.55250565874
7.50035546936
7.41170500765
7.5001078
7.74379288308
8.02376824657
8.09784398553
8.20544276778
8.1713253192
8.19935353598
8.2947123751
8.33083588381
7.89328391391
7.84682262399
7.80648654693
7.95713336928
7.69707551422
7.28769622267
7.4751944804
7.25425446145
7.478646084
7.30368166121
7.65978869986
7.42930102547
7.64692796894
7.81128013509
7.82220543647
7.59402214497
7.58398409469
7.50018592161
7.35413771759
7.49282892656
7.57870555538
7.42599589534
7.83596144251
7.35681831876
7.29925244807
7.09579393649
7.29331781665
7.56239554197
7.69996567347
7.92653592536
7.48656057492
6.9704265651
6.992061237
7.32772979453
6.74866097992
6.68968018231
6.69981737539
7.04510594246
7.15383367212
6.83119880078
6.49693762635
6.72578678294
6.61398996953
7.17707726432
6.99352652454
7.59125480859
7.10264443591
7.33757638257
7.16550228363
7.0745858526
7.25916917798
7.58917395651
8.11226654613
7.49947135602
7.57472474828
7.71421023815
7.63143088133
7.76745328519
7.54312009821
7.5747918297
7.52322826265
7.54067944723
7.17687918085
6.93607192342
7.30843292315
7.42628540524
7.32067663846
7.50074752919
7.27121382255
7.0289475932
7.35929921004
6.98807208627
7.17668608452
7.20018689926
7.35789397393
7.24469568323
7.38121568836
7.27808074519
7.77516597327
7.17344738726
7.11557131505
7.24235130953
7.12620023222
7.11077795932
7.53797490508
7.5106922342
7.52446884678
7.42330334898
7.53060821983
7.71710709562
7.79332417696
7.21547024768
7.39319122683
7.67947444753
7.54330640676
7.8464163205
7.42035988634
7.65146824275
8.14209113358
8.04280082001
7.70934389141
7.88704872902
8.09014850444
8.25844047824
7.96091731831
8.14486649227
8.66463079828
8.93826559837
8.82642480642
8.03238490467
8.25738139998
8.10674080094
7.59638040788
7.80546636285
7.38595041592
7.48418607866
7.46616920593
7.70604595213
7.50907292588
7.44110410114
7.73175633627
7.77898047362
7.77321336594
7.86066318162
7.30512448638
7.52956364042
7.36013563347
7.58120844615
7.58681580002
7.47018950778
7.60576821571
7.84489652987
7.50988805583
7.62246160045
7.80323270857
7.85143748449
8.08612680461
7.99741578932
7.92333094398
7.90054443725
8.00196682872
8.32913533842
7.64537746063
#running_time = -12.569992065429688
