63.4960360489
56.4099421054
52.1340686147
50.5567287961
54.5697693275
51.450455271
49.8536436662
49.1412224835
47.2251152293
45.9395299922
48.4388041564
46.7852334818
45.6499796294
46.6860376724
45.7756971016
45.2377919689
47.8243104607
46.9671013224
46.1245694239
44.310163351
44.4641567067
43.8999184857
42.962237704
43.2791185206
42.3644740449
42.0671292308
41.4722438716
41.2144702622
40.6652519163
40.3031252204
40.4935609658
40.9475354592
40.2728824397
39.7183170213
40.6346027988
39.7207077506
38.816900607
39.4779715314
38.6671798358
38.1246806068
37.8325199529
37.8806216625
39.5578542331
38.9898442197
38.6210449894
37.2901498499
37.0681940265
36.7265759152
38.1794619711
37.8127461472
37.9615600504
37.6059186943
37.5026342502
37.6114334186
37.1279052485
36.9646622035
36.8021183632
36.2221125996
36.6822595099
37.178935556
36.8639470243
36.5501749445
35.756692672
35.3349619082
36.3266514569
36.1631813009
35.2754591354
35.0514360952
34.9037786976
35.5277992848
34.8969160343
34.4578022224
34.2524149941
33.572618876
33.1624315767
32.8982911744
33.005711711
33.2714181839
33.6083392424
33.5536120803
34.1676817666
33.7567921313
33.418782871
34.6142584288
33.6264234289
33.5315109146
33.0106367138
32.4554408522
31.8091553353
32.880370577
32.1753398252
31.922473894
31.3326782789
30.9489180129
30.8490277953
30.8689319165
30.9409799023
30.7659210954
30.4819095161
30.8073399063
30.8479887939
30.154307787
29.8520076511
30.1522686943
30.3223073231
29.3577095588
29.428617439
30.3677699227
29.7628384003
29.4571693598
29.2291307337
29.9496994656
29.2168881722
29.2170126836
31.2156255524
30.0866179644
29.3467221346
28.9113761445
28.4777461538
28.3228199756
28.2816184511
28.6348883748
27.9572804936
27.5670821546
28.0318631585
27.8217841601
27.4562741285
27.3198429309
27.9040260348
27.3575831702
28.144429754
27.6439049571
28.2708358606
27.6696611562
26.9719869544
29.0985267313
28.1495193737
27.5098379634
27.8035288888
27.3048941673
28.1628472979
27.699344975
27.3427923455
27.3886055258
27.4633361101
27.4800429473
27.3335757296
27.9143011778
27.0536131772
26.7399030052
26.8744603453
26.8100524339
27.1427933057
26.285439444
26.230000867
25.8142002165
25.702991002
26.2881404167
25.4887841418
24.9388672663
24.8481143365
25.1258662046
24.6708332265
24.3703478111
25.3800474979
24.9960040602
26.1333775572
25.2733215902
24.5293997928
24.197613891
24.4533485702
24.0255370042
24.0509128449
24.1490267449
24.1126665125
23.6959397543
23.4144085811
23.2644023772
22.9943105883
23.1869735343
23.0224278062
23.6941634226
23.1987539118
23.3960403
23.1208121228
22.7050096795
22.6595457431
25.4817984185
24.3589162907
23.6407510901
23.3919577732
22.5997278725
23.3333065719
22.4705244789
22.5910431093
23.2120297759
23.0982605344
23.0445178463
22.5415056575
22.5704677813
22.3201624715
22.2264405964
21.957593082
21.8133082937
21.5029687211
21.8748029291
22.0627916562
21.9275640151
21.6579276546
21.7468687267
21.1278152284
21.2163860946
21.4646167979
21.978273494
22.1295027038
21.7451087527
21.8970667496
21.5343010561
21.9390486614
21.6026748379
21.4812139887
21.7664501158
21.1793539396
22.1989091238
21.786912933
21.322727068
21.483833479
21.1228076449
20.732894596
21.772902617
21.0897254057
22.528705418
21.9429756824
22.464310089
21.9006388259
21.907978704
22.7920969973
23.2763912532
22.3017241571
21.9242003297
21.9953683995
22.2316714905
22.0030425946
20.6260954468
20.7158981484
20.9174300459
21.382985384
20.838531257
20.799615028
20.2963433709
20.9346201545
20.3665578704
20.0682193702
19.6551370554
19.627192814
19.3944865149
19.7270925925
19.7012430904
19.9312315419
19.8277405741
19.9807483485
20.0421568466
20.1783602855
20.4924497241
20.4670940688
19.6891627661
19.7846154785
19.6604398661
19.478781732
19.4316595763
19.0215305474
19.2227055343
19.4999128188
18.7087109124
18.9961342486
19.2002587911
18.9293306226
18.7667092257
18.8738757638
18.7737304174
18.9085251025
18.6626632557
18.9648411366
18.4267704664
18.6364206105
18.388288654
18.5054829529
18.3248509224
17.9809528823
17.9317348481
17.6360228686
17.5034862277
16.6920193051
17.0807823758
17.5884349869
18.0261616303
17.1140015793
16.9170178228
18.263441727
18.7610129236
18.2399264685
18.0927238449
18.509771526
18.4997261424
18.2373900169
18.5565674729
17.8845062286
17.4821094013
17.6947799538
17.1681935019
17.3028157143
17.3205700251
17.5079897299
17.3886729469
17.6700179665
17.037708766
16.519345912
17.1856113846
16.8841515173
17.0630374351
17.1816576907
17.0421187225
17.0086124725
17.0191102644
17.4871094135
17.030960368
17.024449003
17.3343827516
17.8206657217
17.6990873673
17.8279388073
18.8175839494
18.2579692363
18.0426317936
17.8274046877
17.4404686204
17.1304417997
18.4821824456
17.8624564812
17.666979291
17.4398601773
17.6385566144
17.0258455583
16.9072242895
16.6354162326
16.9242341557
16.6554858476
16.9937669289
16.541157183
16.3685595716
16.6926768968
15.7681228494
15.6130369681
15.6707846953
15.4969858542
15.557352595
15.2012834582
15.0712390522
15.036754855
15.0793204522
15.2478788496
15.6842180386
15.5395259217
15.6452337459
15.8715667678
15.4485625806
15.1181440236
15.1428221885
15.3093699491
15.6780508876
15.7185390024
15.5683059802
15.3354624865
15.0319325537
15.3204172799
15.1470740433
15.7439370801
15.9903995179
15.6530355069
15.8129199921
15.4368681742
15.7615406887
15.517471803
15.3488242367
15.12161472
15.1202074238
15.0690566253
14.670854375
14.9359904157
15.2564981436
14.9229551784
15.3360918802
15.0896916104
14.5459383995
14.4297295032
14.133852523
14.6260036841
14.9037373755
14.5459901712
14.3202926466
14.5579838327
14.1128389896
14.1125775135
14.3939794773
14.4863928062
14.7042883723
14.0499756462
13.7315419985
13.2660287095
13.6844589209
15.0731273487
14.6689313856
14.4016947112
14.0715378802
14.1580005775
13.902910397
14.0913565975
14.0284043003
13.5692159772
13.0649771465
12.9133185782
13.0002172265
13.2519176657
14.1287726686
13.9263165968
14.2068726719
14.4716909947
13.7448259916
14.0187710756
13.8430683738
13.9295449178
14.1963808705
14.6547134018
14.2129278662
14.1343190267
13.3173676066
13.7932159484
13.4936127004
14.0604613263
13.5836812548
13.7572399195
14.0188756387
13.7334854093
14.1784011332
13.9781846173
13.4031937155
13.6332943511
12.8060500305
12.8606484537
13.4383928042
14.3210032902
13.2726552011
13.0623637888
12.9104102432
13.0344995933
13.2349620099
13.3282357485
12.6750493981
14.0069052695
14.4583780075
14.1595697193
14.0322840231
15.159340147
14.5226618948
14.0862435152
13.7227623075
14.5167684158
14.1363791572
13.9718192276
13.9413459672
13.7816345747
13.6124149299
13.3390244952
13.720013909
14.4864286567
15.0651867426
14.8363230329
14.283477031
14.2167432645
13.9944362659
13.7438465317
13.6309124883
13.328944274
12.7125511108
12.6675545204
13.1406837955
12.9746149395
12.7644457956
12.260944255
12.3544192485
12.6337160122
12.3570968136
13.155444778
12.6879996435
13.0296088492
12.9622733733
12.8347042484
12.0041101244
11.9043807048
12.3840248452
12.675054708
11.9457719401
12.6490128271
12.1875079069
12.1301726876
12.2119845562
12.1135825931
12.2966949129
12.9801972764
13.1017976074
12.9174446689
12.2177090728
12.0242793384
11.9057687329
11.6973277274
11.4739981568
11.9244527538
11.7477714028
11.504648676
11.3571119857
11.5916996035
11.2826169021
10.7257253609
10.8011588211
10.6907092231
10.6738853682
11.0768473524
10.8605332398
11.3981096388
11.0896506461
10.6466627664
10.4336195789
10.9825390114
10.0273543286
9.90251618529
9.83924094499
10.389497787
10.0736956037
10.0738829548
10.3285568814
10.5020699888
10.4353727189
10.2733112792
9.98456957884
10.5051339435
9.85140309464
10.2017264591
10.2127142015
11.1139092089
11.2713921423
11.7003110291
11.3373862354
11.2225693513
11.2105420711
12.0115387619
11.4136801623
10.8159911281
10.6415575431
10.5565617154
10.3241208516
10.7252894938
10.0649981875
10.0691794169
10.6183292449
10.1403949663
10.2701676475
11.2945921963
11.1943733961
10.8306476278
10.3912214554
10.4265181473
10.0984727916
9.97017346776
10.0155907771
10.6516837786
8.89215994291
9.36421040784
9.87140714932
8.75937248716
9.61853780493
9.12331674815
9.36127987437
9.72371448807
10.1021992306
9.72449412036
9.36201794297
9.48119123514
9.89910042129
9.41127880849
9.91957090664
10.4295324077
9.43998198013
9.48134048352
9.37221452795
9.55008136188
10.0445248238
10.0211591777
10.7667206706
11.1831180602
11.1387333159
10.1289831393
10.4607637066
9.78975529906
9.91672380183
9.97923706859
9.36252120853
10.0066500948
10.1215999286
10.6514517285
10.2138454024
9.36193484373
10.389743832
9.66077604224
9.3331198606
9.67899891945
9.21144074996
9.21081832606
8.65552031437
8.9410640629
9.68280574046
10.0439623465
9.51245635924
9.98389729402
9.75096309028
9.99536151763
9.79299823431
9.25019084818
10.7845214145
10.7312504504
10.2273590987
10.6020106719
9.82553569405
9.45812594352
9.86947074182
9.41184880102
9.14008061566
8.64356231671
8.66970327768
9.09737657844
8.71315396082
8.47607542813
8.43381583347
8.72861453546
8.98598228088
8.68031221167
8.82428785361
9.27838616789
8.9589762973
8.58059612544
8.86185545157
8.37126772759
8.56414194351
9.12152276462
9.11103643847
9.14633400864
10.5921748445
9.84617220765
9.53644418407
9.27678939112
9.10606805829
8.56082598302
8.67290378255
7.80898725689
8.44998526667
8.22631778225
9.45326260647
8.46393878179
8.50782115026
8.44376351772
8.5898898689
8.85281287582
9.11792790888
10.0097618616
9.79003908162
10.1685730866
10.6743534754
10.2923772251
10.1156689445
9.58903019441
8.94091804317
9.28634935779
8.35392066183
7.83614771619
7.38699023467
7.5665088298
7.68578882685
8.23764610864
8.20477622173
9.12706785349
8.844045979
8.59201294184
7.86784825491
8.60817928661
8.3040870452
8.3359173972
7.95057132797
7.91278255329
8.30046294655
8.25919732701
8.34775002172
8.81196965871
8.0940982717
8.13410129643
8.5380552232
8.8607962231
8.82699216233
8.84238675067
9.10065844114
8.91512976203
8.81553566864
8.90140553919
8.90822999554
9.65550622739
8.67025247207
8.49046624499
8.37305315064
8.09213618796
7.532907015
8.38741828765
8.04426200062
7.92997751804
9.23943322622
8.69328398374
8.06556895584
7.88695539976
8.71796553732
8.84135673245
9.27766473508
9.41053203113
8.68235119094
8.38405006114
9.47129129279
9.32879075917
8.67078871022
8.85894723035
8.70438933044
8.84031195273
9.14676903008
8.61824365364
8.73426055237
8.5443696701
8.91649387357
8.51339156297
8.07589641763
8.22442659087
8.39218934892
8.81658853404
8.83661060756
8.72024967233
8.80398039433
8.57576170735
8.59902473425
8.5966976142
8.41334456074
8.82559934058
9.1821006338
9.50268832541
9.33925324699
9.23404063498
8.93630532663
8.81488434977
8.60480792854
9.20255225603
9.27619845788
9.88101912274
9.30317776914
8.48662673468
8.01914629595
8.16155703179
9.20234484567
8.68234956378
7.99434309222
7.69165749476
7.87481454045
8.10077086779
8.63992583656
8.55667090371
8.78356537602
9.28331264255
8.91414181168
8.81877802582
8.18758061525
8.01006246897
8.60962226297
8.1100501071
8.39684342581
9.18860398611
9.36891489828
9.0992457961
8.4908509635
8.33203902998
8.79772645836
8.52237136112
9.12575957615
9.06632192119
9.26809914028
9.01264690487
8.43753730685
8.95354020114
8.40797281037
9.15477992444
9.41058133397
9.37127283075
9.40449732566
9.63966854231
9.60111038398
9.73753032613
9.88227332992
9.59562231681
9.66440804432
9.78246173114
9.35267896469
9.36202540802
8.72194907785
8.70663655487
9.07978990588
9.39620184095
9.25244700169
9.66091888974
9.36762540053
9.21501115758
8.95311323239
8.97300177326
8.82254426
8.67112347138
8.94381248315
8.93353790804
9.00874319727
9.29157220892
10.0741575115
10.1140157326
10.2561081908
10.5885063541
9.99714637224
10.2275867233
10.2175284136
10.0259694528
9.73319836255
9.60618161896
10.2280456029
9.06112150913
9.38455697747
10.0096975325
8.65789707162
8.56981158848
8.17553383328
9.67238118524
10.0306501109
9.38358800603
8.84226323512
8.67481745103
8.70380592743
9.20089641132
8.7766885177
8.86015760737
8.8063617722
8.62791427176
7.93291761481
7.68626939308
8.27060684259
8.32311268037
8.87513353288
8.83668094072
9.21788658108
9.12538998743
10.0894015307
9.97211418638
9.89086186476
10.4972079052
11.0684352901
10.571595145
9.67140815664
9.57219831008
10.2755926052
10.7145972667
9.98639685699
10.2456393152
10.6699041419
10.0903566328
10.1283012602
9.56165914769
10.9927348943
10.5569464779
10.3303641422
10.1199665255
10.306792523
10.1082407791
9.90500363059
9.84904904243
9.83044128641
9.11431934621
8.93919448916
9.43243526292
10.0318872614
10.6474592315
9.3184986865
9.79900123944
9.83320536418
10.4688508995
10.4605133758
10.694249592
11.0784728211
10.7389618562
10.252768568
10.2627700986
10.712964069
10.3279047007
10.3527188982
9.79350155611
9.20492434048
8.8713490595
8.7204286686
9.07122424584
8.45685142548
8.48484858935
8.62576847627
8.95878515365
8.43868302262
8.19613300628
8.7760061918
8.54707647584
8.29767723229
8.57152641921
8.87217002678
8.28393223573
8.17888527069
8.42529150532
8.0229593966
8.09579310373
8.48556398677
8.64854549602
8.69418213157
8.84895333797
8.57466919698
8.48627347587
8.42176654599
8.21346764227
7.80196393484
7.59643551452
8.34882155152
8.42606028127
8.44949931614
8.38157865474
8.76168023258
9.16621932647
8.87044810315
8.58364618209
9.1400898089
8.80748019999
9.13100347052
9.39792389422
9.45524731733
9.74375454932
9.05964538084
8.84443409733
8.52776873894
8.6546803088
8.87912055195
8.59228034698
8.21645459286
8.64519782734
10.0698929464
9.90165184025
9.44240545347
9.06891486526
8.72182452541
8.58527021378
9.58438931183
9.67919401316
9.59145860146
9.54378539918
10.3473885287
10.3842017715
10.2479679206
9.8118962853
9.23436475889
9.60520066669
9.15438039358
8.80826461769
8.73631583645
8.51859610057
8.69541685694
9.54344240268
8.96676622038
8.82895919006
9.10545973847
9.05383323307
8.48535861896
8.65982378827
8.15275764718
8.19213117882
8.41479631102
8.33634272899
8.40214474275
8.53379930381
8.75881708097
8.67724243007
8.75133436982
8.868233183
8.32573310597
#running_time = -5.9813408851623535
