61.0309151829
52.1486474168
45.214475431
35.3424458878
34.2599556019
33.4865198995
30.8939567718
31.002526976
30.5425905892
29.760774242
28.871579895
27.5331016811
26.3531598138
25.9111562159
25.2850739746
24.8092990856
24.8605115659
25.8581769905
25.9124306327
25.4871735524
25.4938048882
25.7961349885
25.7802289287
25.4162812474
25.4541942128
25.9424709054
25.7917102192
26.0899623694
26.3272933969
26.2796700243
26.4908456957
26.201417231
25.561102489
25.2887649778
25.0479089319
24.950405018
24.9265092982
24.8076229716
24.2751447416
24.2885422362
23.7886706313
23.3028273521
23.2744762748
23.305805586
23.5590464281
23.5496278343
23.4457894293
23.7116768218
23.5948545077
23.3136712445
23.055965553
23.0308898624
22.6590956809
22.4903394907
22.3346704094
22.0367728864
21.9097918267
22.0298665139
21.9600646697
21.8610755592
21.9659462256
22.1048968066
21.9619695425
21.9041584171
21.8259003182
21.6393283576
21.5161897031
21.392659459
21.1071125239
21.0893051345
21.212934841
21.3541583184
21.5356387585
21.5911181198
21.5190533886
21.3602029006
21.3242319793
21.1136809799
21.0583267349
21.0690967348
21.1434562472
21.0714224738
20.9549371969
20.8283573766
20.724787321
20.748676663
20.7759878433
20.595707056
20.6237992994
20.7848019842
20.8867334019
21.0160095475
21.0461863679
20.9533177031
20.8141941634
20.6023903923
20.5737663141
20.6203504687
20.6223540464
20.6252671487
20.6826860218
20.7423722869
20.6670404956
20.7548602519
20.6468477648
20.5237437101
20.4968356529
20.5511427779
20.4777005972
20.6106724183
20.772676217
20.9000183219
20.9949227621
20.9922481354
21.0149466437
20.8799292288
20.9060587077
21.0044127579
21.1506320835
21.0936125695
21.1655461382
21.2669076854
21.2701939792
21.2889695087
21.2281795046
21.1343117495
21.1854802468
21.2626316097
21.16005078
21.1704792093
21.2280067514
21.3294593279
21.2899333831
21.350960171
21.331512457
21.3567023608
21.2912511041
21.2906184609
21.1754354528
21.1388575763
21.1015308244
21.0983269448
21.1274286763
21.061018601
21.0045342933
20.9633999004
21.0091320165
20.9638057748
20.924194193
20.9651908757
20.8963157235
20.763886702
20.6644929348
20.6867435011
20.5727509886
20.612017258
20.605305095
20.6411449289
20.6592738753
20.7551613065
20.7850767605
20.8030985398
20.8407876376
20.8215346746
20.7557306943
20.8247699858
20.8038723486
20.8584889517
20.7987935644
20.7679198369
20.9062255157
20.8187934786
20.6976339356
20.6200680962
20.6024217602
20.6113516288
20.6227643349
20.7069006583
20.693990605
20.7544014962
20.7566899374
20.7698809638
20.7339732283
20.6825861195
20.7532982125
20.7642218845
20.7598316718
20.7191667527
20.7773765647
20.8155992814
20.851960346
20.9031920777
20.939146648
20.9490480546
20.9294680258
20.9102624005
20.9334191853
20.9550018488
20.9204770344
20.8638560367
20.8491466373
20.8485541874
20.9166490945
20.9309751355
20.938144728
20.9698637584
20.9946686047
21.1278140209
21.0668170162
20.998170446
20.907928188
20.8427302103
20.8708747606
20.8793735029
20.8550014772
20.8332249259
20.7600492372
20.7257784663
20.6865635953
20.7024094119
20.7478173991
20.7211178066
20.7390300595
20.7421992416
20.7455389792
20.7352467481
20.7433506918
20.7862424685
20.8672883219
20.9350100981
20.9514152561
20.9098388593
20.8549301849
20.8247095057
20.8324606549
20.8368887145
20.7880958737
20.7705114938
20.6975608716
20.6594835011
20.7112488637
20.7041140103
20.6548637947
20.6758395989
20.6840632058
20.6953489248
20.6599481904
20.5972488457
20.6285337833
20.5901755228
20.6064227861
20.5640905692
20.5430802298
20.4772580594
20.4294120911
20.4150152341
20.3545848451
20.3731165613
20.3737276484
20.4080431268
20.4386460832
20.4730715623
20.4633215514
20.487049747
20.4770864064
20.468239034
20.4133507851
20.4315881513
20.3749292138
20.3684426659
20.3914354951
20.3602038588
20.3171789008
20.3225252957
20.3505433198
20.3183144826
20.3733110552
20.325492401
20.33201774
20.3588081125
20.3648293367
20.3181022951
20.2888900542
20.2614180612
20.2456800397
20.2850291363
20.2686076501
20.2644436995
20.2782604911
20.2373035021
20.2575355037
20.239925042
20.2423915601
20.2811961406
20.2992201292
20.3130252954
20.332278865
20.3522303599
20.3308842722
20.2518370795
20.2492616603
20.2851192615
20.2940635692
20.2724328126
20.3081086106
20.337246402
20.3437081721
20.3504610544
20.3427716906
20.345237341
20.2902992232
20.2308615323
20.2809260384
20.2500782452
20.2260603044
20.2313041714
20.2553546786
20.1933810431
20.1784209223
20.1431113464
20.1327214221
20.1549468553
20.1395383697
20.1637605937
20.1689804512
20.0951314738
20.1143864948
20.14048809
20.1068489865
20.1233995011
20.1031248345
20.0561978909
20.0444905357
20.0214578562
20.001468333
19.985340831
19.9817950009
19.9666182027
19.9358387777
19.9346617093
19.907392896
19.9501531976
19.9569706335
19.963662408
19.9903953821
20.0049526066
20.017121329
20.0080820837
20.0271188713
20.012685834
20.0496121324
20.0398789404
19.996818488
20.0003958453
19.9780275539
19.9760660933
19.9857323421
19.9671999734
19.9421864342
19.9522164834
19.9243220534
19.8887572746
19.8831930919
19.8688317781
19.8780531872
19.8805580155
19.8595092751
19.8252714767
19.8207482581
19.8139646187
19.7912251449
19.7766027815
19.7883372491
19.832566897
19.8013074464
19.7940029723
19.7835557093
19.7897403551
19.7789761735
19.7880440317
19.8055063624
19.8318001719
19.8722079983
19.8574574377
19.8541606051
19.8692834868
19.8918233513
19.8789342682
19.8872212452
19.8791409444
19.8609687333
19.8655946109
19.8790557703
19.8635609994
19.8649839908
19.8637893139
19.8574670691
19.8992329602
19.8871636564
19.8921731067
19.8524556
19.8207829699
19.8118023945
19.8368872294
19.8416714707
19.8418683856
19.8373776484
19.8520408663
19.8504286676
19.8590477276
19.843028621
19.8464687368
19.826853779
19.7846227707
19.7391808641
19.7017083467
19.7138344915
19.7066293132
19.7147409721
19.7050922257
19.7181379127
19.7075604042
19.7091009693
19.7535794724
19.730161454
19.7401516943
19.7128810465
19.7204263117
19.734587514
19.7454087512
19.7574797139
19.7706510656
19.7676277352
19.7605201344
19.7795495513
19.8058231876
19.8023294105
19.783574863
19.7532168641
19.7059533349
19.6910661652
19.6586233151
19.6460967238
19.6197914256
19.6017428693
19.615254169
19.6293527309
19.6483903451
19.6656708739
19.6809410119
19.7090067426
19.7446345655
19.7777816449
19.7663275345
19.7785759792
19.7693128663
19.7738282516
19.7751043195
19.7720901643
19.7678174853
19.7527885784
19.7298108449
19.717800135
19.6822424112
19.6785986992
19.7086126941
19.6948322211
19.701788374
19.6846123797
19.6817619987
19.6848018628
19.6887489632
19.7142833968
19.7370353459
19.7159207698
19.6956401868
19.6852413558
19.6984067061
19.7202197553
19.7438135365
19.7601351476
19.7701381314
19.7727297037
19.7482038179
19.7363024968
19.7388890937
19.7091002872
19.6833684267
19.6768122898
19.6771637236
19.6956977594
19.6756692606
19.6733643032
19.6793701484
19.6660820509
19.6544719037
19.6664693403
19.6842418733
19.6868500802
19.7270880754
19.6958858937
19.7385840002
19.7524242035
19.7431302514
19.7511526793
19.7726063097
19.7907816104
19.776974618
19.7611249091
19.7231926837
19.7025138895
19.7030497335
19.6782894987
19.6520858118
19.6527399812
19.6496226619
19.6445793158
19.631753442
19.649653591
19.6448516729
19.6504524051
19.6642764531
19.6543480063
19.6606212854
19.6513546215
19.6060579878
19.5924245632
19.5801029042
19.5697237821
19.6094395969
19.6101580142
19.6109551476
19.6160655948
19.6276210031
19.6131802719
19.6034604449
19.6222353792
19.6335928707
19.6457733966
19.6364249704
19.6591058461
19.6730030423
19.6961879112
19.7114818586
19.6888581318
19.6841256911
19.6877683875
19.6757809199
19.6760643825
19.6351149371
19.6284193895
19.6150695764
19.6122924813
19.6185874755
19.6026381905
19.5822264796
19.5933723634
19.5748025021
19.5656737486
19.556858719
19.5735871783
19.5908677177
19.5745451636
19.5718890729
19.563422015
19.5700870152
19.5675235231
19.585234314
19.5909982396
19.5796385468
19.5869494427
19.5891906879
19.5845935147
19.581317103
19.590861033
19.579388742
19.5831508259
19.5803190097
19.5830434035
19.5785314084
19.5988496958
19.6207597363
19.6157152364
