901.138158235
898.359877222
896.396254412
893.800778184
892.358983421
888.408725474
886.793382894
884.321389468
880.640829534
878.948183935
876.235417479
872.472449814
870.778980138
867.986205441
866.302437694
865.229760016
864.84319324
863.823487572
861.637450515
859.569875304
858.043133141
855.732126971
853.653176909
850.896547408
848.881140434
847.784709124
845.072930626
844.09624693
841.552171903
839.425277254
837.502232307
835.941225858
833.4160136
832.215289933
830.16046636
828.670352028
826.665754885
823.822150583
822.971993041
822.221715465
820.35243669
817.993785791
816.426187214
815.054987497
812.33203324
810.635107697
809.468442442
807.027079789
805.732970162
804.410333066
802.594732
801.477685472
800.603673843
797.653168273
795.161887218
794.563824619
793.606555519
792.85609309
790.986812466
788.90634366
787.103762971
784.863961165
783.539787147
781.624769406
780.263843229
777.988457967
775.503928115
772.977306816
770.730264603
769.886018181
769.386024918
767.228521532
764.509591585
763.360457429
762.803424471
762.528941609
761.056500781
760.092080372
758.412740168
758.166250766
756.334089872
755.166072263
752.604696087
750.189386325
749.175537228
748.535702737
747.659608392
746.381151449
745.898670879
745.384150073
744.309308865
741.708864453
739.254885072
737.768640386
736.572001939
735.298259554
734.749208342
733.115087448
731.469050239
729.582893867
728.734336303
727.376154728
726.732876912
725.256748134
724.78717999
722.802651335
721.041030048
718.679508373
715.907734448
714.450320709
713.206050572
712.56391187
710.887794483
709.681337309
709.799576738
707.931063132
706.562681996
704.863126283
703.444208723
702.466859547
702.093926055
700.087036721
698.703807827
697.646815538
695.913085615
695.212588316
694.377754599
693.380492911
691.860824294
691.295931608
690.420586681
690.102137231
689.149256737
687.670031932
686.217771983
684.64403518
683.465137812
681.287481858
680.231364449
679.465563275
678.222665263
676.814996283
675.365679593
673.715946426
672.704209094
672.298851721
670.939558147
671.690725212
670.022996882
668.611079599
668.179199002
667.283951654
666.119468354
664.986172143
663.611679181
661.634774252
660.851845202
658.960855912
658.418786019
657.53020532
656.518159513
654.664879055
653.12318625
651.224609322
649.602463553
647.803956382
647.276610928
645.281641474
643.607868847
642.345403322
639.943241398
639.569523779
638.456090602
637.335260271
636.014355967
634.054556071
631.872843021
631.60786589
631.602056119
630.878838021
629.66844584
627.373181918
626.147069279
625.131648153
623.438333941
621.978240799
621.200479868
620.309542259
619.977472883
618.650992189
618.474567382
617.389643134
616.695633891
616.245533799
615.117872798
613.903436188
612.808131822
611.274018778
610.455517648
610.444172636
610.960899186
610.682906452
608.316966524
606.890147125
606.672718931
605.467384649
603.772171306
602.952059173
602.740698052
602.29542444
602.527811704
602.126975577
600.439807216
600.419775532
600.296415215
599.452021612
598.920417676
598.391941637
597.663496876
595.013052429
593.263387984
591.96273134
591.026564773
590.894043108
589.809557891
589.835553039
588.47265299
586.49586399
585.1529361
584.776346821
583.809420928
583.636591669
583.151703377
582.703694494
582.300838252
582.423218013
580.68638564
579.976421648
579.695441473
578.530171875
577.715359179
576.544051052
575.20917797
575.125563686
574.61104276
573.651849551
572.968209619
572.287325219
571.926468375
570.811987578
570.643587241
569.367886996
568.201081993
567.835365943
566.837660783
566.445635739
566.296339651
564.34871869
563.98311448
564.513330438
562.972504598
562.85096834
561.983624977
561.508823543
561.077947529
561.432099071
561.223878401
559.476714078
558.433114434
557.546350942
556.920856798
556.809171862
555.661927012
554.777318986
554.21362282
554.092745858
552.976297089
552.569892601
551.450588556
550.244155516
548.876851185
546.707938142
545.811009012
545.84679972
544.771917627
545.005928806
543.453028918
541.305302077
541.116370348
540.427102752
539.688967098
538.154094998
538.170042277
537.16149775
536.382708305
535.168729606
533.882256926
533.002830802
532.829231152
531.974636384
531.798615691
531.068151484
530.932142842
531.282078756
530.476874115
530.380118069
528.690446508
527.504845793
526.644285785
526.786976185
526.023780162
524.942207432
523.582442551
522.166051147
521.578628745
520.604095615
519.108931518
518.12075779
516.823404905
515.639359446
515.613630752
515.036749465
513.334356652
513.340708724
512.404148244
510.864631712
510.526943777
509.621121939
508.61910085
507.453493275
507.126148037
505.608431111
503.878013941
502.58546977
501.977304328
500.706352027
500.75274965
500.391064956
500.14428811
499.218660341
498.606244063
498.836959901
497.916107059
497.543738531
497.642120597
497.099125252
497.019560883
495.703525239
495.815124883
495.141000879
494.299019639
493.935359827
493.296483228
492.534854462
492.331998175
489.974729612
489.269877948
488.910057783
489.352414518
489.123973775
488.846449368
487.608434124
486.577672057
485.79429777
484.112192608
483.654212111
482.768439581
482.036421856
482.665941679
482.709076877
482.706348229
482.063160942
481.853569069
480.928313151
481.275900591
480.756216466
479.707859625
480.146003219
479.428330865
479.564538656
478.457106614
477.213812778
476.448097131
475.205983974
474.959106843
473.882182072
473.956956824
471.843248571
471.206300322
469.208613149
468.260678684
467.905629272
467.317531586
467.965522609
466.90587452
465.869150039
465.312654794
465.200961841
463.784321374
463.264369516
462.977101155
461.571068471
462.255223563
462.515315941
461.516970619
461.503827166
460.660535732
460.355914315
459.399474266
459.115861866
458.758977742
457.681360901
454.996536732
454.730992024
454.778183528
453.843932734
454.192079962
454.806796164
455.143247326
454.796915838
455.163756523
454.33772893
452.699772654
452.03872539
451.709004714
450.302547507
451.125322935
450.970390689
450.605681367
449.558874274
448.825246203
448.014749922
448.163484959
448.36181231
447.520635583
446.509063816
446.455788098
446.052095341
445.524898413
445.076466444
443.828822124
443.573185681
444.167469317
444.130252153
444.726719981
444.08952466
444.199992707
443.237937387
443.145156834
442.341069028
441.92986815
441.802596141
441.078163421
440.987759094
440.023695051
440.01089441
439.287606404
437.597213524
437.937149595
437.017388956
436.80503135
436.559747773
435.834134938
435.343718809
435.295654648
434.012014006
433.2360176
432.945097636
432.179028436
431.848207744
430.441739537
430.584514855
431.102782608
429.584805286
428.566465513
428.033122115
427.834039926
426.989987232
426.939170705
425.37628654
424.958281698
423.93792608
423.284716721
423.395024627
423.752967706
422.833387137
422.821031331
423.177747773
422.858154938
422.931799009
422.92937545
422.806191214
422.441799372
422.394995454
422.431367414
422.428571134
422.105383171
421.018991292
420.524967373
420.556867134
421.074026131
421.544831229
420.707695145
420.776947784
420.975264311
419.734871476
418.480091548
418.145167748
417.01944251
417.245809258
416.461176193
416.110418951
414.603539379
414.645098583
414.022142175
413.632540611
413.125272595
412.776827915
412.829971469
412.967130904
413.065130498
413.442738494
413.743142574
413.322774615
413.295198936
413.551551179
411.890742701
411.890762616
411.227390816
411.157385098
410.93331304
410.693068221
409.880872193
409.770431911
409.785955508
409.042738744
408.291934577
408.270733031
407.39108479
408.266058447
407.650778401
407.0204696
406.550010512
405.601149921
405.047505316
404.29781287
404.866159945
405.247687416
403.547346691
403.546187283
403.322019689
402.975622013
402.853532867
402.969512789
403.047512588
402.405132586
401.755548786
401.265892948
400.777836389
400.289795824
399.441755418
400.510115014
399.719601485
399.220921042
399.124850237
397.010765607
396.160001082
395.860989038
395.486914917
396.312090176
395.469257928
395.169745606
394.515666483
394.298041692
394.364781444
393.954364841
393.859176675
393.287140793
392.870336435
391.855084391
390.553847871
390.009751505
390.873226542
390.430777292
389.7352688
390.557229715
388.954365324
388.64725268
387.113097554
386.304733993
385.72660574
385.848826264
385.040777289
383.682055036
382.65917895
383.078650189
382.992544902
382.661383849
382.247772238
381.193336122
380.892491761
381.199183317
379.991950233
379.609577902
379.635454179
379.265412941
378.971412529
378.838172525
379.226540125
379.220123801
379.169759638
379.198955996
378.90894796
378.095747879
377.237315878
377.458534816
376.370858375
375.86889761
374.932794003
374.272348967
374.101106397
373.779457754
374.214269268
373.856645383
373.811097144
373.808669661
373.246673387
373.959081424
374.564233504
374.808313025
373.943396479
374.16774915
373.010461555
373.077700679
372.71718507
371.006260694
371.259821007
371.09205661
371.492153659
370.3753896
370.511584352
369.90428887
369.871697287
369.634433036
369.430872393
368.949061336
368.141228551
367.403059611
368.058019874
368.335231606
367.422434383
367.023006435
366.906142561
365.991709922
365.429301595
364.910413512
364.751960631
363.477112103
362.271099617
362.225775492
361.483078438
361.587089184
361.857829292
361.810236693
361.519460767
361.639008837
361.758972921
362.077796562
362.198608799
362.197440921
361.515053242
361.865853365
361.270143606
360.618220687
361.32975704
361.214496403
360.869305409
360.25773596
360.03651589
359.578463689
359.478043167
359.661198962
358.96719052
357.584410435
357.717199399
356.681870881
356.634681595
355.917373703
356.393364624
356.441288533
356.124063353
355.820087823
355.393676068
354.431999106
354.041986557
354.693882581
354.538241659
354.343101488
354.449093925
354.088665772
353.522685491
353.800193647
353.379757126
353.707804766
354.229372881
353.832212562
354.225864959
354.787425483
354.270665088
353.183121484
352.929870048
352.804961533
352.041336448
351.951324197
351.548048075
351.741639314
351.061199226
350.692018825
350.325951021
349.319914343
348.627477976
348.578177613
348.295308609
348.130103919
348.646075872
348.479077497
347.707549175
347.889533891
346.881053739
347.020668937
346.256311062
346.730705944
346.573073892
346.209121572
345.763106049
345.716269893
345.313425532
344.987021088
344.661381044
343.575748643
342.962516319
342.834007996
342.044928251
342.059934302
341.576439477
341.202822794
341.044201407
340.720568847
339.728602763
340.062524398
339.783624077
339.058459074
338.875567074
339.561538674
339.287910424
338.096410427
337.770379107
337.302658661
337.09701742
336.252585007
336.361764683
335.60048048
335.110491638
335.263215749
335.34236699
336.220782503
336.387190658
335.652058547
334.97649562
334.211211639
333.52914312
333.247866434
332.770597668
332.527149129
332.253720693
331.77728821
330.978067885
330.895619682
329.9003392
329.695930395
330.139430307
330.629409306
329.839853096
329.237501534
330.25759707
329.572161223
330.131456615
331.142593569
330.358248939
329.871928997
328.826678123
328.653849614
327.689745329
328.037728286
327.640383763
327.031267154
327.555023204
327.263566988
326.981586503
326.896390698
