theta = 
 [[ 0  2  3  4  5  6  7  8]
 [ 2  0  6  8 10 12 14 16]
 [ 3  6  0 12 15 18 21 24]
 [ 4  8 12  0 20 24 28 32]
 [ 5 10 15 20  0 30 35 40]
 [ 6 12 18 24 30  0 42 48]
 [ 7 14 21 28 35 42  0 56]
 [ 8 16 24 32 40 48 56  0]]
theta_est = 
 [[ 4.39050803  5.72151493  4.82210701  4.35906546  3.38923839  5.1671529
   3.50069769  7.13418401]
 [ 7.70930208  3.06753215  6.3338003   4.23115936  4.54435649  7.40477311
   0.56828847  0.6970344 ]
 [ 0.16174718  6.66095876  6.22525401  6.96009719  7.82894674  6.39326851
   3.6918349   6.24423341]
 [ 0.94619541  5.11936817  1.1468263   7.55735134  4.17478657  3.31729552
   2.1164449   6.19386952]
 [ 3.64920266  4.54747159  0.1503184   4.94108398  4.89676578  4.93547197
   7.54998463  5.45456239]
 [ 2.8760632   3.49625563  5.58104957  0.48180377  5.33413372  5.36510296
   1.68306049  1.03141038]
 [ 2.52342681  2.90968617  4.56157416  3.50881211  7.9069907   0.81635849
   1.67101405  1.29047614]
 [ 5.2248666   2.02633282  3.73048618  1.95540474  1.27175667  0.88300113
   5.25063672  1.10546361]]
741.844972937
712.428755399
680.282183082
654.831623853
658.12296776
659.65490921
642.141749005
634.600367853
644.917179081
627.290210311
629.098364924
627.997329384
628.988080758
628.815988412
631.132244341
630.56846888
630.532381813
624.191625871
620.303499139
616.878531131
611.00157053
611.000721673
607.715952125
606.6435051
610.044733696
607.138253378
612.524761935
604.651724314
595.605520836
598.928154921
590.55099196
590.249394544
592.428458025
584.310177591
584.432202264
582.597570874
579.706586638
573.78662445
567.926381848
568.709375784
565.556405724
562.431792184
557.031026079
559.930545493
555.163769398
552.441721198
551.332644121
543.300911336
551.592594008
549.791183788
544.751117212
537.201508084
535.536407459
530.107676471
542.767547408
534.154100806
532.230697004
528.800157592
531.567586471
533.591273106
536.614489739
524.248699949
521.801371895
529.375767887
523.769053813
521.188157946
510.681100735
526.583588079
516.002610795
525.318098969
519.360196171
515.136892889
513.106391369
509.695556762
511.216518809
510.386630319
512.518796358
519.082338986
517.092118759
511.919847168
515.01601521
505.944256585
500.373345623
501.588307761
503.183445378
505.631752328
501.537410336
500.465442453
496.151293419
495.370350188
493.428492266
490.3976258
492.376167918
491.152732427
491.686900398
485.77976101
484.741382039
485.756253562
494.235914447
494.869822453
theta_est = 
 [[  6.27415805  -4.97829161   7.05858386  -0.12663883   1.70601421
    4.10347928   6.30313493   5.00341168]
 [  3.15127249   9.07505245   5.04139363   1.3985106    9.33074845
    6.46785028   9.71552277   6.8008328 ]
 [ -2.68268557   2.0857179    6.77117811  17.55040245  13.68760951
    9.85179146   9.78371544   9.52856102]
 [  1.29731152  11.2777134    7.9603319   14.19683992  10.42920965
   18.97922466  14.8847131   24.18186491]
 [ -0.57373842   6.68033409   8.65886577   9.91164456  11.64136706
   21.72300706  21.08541926  30.56618971]
 [  3.35435661   7.16499718  12.33909211  14.68842687  21.64766537
   14.88679994  24.82590635  35.85432874]
 [  2.52808436  12.07001899  13.58830083  17.35889494  22.91625539
   25.31422954  10.47540144  35.84748455]
 [  5.68604456  11.99474398  15.72333019  24.59793384  20.9456719
   33.28152092  33.00624723   4.04964348]]
