theta = 
 [[ 0  2  3  4  5  6  7  8]
 [ 2  0  6  8 10 12 14 16]
 [ 3  6  0 12 15 18 21 24]
 [ 4  8 12  0 20 24 28 32]
 [ 5 10 15 20  0 30 35 40]
 [ 6 12 18 24 30  0 42 48]
 [ 7 14 21 28 35 42  0 56]
 [ 8 16 24 32 40 48 56  0]]
theta_est = 
 [[ 4.39050803  5.72151493  4.82210701  4.35906546  3.38923839  5.1671529
   3.50069769  7.13418401]
 [ 7.70930208  3.06753215  6.3338003   4.23115936  4.54435649  7.40477311
   0.56828847  0.6970344 ]
 [ 0.16174718  6.66095876  6.22525401  6.96009719  7.82894674  6.39326851
   3.6918349   6.24423341]
 [ 0.94619541  5.11936817  1.1468263   7.55735134  4.17478657  3.31729552
   2.1164449   6.19386952]
 [ 3.64920266  4.54747159  0.1503184   4.94108398  4.89676578  4.93547197
   7.54998463  5.45456239]
 [ 2.8760632   3.49625563  5.58104957  0.48180377  5.33413372  5.36510296
   1.68306049  1.03141038]
 [ 2.52342681  2.90968617  4.56157416  3.50881211  7.9069907   0.81635849
   1.67101405  1.29047614]
 [ 5.2248666   2.02633282  3.73048618  1.95540474  1.27175667  0.88300113
   5.25063672  1.10546361]]
899.322158235
896.967877222
894.730654412
893.134602184
891.264961661
890.592585256
889.830261621
888.140442151
887.998183956
887.231401374
886.738373549
886.20808327
884.997420368
884.059953739
883.880836941
883.175018
882.82279981
882.714117628
882.407870806
881.219648338
881.182606114
881.197075691
881.623539042
881.071050234
880.680480133
879.931414432
880.218763775
880.789975882
880.768197219
880.979259432
880.472650054
880.43886396
880.3298061
880.459995521
880.512577415
880.444383234
880.174981292
879.023567273
878.183333133
878.066210791
878.236319568
877.649300656
876.774710467
876.617244565
876.266949906
876.154726959
875.48488473
874.489466307
874.490792123
874.702085381
873.755478314
873.597292243
872.526990382
871.847567364
871.172053134
870.936577991
869.86550324
869.666072492
868.835358185
868.838331042
868.44964077
867.897033868
867.742787799
867.312525338
866.919502713
866.046852487
864.769405985
864.28791152
863.374376575
862.976521226
861.783822672
861.863175687
861.315249217
861.115457526
860.809587959
860.57855334
859.667522993
859.14969269
858.075794387
857.156335404
857.478420814
856.492921668
855.974346677
855.420440927
854.826181869
854.831519279
854.602852653
854.187532314
853.512419897
852.943361356
852.329150771
851.388991196
851.334222044
850.767499378
849.313312151
848.690250279
847.967589947
847.75811472
847.431459968
847.435122692
theta_est = 
 [[  4.57887303  -0.82421512   3.18574464   2.4355316    1.27605359
    2.63958358   2.02418602   2.84192455]
 [  1.77774973   3.66828418   1.33709481   0.07154505   3.43062205
    6.32032733   2.45247462   3.02243422]
 [ -1.98270615   1.33596985   6.27984642   7.51170577   8.57401322
    4.71811053   4.04180473   5.64235893]
 [ -0.49365642   1.85885326   1.32075492   8.22130019   3.08548912
    6.84268046   6.94939875  11.48498833]
 [  1.28204617   3.1683842    1.16037334   3.72340027   5.57122591
    6.37305787   8.52192211  14.50689673]
 [  0.50269058   2.87237629   4.23584354   3.8616581    6.72431927
    6.31727266  12.17372283  12.84155682]
 [  0.76713717   4.79518218   5.20502861   8.44994742   9.02631119
   11.44252335   2.55145279  12.92840935]
 [  1.19180218   4.73819391   3.99946335   7.71197692   9.78031979
   12.45070771  16.20843013   1.3998816 ]]
