45.5372574675
45.0927270356
44.8785424544
44.7805313181
44.3235776385
44.3786081017
44.7187584063
45.2965491204
46.1906731963
46.7575553419
47.426650491
48.0953414425
48.204028352
48.4271152211
49.2549401094
49.9623822536
50.188256675
50.9429806379
51.8582637188
53.0275652637
54.3627043414
55.4493632093
56.459314158
59.1053752085
60.607435819
62.3780564251
63.6713626312
65.5198956932
67.8939810238
68.7933218772
70.1979152857
70.4075612198
72.0852576791
73.8976346437
75.3513584134
75.4014956511
75.5975970234
77.0751580372
78.4055336473
79.1344374034
80.497326441
81.5465553313
83.0726476202
84.2835085431
85.4512171523
86.7784942384
89.7473670093
90.572655737
91.3365086243
92.0197471532
92.6621795384
93.5842038623
94.7890241055
96.196672308
97.16634879
98.6916455548
99.9024985225
101.750207052
101.804284137
102.600424908
102.003986316
102.99362193
103.999118286
104.64477325
104.486829799
104.760850365
106.279190571
107.209973973
107.494881807
107.533330885
107.889315376
107.688475221
108.522066819
108.286002735
109.639242094
110.848374488
111.896065812
112.782142725
112.826603494
113.182648102
113.581808548
114.701400152
115.148196068
116.348264028
114.755864707
114.095540714
114.924537474
115.048427442
118.045266341
118.83083473
119.394290414
119.435524971
118.871537317
119.18149744
121.260197041
120.796584037
120.947547907
121.664657546
121.387428642
121.100256353
