# result23.txtと同じ条件のもとで、サンプリングを選択するタイミングを(5,n*10), n=8に変更した
744.131050378
709.9788717
682.493110137
664.980010847
654.821794123
654.250708439
647.493393402
645.156671322
637.184088888
640.749583435
628.826719667
634.321124685
631.684378047
633.013505927
624.721189246
627.465272887
624.47232979
623.052193812
617.26204602
609.567986522
609.433927475
599.032732562
596.14448263
596.858865405
597.653392635
597.313549645
585.984577212
580.586669821
575.741910197
577.330852466
583.778242133
574.238848273
574.850753411
569.890569448
566.058945806
564.453741124
552.125418059
547.718502569
542.120926091
545.548738877
546.977813864
541.144276773
544.588863572
543.878643511
538.088018821
537.478640902
536.284489517
532.658629112
532.742308011
532.334337049
531.786530679
526.469266102
517.659212631
515.484662132
512.71361492
516.041903484
502.724529713
499.184521606
500.92792601
509.21688803
505.173386866
491.322808728
496.912696061
501.39518223
493.499860242
494.83777578
495.444842983
497.083795814
495.291673118
497.236029732
497.707518542
501.525536333
495.454669713
488.839626527
489.275114974
488.252491598
477.319951395
485.778002942
483.394685163
480.965402409
482.590699163
480.207852315
486.525712704
483.048108498
480.293229848
478.840905408
471.304960441
469.222628121
473.709569412
469.726538529
473.434938962
469.052044177
471.021903372
479.762096403
472.5329637
462.818680728
470.584012245
469.965702677
472.046114828
463.133607909
462.718338363
466.280270838
456.428680362
456.755164936
454.733970459
464.837587478
457.455303063
449.140040627
460.949743185
448.991515579
466.384131267
466.6219218
458.011298605
456.692809707
453.586899829
452.524542141
453.683873912
451.425055098
449.733497092
453.648732425
448.629476424
452.820817578
449.740513061
460.916329578
447.641567166
448.163016565
447.773950318
441.952613069
446.954146319
451.775704744
454.335674617
452.054934812
439.494663391
442.32729678
443.794428031
455.074405404
448.64666212
453.126627728
451.720494571
445.502848122
434.300373998
442.715314787
443.575264004
449.65704856
447.496923803
443.764662805
492.525500787
469.798740834
456.124442505
456.896611297
460.20025321
448.224058497
448.369573609
444.214062772
439.289777401
447.53838723
440.540559766
453.79994119
443.795742166
445.989813035
447.553560205
459.489549985
458.698904669
450.301152032
443.061953987
447.935776776
441.310500305
452.369536956
455.131371921
443.543877129
450.933330939
446.824526135
449.853668967
447.297460045
446.212358243
445.76035997
444.072598373
438.225221624
435.540587904
438.390820169
440.890782388
446.794480118
452.913701235
457.747020202
441.237369041
452.568876141
446.814482959
446.115475333
440.845713771
441.549412132
445.155528263
451.419313457
449.016555813
437.056941512
441.616280347
444.58809623
439.51654895
435.944002186
441.249428223
452.706433093
445.230613621
446.797376549
445.96989114
448.287257161
444.813474019
458.332964089
453.049793576
451.570821143
443.99672013
445.98718427
448.389535838
461.038308889
463.728745833
445.676777237
449.745630748
450.280729753
449.62450058
440.757021217
460.660849088
450.994163993
450.939097723
461.022873586
456.339449538
448.877048334
453.943809849
467.074392301
466.115274874
460.188958228
452.351626919
467.363492455
457.166547138
459.12603197
459.1360205
454.831695176
453.788484156
457.952356017
454.964350232
454.483208483
462.71739587
457.127479281
470.351004897
473.125144619
469.949577663
458.735853319
455.847354972
482.114364062
488.601249869
465.007726691
459.752549351
463.435043415
