theta = 
 [[ 0  2  3  4  5  6  7  8]
 [ 2  0  6  8 10 12 14 16]
 [ 3  6  0 12 15 18 21 24]
 [ 4  8 12  0 20 24 28 32]
 [ 5 10 15 20  0 30 35 40]
 [ 6 12 18 24 30  0 42 48]
 [ 7 14 21 28 35 42  0 56]
 [ 8 16 24 32 40 48 56  0]]
theta_est = 
 [[ 4.39050803  5.72151493  4.82210701  4.35906546  3.38923839  5.1671529
   3.50069769  7.13418401]
 [ 7.70930208  3.06753215  6.3338003   4.23115936  4.54435649  7.40477311
   0.56828847  0.6970344 ]
 [ 0.16174718  6.66095876  6.22525401  6.96009719  7.82894674  6.39326851
   3.6918349   6.24423341]
 [ 0.94619541  5.11936817  1.1468263   7.55735134  4.17478657  3.31729552
   2.1164449   6.19386952]
 [ 3.64920266  4.54747159  0.1503184   4.94108398  4.89676578  4.93547197
   7.54998463  5.45456239]
 [ 2.8760632   3.49625563  5.58104957  0.48180377  5.33413372  5.36510296
   1.68306049  1.03141038]
 [ 2.52342681  2.90968617  4.56157416  3.50881211  7.9069907   0.81635849
   1.67101405  1.29047614]
 [ 5.2248666   2.02633282  3.73048618  1.95540474  1.27175667  0.88300113
   5.25063672  1.10546361]]
925.365449401
923.355221299
921.824365053
921.016603263
920.568485645
920.222140248
919.760910063
919.134257761
918.625951238
918.278828172
917.861316942
917.55510183
917.405999678
917.506468657
917.733433347
917.929662994
918.12158529
918.209464513
918.292303305
918.359091693
918.385719577
918.411945856
918.418168119
918.444190341
918.482410564
918.508752766
918.518976188
918.533038422
918.555139044
918.573320051
918.583461861
918.605523279
918.631703893
918.657925699
918.680147917
918.722330139
918.748711962
918.77093578
918.797118018
918.82733984
918.845602059
918.871744681
918.893966107
918.912148321
918.934290143
918.964471562
918.990733376
919.012955994
919.03113822
919.053280042
919.079461461
919.093683275
919.123785493
919.146046515
919.164229125
919.182370951
919.20851237
919.202733784
919.228635998
919.25085502
919.26503721
919.279139032
919.28524005
919.307261061
919.329441271
919.347623073
919.369764891
919.391946309
919.418128123
919.444349941
919.46657216
919.488754382
919.490936204
919.508918022
919.52705784
919.553199239
919.567420652
919.593522867
919.615743889
919.633926099
919.656067921
919.690249339
919.720551154
919.742814172
919.768996802
919.791218628
919.813400846
919.831582669
919.857724487
919.879945905
919.898128119
919.920269941
919.94245136
919.960633174
919.978774992
920.00091641
920.019097824
920.037239638
920.059381056
920.089562471
theta_est = 
 [[ 4.40934453  3.70622444  3.88280319  2.47395438  4.26378849  5.79707204
   2.73669349  7.21991655]
 [ 5.75542937  3.12760735  4.26199855  1.73716813  5.94970072  8.91894458
  -0.72605101  2.84136053]
 [-0.82836573  4.55632867  6.23071325  4.23310437  9.72356315  7.06958068
   1.8103346   7.2951467 ]
 [-0.89054747  2.71528688 -1.61793451  7.62374622  5.42342282  5.86133877
   0.79722319  8.18305056]
 [ 4.49835558  5.92628053  2.07143366  6.1768816   4.96421179  3.56374541
   7.78284271  4.59315709]
 [ 3.52140201  5.05648374  6.29035693  3.01129396  3.95766712  5.46031993
   3.10298235  0.42497681]
 [ 1.73144481  1.61547768  2.70942233  2.20040855  8.15458709  2.2498306
   1.75905792  2.30690368]
 [ 5.33651865  4.20930508  4.86848463  3.99113112  0.35597425  0.25232358
   6.19905027  1.13490541]]
