# n = 8  # number of Ising variables
# T = 400 # number of epoc for theta
# N = 10000 # number of smples, comes form true Prob
# N_est = 100 # number of smples, comes form estimated Prob
# ypc = 10 # descent ratio
741.775050378
709.720885739
679.667343471
666.627639788
661.13855974
648.908669864
650.138057455
645.27677318
641.039930856
641.570588394
634.509429094
634.421320541
631.595731305
628.972743371
626.699736502
627.203007073
635.556762433
627.104768552
625.392414742
635.544734495
625.016586538
618.301465989
622.648335543
611.113976365
609.425878661
603.761037684
604.05251163
600.79142319
603.130813129
596.047624449
597.061081629
594.952665657
589.775596697
586.510900697
582.906874905
585.619634721
580.988322862
579.533158557
578.177525742
578.056037218
577.551472338
572.494737531
578.850864633
570.801407018
568.176099345
567.416358485
566.993792315
570.49914078
567.302496303
563.222569858
563.391337277
562.248963001
567.028154525
559.82798644
555.46557012
550.657791774
549.488559468
548.274129272
546.167870117
541.779544244
549.239759405
552.435854487
545.02401069
543.455882726
537.677786052
539.779277038
540.342858978
537.534124898
533.809820993
532.865870144
525.571528606
522.29842509
516.073467401
515.125702926
513.322116207
512.008480278
515.578313882
513.764340767
520.69656752
522.821457337
511.383047342
513.255446181
510.368064366
515.403920124
516.35741457
504.59959539
516.241335132
516.271373286
519.681821648
508.033864349
507.734979073
513.18176374
514.053501927
509.2285247
510.148607863
510.031629227
502.757171381
509.969706146
500.43921702
500.008436056
494.192545489
505.460476185
502.10417847
493.275481897
493.507118366
490.504143929
487.667507036
488.099897469
486.602751535
487.109326777
481.620191893
477.338983984
485.523069082
478.446678019
482.48659296
482.874297637
488.140447103
484.486541592
482.059955507
477.204603139
481.485672622
485.759426801
483.986072595
479.067125085
479.468527335
479.319409142
478.95497238
483.532060806
491.266794807
480.77697678
482.2578894
486.194681275
477.746819986
475.209383634
483.431823488
477.781357229
480.267504048
476.241462529
476.623172046
480.986109919
481.634873205
473.414813757
470.012207913
462.576772076
468.499144383
479.121920481
465.81417365
465.91576214
465.393266978
469.809726448
471.208679885
476.943893833
466.938746272
464.597724187
466.73227922
469.863113416
470.048030409
466.780789137
469.004811305
470.871245919
469.4174371
464.186708681
478.441186224
466.981686979
469.446737134
465.666665104
460.627219778
471.170138953
468.484086443
475.402353562
473.671865177
462.320659677
462.743959384
465.753729367
469.583552614
458.039111179
465.173049401
470.79774331
466.391174994
464.138017293
469.558477105
462.429685452
466.716208214
467.526203101
467.433883806
462.830550601
461.256304322
454.301901362
465.640428156
464.221561844
464.636751639
471.124071419
466.300654383
449.157300016
458.344600223
464.057058071
463.503968905
469.877478138
470.228868897
458.676850367
465.589416977
469.061359901
462.902638473
456.776455223
459.685555277
463.989704224
461.391103522
463.601324268
471.051695185
455.345849792
462.018009798
464.264119227
464.305681707
471.753589274
477.25917013
478.754828366
473.562164532
466.263636412
463.565886094
471.869745431
467.912129044
471.197670628
461.110216072
459.713911352
470.010349003
464.880995281
512.140903617
481.850458288
466.994688726
476.374581785
463.135275344
471.923732857
472.284388388
466.987171765
462.030429879
473.885081825
476.744292622
468.185757915
460.842582866
478.360579127
469.399252833
458.934169891
461.515634104
463.812092888
467.374944149
494.360652787
490.246232533
479.7704022
486.753608259
481.805181684
472.591742996
472.121329573
475.618244642
479.421877911
506.414892845
499.945620208
479.208632263
497.342756008
487.889450989
524.604425061
505.471575837
487.917791611
474.030827531
477.750059176
480.440506846
484.308629424
479.311394558
482.910221506
478.862534474
473.259062418
474.267784349
472.243596094
476.142555137
473.395000041
478.268057712
482.234557151
477.932101836
489.49884644
482.447271059
488.067588219
486.191497623
487.555789015
491.755136047
479.317793184
491.734178232
473.951706444
487.186975131
487.856893168
486.269350239
489.366322433
487.62810803
476.677222742
490.525696044
485.774334503
495.150352354
492.02745015
487.437597298
486.743304871
478.580184711
489.593766231
478.300742251
504.537932292
496.894752601
477.69718001
480.51927034
486.352948089
489.631728858
486.112792804
503.343759734
480.929120859
479.194490792
470.066135144
478.496431091
502.121613641
498.899397301
495.479325013
491.686434243
484.338316504
490.483435355
480.430327539
497.169560936
494.761281253
494.661468781
482.505754003
486.04938873
496.077380704
501.252877074
505.51148952
485.768325766
500.021342905
502.058440138
493.61533308
496.282082583
498.61462527
489.702380195
518.357564363
505.383738153
492.305600993
490.699628033
509.563646445
500.767800497
492.44076686
508.6782744
495.959351362
528.297597957
519.801240461
515.441570202
507.85244428
519.120929843
535.647974734
528.413530955
518.499687028
513.877533415
506.154645454
524.650769665
512.828532857
494.852897375
509.776184044
511.006062283
498.496823816
505.512971157
505.401090492
505.086684948
514.232118823
513.639370234
536.646699871
518.602212827
520.642377985
548.939676832
590.648269585
539.734563549
539.35435253
514.573146356
529.837987012
519.138390068
522.685207213
526.735697516
515.107982786
514.94385494
522.362054168
536.569956012
528.501524455
519.547327048
518.492747693
522.38799979
521.088089981
541.719415995
522.436023934
530.315816559
522.815916274
516.720823941
535.363291243
541.537151058
525.863892865
529.640133354
526.645818623
528.211228171
523.27567096
522.224650764
524.976061906
530.096449474
535.233879144
527.874387895
545.711869014
533.169579199
525.97637342
540.672686505
534.247115708
547.715658078
537.459704598
533.615357037
537.726352468
552.406242404
553.306552314
538.694043428
531.123227866
535.789032612
542.538824536
560.17471708
574.81760605
550.958543918
558.779861635
558.228444763
561.096808755
540.982375929
539.444011811
555.473346054
561.606416155
552.178058389
541.618986192
532.746051211
559.275452719
542.968491718
551.536097363
548.713831353
555.907474936
552.984303517
553.033776382
552.473487185
556.938571015
557.878771035
559.115531507
543.180582662
567.571107745
565.342275755
551.66177122
567.301787567
571.54374128
555.203750187
556.013775616
553.381918299
547.48914903
551.65921063
559.188366462
558.819048393
553.530494706
577.558209273
556.981671803
557.454923927
551.763090408
571.175137631
556.431163016
586.479732368
600.412822718
573.915926272
577.29599445
562.008945713
581.103351424
576.823782517
581.724663355
589.281847085
571.897351357
565.23385155
583.542806222
594.932608996
607.926101523
573.300158914
604.75070715
583.853649013
569.326929324
589.037248376
579.910328578
586.685903939
582.505491762
566.15199172
603.151528122
590.850185152
625.947475008
604.13623587
580.118328937
585.487056139
587.847245769
587.562758104
577.186920295
588.737136258
601.33081499
605.07674111
592.5286686
596.960264595
578.196464929
591.355567518
606.009876258
600.501907326
611.632782844
593.030148533
672.230663456
622.69420433
635.127442211
622.976507848
587.987775898
592.178494083
589.2296524
606.462868152
612.759972888
613.74844647
619.333129007
603.823238973
604.855602189
602.265721391
610.602855582
612.991220391
602.613513363
603.264399972
601.875400991
604.274568317
609.876059342
600.91167141
601.915944487
618.054262356
604.222065804
662.144128908
633.514546305
630.36525305
613.382268139
611.687081943
615.981423895
609.015653321
608.87800598
600.829649593
610.959941563
614.566153057
615.215900203
632.770358331
629.177244258
628.809014908
604.98367043
637.511167027
651.307720324
613.80318952
607.094158138
628.855011293
643.507164895
646.033832842
648.048868719
633.82019458
622.773612773
620.168703423
618.052600299
623.679855368
624.77989411
625.554351614
645.931641704
651.281974721
640.836086045
656.664113217
645.969031186
630.494969247
655.017282181
656.140043135
662.443007303
645.227396674
635.16515593
646.487331648
642.945245987
633.707914711
634.029593524
671.17790274
648.493422266
651.535637261
655.068886222
662.311390892
668.823032144
660.212607212
639.126478434
647.536238815
650.499896396
663.5181252
694.998663914
658.384098751
698.252908576
704.642349451
704.361828492
699.35793812
693.05932774
676.455160071
657.533596874
664.952061734
665.035419391
663.712049379
662.625371453
672.916518679
676.588254845
654.631823824
652.154378438
650.313322182
665.641710875
675.648757627
711.311803777
707.655439174
696.608103672
711.149015251
730.19514879
713.720098081
715.242491803
762.583051904
728.499717347
700.418779816
684.56367065
683.227073219
672.731350345
672.003297494
663.999654634
669.923613799
682.766872718
672.926117565
672.96017528
706.999172261
708.541975397
728.962026516
688.396434821
712.00234429
696.111309915
686.549684686
673.989052502
705.590495433
683.541163035
702.738632025
696.979029918
732.335208871
699.450273423
733.289957689
741.735721025
745.844847606
776.091443975
745.689908028
717.957248177
691.623285417
692.62286787
740.387609481
720.784941079
729.794466503
703.740723886
701.711423154
705.314578646
696.348186461
721.459631624
702.850617795
759.259498264
751.084985563
728.855639375
696.352181194
711.956211611
708.913834582
715.850920863
721.826134914
708.677612472
718.989933945
704.183975165
713.698064645
715.617543305
727.774039417
719.56526135
722.258014541
716.414731135
768.048054537
797.749631956
789.356845591
793.006811567
759.397016295
741.359841206
728.151971431
738.640885832
746.975643514
767.183588197
739.186920663
728.650539686
732.181851965
756.389314497
762.270240328
786.514123104
755.210935827
763.865969021
749.450676782
736.671498041
751.101035947
740.882660811
755.74375994
760.944553683
734.006746305
749.618128261
756.659449707
746.378750826
732.41172232
728.617007632
728.016721
735.832488322
739.460470738
734.103765143
765.332545618
746.112174442
733.091278119
794.198565547
782.868881448
775.856258335
775.806329643
754.45519436
756.807411766
778.504526153
755.677924214
740.677146881
768.724408989
760.955480237
744.018471458
743.762069391
744.350318966
765.141170804
783.357235296
791.769701445
782.011395751
748.353483179
756.993653466
784.611506001
776.188290331
770.477933642
797.068959818
755.26445488
764.024716102
771.410829715
766.463855317
766.276964472
761.446128935
775.774026535
847.21720521
829.058402132
783.913151451
785.170617517
777.602737238
780.967707125
830.438823189
827.427815642
788.970035096
814.459591187
846.482561504
872.212878593
828.752763189
778.351765182
777.76953372
795.568916383
800.309987761
793.336987662
791.929481392
781.912538136
783.016110771
777.614273182
829.790250977
837.948949183
809.074068926
842.337443068
809.892881095
812.396684209
818.321737249
808.564935618
796.747346127
791.98371751
862.27380701
824.415609133
828.218755805
837.07105315
876.517480746
834.636525126
810.012255528
813.742704654
794.181899106
802.097570215
813.444967124
819.693311216
825.019857262
822.689025828
804.855159442
805.629769409
807.951647638
816.426459321
806.431327348
819.78047798
835.679800238
831.489719347
834.387785034
818.832262365
819.396155062
840.095154073
867.52172497
830.813496329
853.389277949
841.791451982
838.488691513
844.836958232
825.84250162
821.247183031
862.62232765
837.453684349
836.319552553
860.12295326
886.932806357
860.853414055
867.455330087
843.230595929
827.934935806
829.537209394
836.235133425
852.780107888
839.659947174
859.76435112
839.956096678
859.70885243
846.203227864
861.583108412
857.929053982
851.055271506
841.338285801
860.609320462
865.112433616
849.91125612
846.994455724
866.446945113
840.193536112
857.029927755
844.101163644
839.32941215
854.057367344
850.033813585
846.900183969
891.796147773
878.735626531
875.132281203
907.845213684
904.209174882
863.492541923
896.481943487
864.73037621
855.408992461
870.535567884
864.828252515
880.54838229
862.560451272
859.586859146
843.222725572
855.314227556
853.350767719
841.158128459
847.19304005
871.968065532
874.029126473
855.260090819
858.555726052
860.189987113
849.781815392
944.059312357
894.430220677
897.509934601
921.257590001
885.005050464
868.546095464
860.988610889
880.082786358
885.180958595
902.568186877
923.700766724
896.595696757
881.680313077
872.828154167
884.500190833
881.239345674
875.241411758
856.425974786
936.30342736
901.153473611
886.014591313
882.373131332
881.204016482
884.299653215
878.637363323
887.739084866
928.164538321
898.30050835
892.24126545
876.332979088
875.578970033
870.439658833
889.447178654
887.542582095
888.144780314
896.392169513
876.568826803
882.983377309
889.177838713
893.436022149
887.251364505
887.252143644
892.79287981
911.46982716
909.601014535
894.064474413
896.792485445
884.127906982
895.470060448
890.648570938
890.886230741
891.705315218
886.510693974
891.964020911
893.552893402
905.635692627
893.022725665
906.485846622
891.381261838
903.321031902
899.411207732
943.965662939
913.861104996
922.555822891
914.820288899
901.534145053
934.467626473
904.057415877
903.956899786
921.276771862
913.907164396
910.17753782
934.563750231
922.479705436
914.564625481
906.788628522
913.692527248
911.040021498
925.276127403
913.855996782
909.610326585
910.781336888
928.885142529
924.45942597
929.919005573
916.970009958
959.256065469
954.893390875
942.644979159
957.172275157
930.423233372
941.171699134
924.387762655
930.366958517
931.503840412
919.822010616
930.716938302
973.287188206
929.516876252
944.887830796
931.965558782
979.244058717
949.084638255
951.657052371
952.972694101
944.916835462
954.308862245
941.35451205
944.348867034
957.189401799
942.952601904
937.241363256
933.865648308
953.622485862
933.944308517
951.473233345
954.889864355
972.198239912
964.35363551
970.204231319
957.398443159
981.362178954
955.164834578
950.728394762
945.060303894
949.600145935
948.264221608
951.940014557
967.191956575
957.488438546
960.186393209
960.235630698
945.589978188
967.114568527
