0.644
0.852
1.04428
1.2803228
1.404643228
1.56384643228
1.69539846432
1.82667398464
2.01794673985
2.2418194674
2.47801819467
2.71034018195
2.87862340182
3.01426623402
3.08558266234
3.16025582662
3.37896255827
3.54310962558
3.79071109626
3.90714711096
4.00627147111
4.11722271471
4.42829222715
4.72136292227
4.81425362922
5.03714253629
5.23733142536
5.30129331425
5.48389293314
5.60367892933
5.69483678929
5.90170836789
6.02573708368
6.25693737084
6.41320937371
6.57273209374
6.76428732094
6.96016287321
7.14808162873
7.27192081629
7.47111920816
7.59507119208
7.81427071192
7.98242270712
8.08606422707
8.12506064227
8.30341060642
8.48315410606
8.55091154106
8.68954911541
8.81689549115
9.02412895491
9.24816128955
9.4283616129
9.57212361613
9.69552123616
9.89871521236
10.0787071521
10.3304670715
10.4709446707
10.5823094467
10.6933830945
10.8444538309
10.9359245383
11.0627992454
11.2620279925
11.4859802799
11.5821798028
11.773101798
11.960971018
12.0488097102
12.1516480971
12.238636481
12.3814663648
12.6008546636
12.8250085466
13.0212100855
13.2131321009
13.329011321
13.5121301132
13.7199213011
13.971959213
14.1204395921
14.2238843959
14.378878844
14.5383887884
14.6939438879
14.8454594389
15.0449345944
15.2128893459
15.4485288935
15.7048452889
15.7893684529
16.0001736845
16.1722417368
16.4519224174
16.5886792242
16.6720067922
16.7508000679
16.8895480007
