theta = 
 [[ 0  2  3  4]
 [ 2  0  6  8]
 [ 3  6  0 12]
 [ 4  8 12  0]]
theta_est = 
 [[ 0  2  3  4]
 [ 2  0  6  8]
 [ 3  6  0 12]
 [ 4  8 12  0]]
0.913008934827
1.13578974042
1.39884552634
1.8071160864
2.35119278596
2.97826594475
3.66077134289
4.25559639687
4.86857913277
5.58144735659
6.39205076554
7.1602095126
7.90789110007
8.76736791595
9.52796268411
10.3675686318
11.1679646913
12.0719686519
12.8490086915
13.7487790919
14.6776128777
15.8672708797
17.0591674598
17.8550864256
18.9550456152
20.0620452071
20.465115203
21.181145903
22.08830621
23.3653778131
24.0101485291
25.0325962363
26.4108207133
26.8406029581
27.1489007805
27.8319837588
29.4388145886
31.0548828969
32.6710435799
33.9472051868
35.0399668028
36.438894419
36.8208836952
36.9487035879
38.5499817868
40.1659945688
41.7821546967
43.3983162979
45.0144779139
46.6306395301
48.2468011463
49.8629627624
51.4791243786
53.0952859948
54.7114476109
56.3276092271
57.9437708432
59.5599324594
61.1520940756
62.7680156917
64.3841749079
66.0003365
67.616498116
69.2326597321
70.8488213483
72.4649829644
72.9091445806
72.9135861968
72.9136306129
72.9136310571
72.9136310615
72.9136310616
72.9136310616
72.9136310616
72.9136310616
72.9136310616
72.9136310616
72.9136310616
72.9136310616
72.9136310616
72.9136310616
72.9136310616
72.9136310616
72.9136310616
72.9136310616
72.9136310616
72.9136310616
72.9136310616
72.9136310616
72.9136310616
72.9136310616
72.9136310616
72.9136310616
73.2204531322
73.6244935363
74.0285339403
74.5026491394
75.3107299475
76.1188107556
76.9268915637
theta_est = 
 [[ 10.0544154   -6.26209188   2.93663256   3.67828123]
 [ -6.29153982  10.06422153   5.31996851   7.77592646]
 [  2.97308705   5.31449925  10.07895192   3.20999959]
 [  3.68062076   7.77934299   3.16375122  10.00778064]]
