# result23.txt と同じ条件（(5,n* 10)から選択）、最初の真の確率から抽出されるsanpling数を10000->20000 とした
744.435050378
720.8148717
702.895952922
665.609478232
667.245819113
652.908178441
650.242737562
657.088487977
648.14621614
643.461838651
636.217443001
635.869696694
634.451379186
638.27830775
638.430725674
631.575123966
623.754642732
631.072080513
618.269275724
619.434078276
610.961184887
620.208216522
608.096144018
603.232945749
609.482370118
605.317274373
605.048669774
601.502198095
583.419221016
580.605958342
576.189053753
577.771669805
575.870629978
570.915865781
572.078219289
567.960527372
569.674773537
567.725749493
570.886929879
561.276354451
570.611776594
568.005316251
558.252419445
556.102892756
549.59660731
552.870507642
545.02484227
546.246054263
537.90799017
543.915462453
536.80051509
532.238711032
530.218029713
529.673774682
523.17256322
529.260315852
526.34728481
525.842886177
527.296342762
521.60706521
524.155901574
515.685334984
507.112609501
507.023265707
510.359179771
509.58452154
503.774165706
498.90645771
502.384873866
510.088337342
513.013851899
500.975550825
504.017408524
502.17291166
496.898262646
495.099624969
500.993996848
502.468583492
508.307886077
499.563323181
491.688799005
484.523186684
491.220641408
498.169018793
494.132643519
489.052708885
490.257366822
493.082054205
490.582342735
488.751448915
495.021571965
493.109701743
489.40734924
479.208553256
488.142410574
474.399406134
479.23334072
483.472409692
481.221953935
481.515829803
476.942763143
487.234569321
484.663921843
479.302824912
485.074863303
487.587615824
478.4588683
475.603666858
479.575728428
477.391010779
472.830281639
470.756513258
469.086719754
472.336709232
476.551327756
472.555078524
466.521222899
473.272404369
465.298588395
471.715928497
474.362755339
467.738811119
469.889947792
466.780799996
467.371017376
466.637084348
455.333148714
459.261641404
463.163966765
462.991815201
464.334688271
453.141262187
453.120943242
450.245276564
453.287585551
453.987576406
449.476748519
457.72035645
450.535936908
450.288912114
449.77678668
448.190707754
455.877637837
451.493634261
443.699719169
457.44972935
463.412020437
461.899343725
445.096851163
449.537093272
440.207794241
455.702866808
468.506843094
455.304933867
446.465129703
439.186399633
445.65405644
444.561617092
462.244908818
464.113574969
458.098779914
469.178859505
491.953098037
469.360779703
443.759558912
447.567573524
446.826446003
449.624724419
443.293992078
437.621917038
436.483124519
436.771939636
440.254575651
434.442223503
430.849677633
443.831295138
435.994558008
453.929758386
436.79489924
436.593595566
441.368009659
434.445291951
443.841982955
450.573331308
446.540451645
436.241030296
441.040930096
443.543704994
442.955485699
438.13793044
432.799276738
437.834555822
436.214380656
443.091126135
436.499506934
449.776349362
440.428000851
430.033965634
440.106135911
445.917344013
438.840952026
429.892599019
446.941528026
445.140418924
434.620211025
440.236760565
443.62868221
439.409314216
447.264130948
435.392723297
451.153082691
448.23781235
438.72394379
430.639898317
435.513033753
442.739302054
434.86110099
434.090662949
457.801570057
453.182483511
445.916420683
436.199468615
444.708806573
465.301918921
448.394425276
440.41512115
438.908354248
431.981274185
445.681480124
429.083669419
431.864498377
462.656088753
457.784446667
436.555884146
439.228944338
451.352270261
452.833780592
440.588491936
445.976264147
453.852264818
450.605226635
451.817728445
459.682711401
441.2389795
438.470747286
444.51421296
448.806090833
458.673401828
438.26943185
469.799552473
