# selected parameters
#  n = 8  # number of Ising variables
#  T = 1000 # number of epoc for theta
#  N = 1000 # number of smples, comes form true Prob
#  N_est = 100 # number of smples, comes form estimated Prob
#  ypc = 10 # descent ratio
741.844972937
712.428755399
680.282183082
654.831623853
658.12296776
659.65490921
642.141749005
634.600367853
644.917179081
627.290210311
629.098364924
627.997329384
628.988080758
628.815988412
631.132244341
630.56846888
630.532381813
624.191625871
620.303499139
616.878531131
611.00157053
611.000721673
607.715952125
606.6435051
610.044733696
607.138253378
612.524761935
604.651724314
595.605520836
598.928154921
590.55099196
590.249394544
592.428458025
584.310177591
584.432202264
582.597570874
579.706586638
573.78662445
567.926381848
568.709375784
565.556405724
562.431792184
557.031026079
559.930545493
555.163769398
552.441721198
551.332644121
543.300911336
551.592594008
549.791183788
544.751117212
537.201508084
535.536407459
530.107676471
542.767547408
534.154100806
532.230697004
528.800157592
531.567586471
533.591273106
536.614489739
524.248699949
521.801371895
529.375767887
523.769053813
521.188157946
510.681100735
526.583588079
516.002610795
525.318098969
519.360196171
515.136892889
513.106391369
509.695556762
511.216518809
510.386630319
512.518796358
519.082338986
517.092118759
511.919847168
515.01601521
505.944256585
500.373345623
501.588307761
503.183445378
505.631752328
501.537410336
500.465442453
496.151293419
495.370350188
493.428492266
490.3976258
492.376167918
491.152732427
491.686900398
485.77976101
484.741382039
485.756253562
494.235914447
494.869822453
491.951794269
489.395928645
481.941880527
480.229012832
488.059118385
488.094985947
483.633445229
478.761892453
478.016745401
481.713340246
478.266185821
478.41218119
478.408414947
528.185677189
503.349178134
494.837249572
481.22235747
471.713046288
473.843961972
475.146221288
461.882684641
466.349344407
465.895690002
481.763114872
467.663745827
467.521482727
462.198703429
470.426532568
472.028185419
468.900319249
471.845643367
470.027960109
480.462711617
467.465436171
483.018075108
471.02498255
465.755252505
481.37610421
470.669338014
460.797835718
471.041460518
467.268591142
470.209548434
472.130141301
463.3817216
465.859182846
460.240998829
461.310053669
461.887066602
461.693783957
467.80245451
471.079402105
459.577456003
461.406690457
471.664641277
465.539014245
471.242356323
461.081571989
454.596037483
454.020079101
456.386829963
463.087547064
458.746946144
455.172041581
463.845918073
470.441223781
456.251606186
455.093804072
452.432546409
462.66533319
458.035672291
460.193608986
456.782957352
452.456473411
450.838672433
452.736216785
451.477923229
451.94512748
458.69706153
449.850539229
443.23110051
470.165352019
466.814494912
472.673309704
459.205121202
459.147769036
451.295765973
457.602868239
454.881373242
458.996830938
459.055208708
467.362993807
455.503402313
456.233244064
452.427481234
461.570604444
473.532236137
467.575513011
474.222637734
453.513640407
454.266345045
460.862111115
462.609820737
440.27631957
447.229052498
445.228111216
453.093977519
459.868135551
454.760437236
440.969725732
447.33086101
442.153074923
449.259127568
450.993898517
451.116322803
446.421059007
450.666133679
454.425923155
456.873726395
441.759409222
463.322465225
457.01323717
465.13009092
455.269927318
455.620708231
486.348540761
458.996596534
452.152185107
446.314454199
444.130785787
456.154699926
452.607460199
469.717355335
491.762231592
471.154201328
446.140772837
460.959322886
462.115066228
452.997904941
480.12930818
460.859533604
449.780245306
461.700223574
467.492548829
469.762155701
462.829536777
450.072439612
449.609194314
456.645537388
493.274807912
474.988933098
470.319302109
455.117408242
466.152081646
464.894270396
463.404842158
455.724800646
464.278452104
457.384124332
477.255868639
463.333581695
457.897072878
459.512454866
464.825078387
459.374144685
462.552882653
470.37767191
474.46138305
459.55081767
463.999609598
471.346891867
465.966133061
475.650493714
476.705567292
474.425012024
461.142375539
469.214126646
485.271494145
477.344701381
462.905897007
478.108033049
473.303244585
472.473070449
484.195734634
503.615305626
490.892392604
528.019042204
520.443212539
502.32425406
483.01760401
487.139516878
486.793643986
468.615558431
491.140647349
493.366500388
476.301416073
484.899166418
494.243820164
479.617923272
478.711958332
481.174087459
480.658288235
491.228686023
477.610036562
474.868672096
479.658789502
483.253511348
491.46328367
483.736318537
496.934555827
516.200887038
505.708510052
498.11267347
485.531881144
479.924669821
490.072396873
501.862683425
485.8147234
492.78016778
503.661393382
496.874733583
500.553032857
516.214191874
498.126313079
500.33104027
511.453640081
503.518595343
495.953180669
512.023139758
497.524385401
500.03408747
491.256858515
489.560989107
499.720979623
513.604731999
500.536662108
504.211930479
511.16320336
506.288414465
502.199905894
498.128649042
507.626954386
515.229635196
498.209447169
525.871085387
538.31745816
511.257719262
515.075548449
504.9250736
511.644887498
504.885378558
511.427811035
498.437800954
499.840500196
528.892297271
519.633324565
550.920155863
533.932175074
512.124332093
512.020614539
517.063917328
518.481081388
511.230020314
541.735904162
531.378565264
554.788064747
564.759073343
531.390267056
607.611905719
560.276833085
559.966205073
577.531554121
538.090908315
539.79127045
532.147125128
540.931708788
531.318989857
532.517740039
539.981620304
524.930789238
530.676712604
551.454794077
536.899004894
521.028330825
551.526054579
544.928622387
528.323382733
520.682792427
543.346990972
546.691353038
526.916861021
541.899425183
544.349154419
542.215243053
534.08302088
551.68006839
536.516885336
547.661276695
538.209744181
531.797475065
520.853327435
529.283127318
545.523957945
553.531509355
578.242238218
553.686572716
556.830097769
545.39547574
578.832381018
566.94703693
559.778965034
537.458592834
550.062849449
546.448935538
544.64012514
556.686542842
564.819065835
569.927130192
559.544140157
553.401455693
553.274799124
556.656838914
563.643754117
553.859015253
571.286032479
562.277802596
556.533607602
574.309354334
592.288313451
576.2473112
588.341300907
571.405662638
573.318235869
577.577213975
561.870535569
574.249132867
582.272274265
581.969415808
581.651709051
595.10628284
592.791982226
583.283030071
597.018907854
579.877661723
588.505286651
586.241186827
600.750409144
592.028881419
583.501231784
579.212364376
596.60384272
599.479691721
582.070772858
591.607058973
586.544207601
603.81364708
585.79182903
578.509979395
586.506604297
602.190293576
580.270160154
572.004273635
592.707778296
592.001611768
590.508177173
606.33487811
593.439323894
586.245190727
600.465883757
604.419507708
602.127017868
605.070856464
619.50590741
627.370123629
604.163855151
648.721341753
637.484950196
606.928128881
594.18426964
595.702098392
620.514713819
622.751591989
592.857219934
602.671400775
594.983989861
594.241226877
593.97438112
585.787208443
602.48979461
622.541157907
621.32872867
603.96147668
607.310560359
616.207667375
610.494465339
611.830475671
595.09243243
620.671510663
632.590284144
636.30760662
643.943828256
634.570696402
632.590602957
627.490760828
648.004944662
662.707662369
627.795674433
618.798301257
619.06187512
614.20351736
606.518719173
630.252441179
622.648743671
620.731256562
612.339152719
613.284894252
641.854548006
632.692552946
634.535772434
622.552736493
665.967705918
655.577364252
634.61808979
656.750971345
644.40232745
652.804483605
656.724224249
686.587476343
630.426578895
630.640311029
636.945142586
643.089059114
643.780150431
637.611357166
642.173005898
638.959329926
641.357509986
627.68844811
636.303018941
636.316253055
629.367885153
645.474330598
643.131995474
655.722371537
643.085619451
636.700263858
652.437084296
657.721623545
648.406819531
641.596720692
645.981795499
645.640585003
640.620218898
645.281034622
634.171004594
654.298050685
644.858755121
638.354537143
638.400358125
676.250203462
675.629229929
646.398446393
665.482078789
666.999186523
665.402957959
644.882625681
654.16230998
685.668845726
673.082698182
680.252196412
659.747519698
654.600462143
659.177677936
660.410447128
662.978852142
649.486618542
668.211748893
658.950751692
663.215863172
644.282041275
649.953901152
671.106817269
657.622970304
655.798398791
664.490289138
670.052604606
714.471518967
682.949618074
685.988355455
660.696891688
667.373450193
706.97131455
668.574769931
664.740984891
648.485627215
663.239051013
679.174067491
660.137500936
691.569012207
716.444191093
700.910472654
680.283595867
670.337502255
673.794583428
678.012589381
673.475216471
698.417020496
680.992996602
690.57805097
704.78700732
698.229035483
737.159896671
702.059596146
682.21608194
674.891617174
704.171322703
704.97848229
683.661095592
685.394559103
689.877166392
705.161550309
693.473866402
684.396543765
685.75096426
680.84608896
695.948868181
707.786407352
697.558875293
676.746038879
693.638453087
710.22836077
710.533180319
695.026627905
775.818034756
758.727957607
728.625330331
717.867328927
706.169850978
715.005176607
680.31449665
699.739911908
684.922230899
688.047307786
689.876343708
739.107256466
748.43222539
780.763628703
777.217121342
764.284783832
794.795855573
823.139302274
816.734948352
891.810546043
898.257044868
907.25911949
851.41454243
785.945807015
882.491010324
833.759762402
814.888750659
810.975046144
799.833838336
762.694773141
776.774317586
756.235724286
769.278448682
768.913659382
775.818347962
794.412915033
819.228681718
836.04503345
797.060076914
905.854789212
848.404360147
803.985770815
774.423160386
789.969118751
791.160808077
760.741761874
762.135348997
763.55691383
768.814929842
766.070509077
742.953478452
752.355746466
776.231639615
757.728873204
754.756543351
767.108321641
758.26160768
743.484195574
769.08833641
776.423472825
746.911285366
757.091935524
747.79590659
766.755229691
773.60013382
763.33356872
777.605331245
753.663662532
773.657278823
778.202165916
767.444316286
772.07232452
762.681126429
768.910790617
766.248486595
760.858271003
761.124180054
763.389361602
789.298827657
779.946624442
766.778850006
772.678248422
772.524511818
763.285288149
794.404632523
774.096888313
768.493396958
777.523808922
772.806456783
783.193307003
786.909326587
783.708425881
778.694380278
766.392581954
770.785516131
787.366544775
798.398109277
770.597364504
802.328457603
830.274273064
832.037967135
809.279507797
797.646476885
770.947890902
772.146572907
782.980490919
796.261472496
779.009232364
777.752232778
791.385413978
787.870211518
823.546819194
829.000861381
804.838553345
825.047458883
809.131171974
860.945317985
844.812081994
855.408477932
820.778576696
824.268975999
838.661476344
826.519868771
818.075177528
844.966029578
883.699869867
854.788829907
816.442630651
811.98242478
805.369957421
806.2081446
849.533425565
808.051754173
812.816009281
825.36441371
803.215319407
815.630504118
808.403442383
803.534325379
805.432013888
813.742301808
820.712951681
839.044635189
840.801684285
814.329256336
833.851294032
832.223319992
837.596107533
826.473642921
820.975174185
838.677638285
829.483498197
826.295189092
822.197926939
840.67799378
831.683780468
835.447087781
837.418144407
823.839491983
824.232345534
819.410524111
828.039280723
868.318449907
883.450320753
848.561888444
844.667853938
831.131729727
840.475971989
835.063897861
863.949648457
860.063539734
840.082340987
825.94167216
832.080073439
844.269142818
834.621844249
858.8166934
872.691622829
868.661367576
851.903562995
859.905181416
876.898067118
936.187025307
939.17714431
896.958713168
873.09995343
885.145063303
855.994668151
859.734239827
842.797009896
851.850195396
891.139801135
883.053650186
850.841088436
938.778757153
931.104842696
885.490090272
870.441635353
906.017410578
882.46355035
861.218756571
871.349039555
876.615751682
869.925380486
893.568486699
870.222785115
890.635087975
893.107832751
884.043459403
857.571906016
867.432248137
857.827230804
862.216708686
876.182554392
892.19599225
891.056434867
852.399556043
928.033401193
900.166178739
903.008846249
923.471083995
921.919803392
866.011644239
933.799273923
917.269737726
912.90359163
884.028330573
892.243550719
885.616723236
865.400148922
934.748367926
918.510221084
895.343255968
892.747632853
898.992563411
888.621312849
899.159012015
933.870338681
920.210210404
886.795069622
880.713107838
908.393283916
913.573841736
898.791708599
915.932876688
902.599626234
921.063867738
908.095386568
902.580175457
902.191456485
897.550895718
899.979766039
896.734917064
896.529741394
911.006376155
897.987519285
923.632615115
921.249978671
902.773370248
902.882618088
935.525767313
927.767528571
926.741719478
917.997126864
906.598135067
900.0621729
920.203927505
904.820625338
925.002667794
933.503162614
909.593242593
917.930866193
953.544671447
932.69399764
926.981766706
995.009765271
969.969288393
949.812976416
955.405279649
942.775897745
1026.63486067
1016.95923956
1021.83659216
973.649521239
941.76601663
954.897663392
949.531149026
977.250069172
950.654050168
947.892458443
936.472828005
937.450987228
926.351666873
943.167583096
916.415101475
949.843350965
949.999949216
1002.4547887
957.47857519
1069.95509112
1013.22406397
1001.45149963
1030.70580832
973.478784243
954.480324854
967.211015928
960.212075517
961.35331154
960.780377247
1001.51092384
956.012754451
960.680485518
968.304491868
967.66094402
968.280397779
969.589580821
948.605508354
938.899776824
943.042887642
973.441766921
966.258985077
962.717473231
966.990302131
959.672242191
969.553777461
963.981664065
968.038114551
986.939942032
977.455782426
975.415064137
960.514461814
958.259690057
975.420233172
973.749305589
960.575986534
944.996564501
990.727021732
989.058691554
983.23632105
989.900995277
983.503245407
968.443546114
974.260955065
981.97679401
1003.62063799
982.849352066
1011.04852598
987.921027527
965.7355161
995.396025784
965.297635441
985.825694075
981.165170806
975.862068337
981.593271082
967.943576317
977.174401484
990.105660865
988.413420213
974.939444376
989.877254044
976.581612701
982.964237216
992.065587849
992.1219524
994.604435314
1011.46378443
