52.5062959219
52.4383293285
52.4356096626
52.5175424659
52.524321794
52.5063495873
52.5281298652
52.542307668
52.576409446
52.6387104638
52.649293474
52.6873593041
52.6176999624
52.6549633689
52.677296003
52.6794793293
52.6334611626
52.6429609809
52.6610159791
52.6671565291
52.6971779346
52.6394381487
52.6208207508
52.6065945768
52.5684123151
52.5819904925
52.5908080446
52.677150699
52.6918941255
52.7579215598
52.9044618341
52.9158072369
53.0098006909
53.1006206254
53.1274088248
53.1975567068
53.3041381856
53.3310840004
53.3532334585
53.4073349531
53.4017559681
53.4435801782
53.4698784203
53.5800214027
53.6670028326
53.7177526469
53.824140145
53.88708402
53.9815934587
54.0164185531
54.1146468041
54.2055090866
54.2522977094
54.2746455956
54.4047490745
54.4839301093
54.5546019196
54.6851886377
54.7123745049
54.8025263636
54.9333078822
54.9644956974
55.0146875755
55.0730694943
55.1155333135
55.1858379517
55.2684209981
55.2911268285
55.3212338868
55.3514149574
55.3935967681
55.4278985862
55.4941216044
55.5086638346
55.4826892569
55.5163095111
55.5865257136
55.6011078757
55.6591336973
55.7455939555
55.8283385581
55.8990460041
55.9336330786
55.9318589493
55.985721208
56.0321398306
56.0944840168
56.1089874587
56.1630124931
56.2654327435
56.300336946
56.370565988
56.4571482784
56.4718941013
56.4699215596
56.4877818341
56.5098404369
56.5079410229
56.5898020288
56.6525006388
