# CHANGE: sampleの選択方法を毎回周期的にサンプリングするのではなく、ランダムに(5,n)区間でサンプリングした(以前は20回の更新をしてからXを更新していた）
#10 n = 8  # number of Ising variables
#11 T = 400 # number of epoc for theta
#12 N = 10000 # number of smples, comes form true Prob
#13 N_est = 100 # number of smples, comes form estimated Prob
#14 ypc = 10 # descent ratio
#15 cord = 0 # changiable spin variable when gibbus sampling time step
746.703050378
741.8348717
715.767952922
674.952962732
677.633601902
665.211713229
655.967899478
661.084014517
658.581115952
655.137993467
638.834314715
634.600567523
635.408545699
633.798757934
634.849838079
627.25193559
619.288019154
620.097330146
621.311805022
618.460319812
612.602414211
614.166508561
606.675256106
606.515254791
599.402992787
586.806241463
583.602867525
579.90691971
579.862938329
574.31937231
568.506498095
567.48421602
558.465365282
561.198645899
565.49898639
564.998374712
562.194183787
550.219146533
551.140049989
550.288320075
550.6692421
548.696484338
548.386985578
547.042477895
543.909411969
548.278658103
541.490400691
539.071018585
538.017599671
538.401341136
531.428140167
532.534807486
532.349597834
532.363413639
523.787315155
526.59735546
524.182184478
520.987854129
520.747888409
510.829095242
516.554361004
514.504078893
511.306351309
513.389035179
518.396650923
526.077740892
514.680049654
507.634530659
510.508255376
496.55830721
503.812016004
501.877698723
500.237563742
507.869885493
493.588076582
493.507840111
496.481249642
496.669954664
489.72940231
489.134967404
487.326175969
492.646034057
487.66691101
493.112659718
499.881503924
488.21900916
481.216021172
480.159916371
487.491774448
489.131682174
487.458397737
488.938537579
473.803217101
496.868543241
491.925530354
484.198202349
486.461546408
505.771279614
497.568688576
480.150239426
478.334058793
465.722531899
469.200586237
463.95317336
475.541980601
474.497991891
472.803445111
477.359481696
478.783444444
472.024503053
488.420924119
484.589860316
459.296893461
464.615906754
465.883268927
457.188673162
461.384370033
465.485189058
468.069621462
467.600712067
515.721761312
530.398373469
537.619375109
504.249325185
469.193076729
483.786650669
507.173932795
520.804639393
511.917558913
499.813489622
481.095448958
488.117121533
479.149543871
467.184265319
456.454589649
467.257096844
478.917065663
500.326525336
490.658608797
466.30470529
476.632864269
460.141721151
458.712156091
464.713741239
458.766404144
490.210093034
473.624985958
459.079267446
460.309009764
464.798503611
490.956354768
461.887283923
461.099430659
446.382627121
461.595972932
452.861826835
463.644446974
457.179066048
462.065975061
469.451610299
473.412938346
525.060464621
504.45035493
612.273422385
606.289409759
590.792848707
553.668812452
566.596620995
548.340933277
551.950585341
500.70519748
498.840933896
471.337878263
468.017263511
470.069234732
470.05977779
480.220092771
487.310921185
489.577478909
495.120569894
480.648889876
469.150585539
487.438602986
490.287384401
475.660218259
485.776523615
491.071081923
468.475057085
482.727076595
586.1632278
527.187531282
519.70497579
517.852125134
506.528473584
492.999621286
476.28328483
500.830138567
475.331473168
467.7354626
466.959873683
465.208030235
466.556617071
465.644432442
461.035969522
474.66152453
470.124569469
495.826432639
487.018928277
480.482581023
465.290413648
475.306419396
473.261037755
480.102778303
491.48355862
492.812042041
482.268001187
477.804805167
506.055956532
514.439722722
523.735801101
498.740377308
517.986098079
546.724445107
522.264481916
501.349102005
495.935980561
492.453443226
478.730716552
469.952736295
475.528089865
505.245634248
495.325753594
493.643378704
478.071411759
481.312003294
480.412609274
494.958587747
498.427258368
473.670612312
482.084229801
505.719120063
531.578763235
511.145351228
514.414214346
699.913865071
651.197382555
589.523545334
566.104368783
532.53032833
512.466108646
532.805828857
506.888224872
516.118415167
503.722267922
501.185724228
493.682443626
493.539921395
492.833938004
481.561640569
485.823606547
488.827604879
513.519587366
493.743086404
534.722908975
515.724954906
676.928728493
626.917197134
595.576922951
553.498610739
547.531185081
521.129436721
512.611210828
564.506101775
533.377994385
539.721734391
517.725568429
518.819753224
529.867407346
517.400809547
503.070865906
547.034231186
571.904352002
596.789648571
549.805062622
522.317422513
501.665071574
555.772691795
553.072988852
523.359298812
535.984337979
522.943959111
502.682422115
505.454683651
507.968529977
534.456962364
528.945584112
566.295754829
540.513493171
589.11992122
547.656951086
535.223675771
533.603961511
574.919312667
576.671948395
538.252632493
545.321014366
552.372071088
533.184659313
543.604311837
520.672892695
499.805276225
527.291712051
533.11321568
524.970466401
525.300239049
537.963640485
534.531910013
544.936492863
542.488685592
540.615504151
531.473763664
531.406609847
520.700997695
548.347057559
547.50447146
528.212857191
522.889398827
517.679347278
517.805611249
519.468955782
527.557039219
554.765232768
537.566270294
545.088685608
510.32693633
526.228367747
536.554862718
530.560780338
526.420389794
548.403854579
587.481523783
564.98958427
543.491512316
561.13582323
576.33532731
554.023565438
592.65894961
548.887754655
567.815665877
526.782247944
542.261903397
552.064583019
548.608387936
547.63364171
572.074901219
554.742508309
551.633281659
548.536198521
537.542883345
550.281216254
537.839604296
563.369340859
538.069134706
606.281640742
545.625077662
548.709500637
552.28318729
555.113267355
556.682147287
567.987031746
585.679655639
544.510495484
552.413589829
567.909643916
595.048230109
571.460525963
582.701175571
608.768073921
606.256126828
590.618089699
610.510048818
622.537445355
591.00541388
578.877680924
593.868744959
580.850451888
552.374483663
582.045565086
579.037942121
641.901482315
632.842486542
621.530525627
570.424597176
550.218566147
542.304309615
606.284959436
582.400400472
579.497508659
563.88707284
592.909077238
