# result23.txt と同じ状態でsamplのタイミングを(5,n*40)から選んだ
745.211050378
720.169458078
695.361110137
676.196457197
669.003627798
662.545219263
659.233682555
655.692834424
648.245471471
647.498869875
643.282291268
642.104790465
637.651272326
637.138527242
634.561800198
626.53999794
626.654254917
624.329112772
640.782044409
625.383996621
616.993684921
621.830874673
616.287545398
607.598319508
600.708727894
598.971467731
593.943431778
592.064948568
586.366171991
582.143910376
580.498904318
587.380043656
580.316044448
574.481616865
577.722074479
574.191621438
568.035670576
562.756469802
558.63310595
568.601654647
567.828529757
561.496328813
560.791097133
560.444000615
558.328653493
557.621764234
553.209116202
547.201368471
547.113103561
545.487710158
551.813865048
544.555345893
539.673988528
540.927693652
534.590100232
534.313437104
531.27860458
528.874919343
530.916514476
528.153705237
527.352172764
516.158991903
515.167184475
515.42231073
514.50086361
512.879330736
514.457926558
510.322460811
513.187533483
513.289902053
509.95642336
506.561907836
501.764861462
506.552963289
504.647456
507.717978247
504.423571225
501.117843951
502.173433359
500.655675749
501.7906559
494.84716275
500.863383139
494.374855376
500.974412115
507.56489219
494.817131939
498.746307232
490.639769778
493.719612857
486.869786442
488.244306759
484.30101792
488.299554697
488.712640394
476.214148048
477.174372913
487.926466324
481.508185633
483.51080237
483.395597796
490.257634426
485.564437722
485.616594668
481.241945976
489.388821068
482.613276357
477.986967472
472.11805185
477.973739838
485.431424798
471.808268898
473.950929619
471.998370281
473.485243742
471.241547185
475.307388234
471.908174432
470.234932981
481.65329462
472.370419592
470.910076188
470.16142931
472.993065801
473.625587786
467.840516513
465.382871294
467.541467191
463.897530791
460.96087715
460.892050623
456.783542472
467.560572562
465.404015352
464.540903101
463.94962515
449.66869605
460.641177698
467.288731645
467.472025121
461.032970007
452.431195771
455.102123029
464.29320463
457.945703053
446.94831325
458.857594297
459.976486478
453.838633476
455.893721944
454.544641015
447.603268269
447.322389265
451.483313662
451.836097673
452.856633717
457.833688392
464.58675364
462.267867186
463.293821603
458.354813654
448.196402188
442.195911447
441.943748122
446.664937047
454.999865058
448.168770582
443.545739308
440.911188485
437.353888817
442.863877358
447.792516823
455.570161186
449.480785065
448.374382601
436.431467863
445.061332143
437.665834641
440.471332787
447.850526694
443.841835906
442.816087627
440.469274532
444.387973198
440.323061006
449.674458182
429.228563273
445.578167389
443.676750988
435.193663438
442.298384841
437.429473961
441.010255056
435.757375061
436.679986097
436.513195609
435.449599571
438.313522298
436.150151799
442.276774612
439.67273155
438.338264221
434.265769586
434.948159649
444.538934549
439.178980239
440.338860711
433.810324284
436.822187512
441.130334839
431.226425795
432.937802088
442.517831942
455.587983383
435.455204226
443.506444873
445.322520523
447.687454515
442.464562872
447.950786511
444.707843374
432.376152549
436.01219117
458.545291183
435.383139827
442.515337049
445.235600847
452.325686707
441.078928561
432.832218203
438.459813343
435.442669252
441.879637578
441.758099999
451.788567476
438.132359569
448.061565733
444.575832628
452.343190208
455.120067208
443.400870101
457.563496774
439.424154668
434.209444274
450.599966573
466.261745257
453.751815479
442.287073745
454.197150766
442.212406318
