117.084986126
82.9982226645
95.4846102599
88.5810732134
99.0670838315
108.629970797
99.9113125806
106.739623247
98.5949685052
97.714874952
101.675838025
90.2212369129
87.766599181
82.1181805962
76.7976247074
78.4739534475
77.0922131136
79.3999839637
73.1015920209
73.9918044552
67.5259332637
62.6676154801
67.5106089794
63.9524928932
65.2627462718
62.6126301393
61.6008341016
62.0145575666
57.9712102852
60.5271175534
55.0298108275
53.0008855012
52.0228507205
54.2157927358
57.0885027526
56.1467935422
52.4079620991
48.9606027788
48.6084619477
46.2916086175
48.3249315645
51.7068161097
48.264121809
46.8562059848
47.0366026832
48.0092673544
45.396344825
44.5245941536
45.9179396203
46.1492191375
48.7298457037
46.8454613868
44.0002396429
41.4501032953
38.3629569519
39.5690516005
36.7969140696
36.7923409435
39.0053183378
38.6996882669
43.3071757661
39.460638581
45.6573981355
44.3750990369
39.2599869892
41.2547013001
36.2661303866
37.3642802177
38.9897605537
41.6441404321
40.1436098977
40.4741255414
34.7104807435
34.1548540709
33.1521770616
37.4327903787
36.5928953856
37.2912185639
38.2495651345
33.6949574747
32.0037798286
33.4526747959
31.9001542095
33.8327618427
32.4367336377
31.8091617419
31.1224928642
30.608777166
31.7892904829
35.3568964054
38.1573069844
35.5505152038
35.0313838179
30.5306767443
33.9325605625
36.415999423
34.9747431572
33.5785652547
29.3683984227
34.1488896842
31.9333330045
30.359230228
31.292384269
32.5478954354
31.3739746482
30.8730798592
30.5541214435
29.3962808893
34.4042565602
30.5526828098
30.51995312
29.2528622667
31.8261415803
31.7681755733
31.6452074209
34.9679369815
31.2927397379
30.8883635471
30.1277012893
29.6744799445
29.1115945906
31.9156959902
29.5548143591
29.7912229405
30.2266978827
27.8852939054
30.1332852516
32.0023137759
27.976101775
30.1174026628
31.2506299589
31.4751965538
30.2641095711
27.6253647983
27.7755959413
30.5142405771
28.9162938192
33.8881036243
31.1414858829
30.9425402691
31.4364427522
27.9011637574
29.3960444311
27.9452468885
27.0836582635
28.4888180218
31.7193389123
28.2468401132
26.1725591992
26.5117385995
26.5957312039
26.4040411572
26.5237820419
27.5258950797
28.0260831384
27.7681352459
29.0530070992
27.5935395953
28.448040634
28.1476881155
27.8818484438
28.4874755332
25.3267272462
28.0320605394
25.3356111736
25.5699037142
27.2388175543
26.9867689536
27.0581712888
30.5655916611
28.2535696478
28.2340045699
28.3387597867
24.9505549478
25.1879276506
25.1498320513
28.2294739806
24.6172917401
24.8022531592
24.8054653113
24.9723359088
27.1291488971
26.3775073343
25.7075814327
25.0869777177
23.6479727552
25.6901502906
26.0229787774
26.7639765543
27.3423706345
28.7187465304
28.4314064705
28.95824469
30.1382645039
29.9140489827
25.1033099022
25.7044824514
28.5715455514
28.7841608059
28.1493508699
29.1055854327
25.0969381956
28.7944622431
25.9494975539
25.2707311703
27.1049647063
27.0432956928
24.3622879999
24.9065432375
25.9729975207
26.6773388446
24.9893165725
23.893653454
25.6570094569
25.8193227908
23.0346145003
22.0775220347
25.0529162899
25.398189312
25.5357049899
24.3619479675
27.8896024005
27.7275708805
24.3423070608
27.4464357277
23.0804234523
26.1993159226
26.2970818688
28.7606535129
27.5610101633
27.5001786301
27.6045713216
25.8692230192
24.8632501897
27.2135529313
25.3022111706
24.4072099608
29.2032155968
26.6088849242
26.600558458
26.6567438864
25.7418513963
24.0943939502
24.0871397958
24.8437191535
25.2694275673
26.2569740644
25.0870581909
24.3229819163
26.2446009906
25.185878208
25.4748810327
25.1446776595
24.6042666129
24.0956851025
24.588361095
24.878843006
25.0400876632
24.0782235423
24.6349739009
24.0322231469
24.8106703905
24.1923308626
27.2231325598
26.7348313086
26.4475277769
27.9733325164
26.9678240489
26.2665731437
26.7498253652
26.3043500978
26.0726479035
24.8736007429
27.4489313811
24.9824533208
24.7280125867
24.5989547532
25.5857893621
26.5415921688
25.7707041898
25.2568764242
27.2731270937
27.429944703
24.8690827719
24.1354204572
26.3804575409
24.9853872606
24.6261358774
27.3068696893
28.0322831622
27.5485104449
26.0262409734
26.074741709
28.258672647
25.5622305886
25.5290140332
24.8796577004
27.3935854083
28.135952848
26.8665331434
25.7557188074
24.4667345984
24.7771671223
26.5987264852
25.6825334362
25.5230251315
25.6109257849
25.1653074723
24.7947364846
25.708527279
27.6225583302
27.5054424002
27.3839570788
25.4548524727
25.570704838
24.9766624324
25.5864125143
28.0413359115
27.3102705087
26.2093249912
27.2493979356
24.2864298245
25.5905371416
26.6835392079
27.5593682984
26.8151867021
25.4646647644
28.3700471116
23.673797788
23.2411825237
23.5461047624
25.0278628345
26.590091485
25.9407402828
25.1646114236
26.2253719685
25.4249120555
24.9592340408
25.2466846359
25.0516114026
28.1518343966
25.9271662949
24.1418761549
25.239412143
28.2555380025
26.7800814485
28.0450441562
25.8296275518
24.8479959075
28.1169176659
26.0553667053
26.4531596683
27.3102623887
26.6799073136
25.3329660217
25.3851735328
26.473295879
24.9092877813
27.1028122736
26.3597443633
27.1337391785
25.3853130748
25.3963523581
24.5880352786
29.1198050865
26.5476683901
25.3361560923
25.3672345099
26.0596231627
27.3481809677
24.7914895636
24.1835345388
25.496845485
26.0790700386
26.6344121343
25.8660158661
26.5023377407
27.0397909706
25.0640648158
23.6540044809
25.5269272429
26.8103370565
25.7756945676
25.2401771918
26.5647717073
25.7705685729
26.5630280029
27.3110632232
28.1108863241
26.7035111741
26.8281146731
28.0356412094
24.8653445697
24.8110321082
25.3578235724
25.8548632803
24.2896252324
27.1690948212
26.6207340437
24.7932964589
24.7541956482
26.61563719
23.7650659839
23.46758939
23.0038471794
23.0763088587
25.9884813569
24.0909060553
25.7685718003
25.1148995785
26.8491797532
27.7145276374
25.9217910332
25.603816324
24.4374572775
26.4892208257
30.8390002477
28.7215375162
29.1113811861
28.8351366553
26.0273683311
26.4311000658
25.9393651437
27.5013112894
26.0295898166
25.8092294319
24.7018642762
24.5512899457
24.9095525108
24.9589373405
27.726519225
25.3957607376
25.195032161
25.2187536593
24.8699274888
24.8832033355
25.9258375701
26.726232504
26.5366731168
27.6324042905
26.4251217715
25.5617160556
24.2593779828
24.2192039785
25.617798657
28.0304654917
25.8362968663
26.3021497144
27.6860578411
27.5100588791
25.9805045911
28.4483840115
28.4578072427
27.6094325843
26.3121334356
27.1039803028
26.1309585491
27.3696194082
25.6677842254
28.4782595817
27.4456993502
26.8986139754
26.6273895843
28.1198097222
28.5579661733
28.3429903919
28.1702751101
27.0415659678
27.2537664375
26.9936767899
28.553545372
27.6710236631
29.9934536463
26.0365342435
26.5023013856
26.3256253812
25.7338313719
27.3384219202
26.2209646417
26.1399175682
26.6738723387
26.1414151504
26.9282058547
26.6802305517
27.4921186756
27.2188091133
26.5657026811
26.5415415723
28.6801049496
25.9614169623
27.0157558042
25.9591288138
25.414058856
28.1813032491
28.4376079674
25.948940361
29.0149008201
25.3994487561
25.2191838574
24.6243728184
#working time =  45.63258695602417
