117.084986126
82.9982226645
101.296141668
96.365628979
97.009545793
93.404971114
89.6108303575
82.2162899365
78.1890053302
70.8064151688
86.7769425885
85.3098184015
78.219511741
78.6381407679
66.523543625
67.9145980243
62.0668972916
67.3704135511
68.8098014711
58.3673253734
53.999620715
56.0039287609
55.0833980663
49.5968932603
58.227803675
59.8824269379
51.2792498779
51.1376662004
48.2959695289
54.186489262
50.4442668528
50.6714090908
48.7345376373
44.5933106189
50.4051726588
46.4940852942
47.529547471
44.3938577221
43.7029710859
42.8417216997
45.4045239842
45.4598778587
47.9997970836
46.1261098121
50.0437292616
44.469041043
41.1744496306
39.7830747977
41.6855773005
38.3276394123
45.4179182369
41.5180592557
40.981132465
38.0186023713
38.4812320177
40.2828398323
41.2437517709
44.5446919423
42.3782145593
42.2030861582
36.7986386877
34.0041082819
37.0884167645
37.6966726242
35.178597899
35.2619544934
35.7309515124
36.5236284208
34.2494909689
39.2535716947
37.0438970575
37.9023472135
36.2461505387
32.884151543
31.5801777751
32.4575951631
32.9111891914
34.3668932049
35.0518048676
40.5677901173
40.3850730378
36.9547849089
38.7091334203
32.4946444735
33.2915836169
35.4681898224
34.5631299929
32.8681959102
33.7145215014
32.7018770355
32.8218065532
34.6077074945
32.4118953173
30.7169876341
32.1600488442
32.6178984394
32.1745587749
31.8921060438
33.9010372712
34.8869858219
35.1854285456
34.3523134132
32.7548006465
32.0669737939
29.1914031735
31.3414360537
32.6119854396
33.4137005766
28.8866766679
27.6118495502
30.9291127988
30.9823303734
30.3544670785
30.7164890175
30.1306972854
28.6603171122
29.9932826006
32.3129815165
31.0558969787
29.7313492005
32.7087391835
29.2577941643
27.9089611011
31.2180105659
30.7059828867
29.1079728196
28.441920238
31.7295764295
30.0236594107
30.2955222508
32.17902857
29.8035839886
30.4610697716
31.0039522928
32.0844541334
32.4364586962
32.8774745298
28.7285152255
28.2239446243
35.2579491704
31.7584083713
34.7190487722
34.7529764009
29.6218575466
28.8247839863
28.511896354
29.2939126191
35.8136991795
31.9823084272
31.1651365317
32.0504394529
30.2795597697
28.8730875488
30.213570024
29.4751887144
30.9369222056
33.290137346
28.6350785364
27.7566238852
27.5224375208
30.9077558563
28.5746206562
30.723397695
30.0568308583
26.8914016281
31.2040875668
26.5250545789
25.8252099992
26.0581334154
27.3883666389
29.357450665
29.3899414951
31.1892132582
29.6488898154
30.4613143941
25.521201979
25.6756485873
27.2780200771
29.3927904579
28.40725861
27.6081790936
31.4712915776
28.4109485222
27.6658892425
29.1353458436
27.1849517459
29.7227679123
27.0847947497
28.5253132948
27.9999264498
29.4099469937
25.7167543188
25.2453331574
25.434338993
26.5360675385
28.4881771199
29.5887519826
29.130489736
27.7060382643
27.2090814527
29.9065016313
26.8069833756
27.5971142188
26.2404552681
25.6026961924
27.8260758913
29.8627743694
25.1070740874
26.84402882
26.5352535285
25.7728690864
28.1394681773
27.5299908211
28.1059026581
28.9259631669
25.3236193169
25.5795819829
25.837254428
26.2030372351
26.5123693883
26.5403564375
25.1907649231
25.017748945
25.3003224036
25.7308548555
22.975304218
25.8278002751
26.0784909387
26.754644184
28.0682484342
27.8169350683
25.4930900954
27.1354787417
23.3387693799
24.5910871524
25.8475607324
26.9005247654
23.382170136
26.2264417624
24.2865206373
26.1861859378
23.704091134
23.7243462943
26.1534193554
25.9791621375
24.4279317255
24.7727002411
26.4703371935
24.9553753317
28.2188813865
27.8443698034
26.0229916019
26.6032756265
26.4511635097
25.5871750996
25.0252409979
25.7250667984
25.8863155173
23.9791055187
24.4140681391
25.5797661684
23.3852591668
26.6635461575
25.4786764175
24.4881560604
23.7953023517
23.0130445863
23.5438619225
26.0443856193
24.2711701529
23.91742212
22.9917622642
26.5788376646
23.201763025
26.1270873121
25.7732704863
26.2916199609
24.290630758
27.1957953446
24.8033206477
25.8737322352
25.7181334053
28.6310651444
22.6026137543
25.107315058
23.5978431556
27.2102044564
25.3307840493
24.8116924881
23.9079445478
27.7441399345
25.8722452617
25.6380310063
24.1949582879
24.4133389314
23.2979098579
24.4696410121
26.8531498744
26.6520318311
25.4699645318
26.7230859143
25.3239674136
29.3206643983
25.3212751807
24.8736595513
25.1916579391
24.6304464299
22.9723109547
23.2553810126
26.9286215291
24.2209854494
26.2526402451
24.6333524377
27.5664565249
23.2145551028
24.1127561572
27.4509707202
25.4834915442
24.3504296579
24.0065443236
26.1996714738
23.0353477618
23.9350734057
23.3963299497
26.1147841612
25.3527934743
24.6932966925
25.18504
25.4710999304
25.8564073056
26.1847665507
27.2961084168
26.2005186583
24.0754935568
23.5882540434
25.355896329
24.821688928
23.2542759856
23.704134578
25.1277501199
25.1927759933
24.7131295847
23.3732754057
23.7064509383
23.9611896268
24.6249671153
24.6304535893
23.8133584795
24.560797028
23.2869837589
22.7985487289
23.7445243325
25.2962950851
26.061612721
25.9872195291
24.6893867555
23.7280270965
26.4467569555
24.6199317677
23.8979008839
23.4701054692
26.4326478876
24.2178266734
23.8253556407
23.7507668425
23.181288984
24.5071099625
24.6553026971
23.382832811
23.6928279362
25.5532440333
22.4663823452
23.2981287142
23.8246649753
26.0336682309
25.7961696823
27.5648837367
26.8743573268
26.0970253309
26.858814111
28.4801074549
27.808608762
26.6032761131
25.8693590809
27.4592403156
28.2818580351
26.603341691
25.313943146
24.1741491894
24.6498637016
25.6601213236
26.6446770798
23.8634541328
24.6132845075
24.9731717985
23.0950724706
22.9509723068
26.6351441522
25.5424227427
25.227753712
25.8793718196
27.2002683353
25.4154496778
26.3416013073
26.7551421197
25.7103549208
24.9663911259
24.5244677581
24.7564493655
26.7472135838
25.5683292623
25.6680448628
24.2431468598
28.6054526641
28.0206974462
28.4013184204
26.753214658
28.4120804323
27.6705834098
24.152306478
23.8791534929
25.5411599878
26.6796529809
24.5199822504
24.8051768355
26.8050617724
25.8017062616
26.4207476708
24.3926996656
24.6008648223
26.3006640016
24.8820819813
23.4836989734
25.0213946733
22.8953396294
26.0279421517
25.0167046793
25.1018537472
23.8311527712
23.7385671719
25.3634358674
23.2525739417
22.7707016067
25.0981380139
24.745600045
25.3305805029
26.4634818999
25.2134525201
24.4157586528
23.605685828
23.7369179491
25.5259873364
24.4671046382
23.8997389627
24.0932098053
25.1886793421
23.8471529824
24.544566289
23.260604313
24.6557035291
24.9070305821
25.3770953625
26.7619646839
27.0909759468
23.8129142694
24.4762269976
24.1629271592
24.4733483903
24.8608047549
25.8188882935
26.8457907718
27.0497949722
27.1429466906
25.7384540813
25.5212609908
23.6932676141
23.3779705228
23.2277185678
23.7308041015
24.886604458
25.0173534612
24.44555578
25.2510429771
26.5111635792
25.2179351001
24.5759925595
25.051310164
24.1717102422
23.1696240027
23.2801886958
23.3845913072
24.6020560761
24.2558028471
24.3746153716
24.3282962681
25.9865294294
24.0616144918
25.4965543484
23.5820193643
22.1989960005
#working time =  7.408591985702515
