100.555312206
84.6553517296
105.947249183
129.777023826
103.818620819
103.952776091
107.681211203
100.301833601
91.9782344459
98.1252460701
90.0315241841
82.1621643955
85.1197642974
78.3237696417
78.3888106791
74.3786745605
73.3213978668
73.3730735446
70.8575203191
75.7562645908
70.4596168843
67.60447769
69.2255151883
61.468215154
60.8653221365
59.1925655277
63.7444334982
73.7004321422
62.2105076725
59.7409058648
55.3618164916
56.3428629472
53.9706282325
57.9797018221
57.3498274048
51.1347542865
50.5617611255
53.7462625017
52.0097189395
55.6474405685
57.1159959707
54.1744884653
49.4560224455
45.9100283014
44.1927117357
47.2498771134
45.651535817
52.0238775726
54.1720979779
48.0668940649
56.1647165425
49.9854979302
54.6933413797
49.9987205063
48.1065751279
47.0122248002
50.8503590452
51.5710451394
45.7808005226
42.6858086558
43.8347428856
43.5637615279
41.0204720325
41.6438192781
44.2954980935
47.9384768386
42.460177315
38.3099569773
39.538096237
42.1123146471
41.8117501135
37.4200925125
38.7798815728
38.2914581435
39.1792647027
34.5152079242
39.4803138631
38.8551607006
36.4908099525
43.4526237075
41.4060766566
36.8384848266
37.1324247655
36.5567840333
36.6030020729
37.6600108482
35.4408923027
36.8034678483
37.713047462
33.3327874505
36.0871414424
38.7840724876
38.3445190473
35.8939284769
39.9134297177
33.6399027494
33.2787514818
35.5100912063
33.9435344204
35.1119839679
34.8974061416
38.5510959936
38.1369286292
36.9484983565
35.2293796053
35.474711064
30.8540995535
35.068955833
34.2839471575
30.5110409877
35.7668644645
38.4768446316
39.2124644694
36.9737354668
40.2559337479
33.8589774231
37.5693874212
36.3847267761
35.7084964642
32.9176265103
33.7340854892
35.0368171139
32.3511324819
29.9115109076
31.4893017409
32.4549291357
32.7976056534
36.0440336987
36.2434329895
29.3473430114
30.0733331668
30.1036653332
30.6237856056
31.6654565216
28.9426583681
27.2484350871
29.2533514433
32.7606164888
34.5309865009
31.8058531897
33.3101598695
32.6839054136
37.6328014711
29.7143793912
31.9580829015
32.82061192
30.1141480367
30.5909541798
31.7273028104
35.6769668312
32.845487608
31.2156230354
30.0093615401
32.4374146219
29.8864152561
28.7699099877
29.8057209653
29.7354101883
28.914003003
34.4428491448
34.5289124084
33.4387209256
31.9804785388
31.2095776596
33.6740394849
27.0219074177
29.033442022
30.7158532216
29.3553064467
29.8956752558
31.8630885655
27.4183424409
27.8147351741
25.9019353928
25.2560135647
23.5922693596
23.629526377
29.9156293708
28.1993471914
26.2163204866
26.0814306679
27.1614337654
31.8268388359
30.5221153051
28.6756081395
28.1410622973
31.3244635619
30.9775285392
28.7177031648
27.8079919573
27.6691045166
26.7261466081
26.2333730039
26.8541167535
27.2896891266
27.0739165128
30.4916526768
28.3611276666
30.3860664535
36.3869365146
31.542425192
30.322321697
34.310222462
32.9180120099
32.604111491
28.733201296
27.4078195453
25.8194423116
30.6022265145
29.6137367222
28.5773932691
27.2038571313
24.1243826501
28.2482544823
26.3816785814
26.6655452292
25.8439443746
25.8978989809
25.4557917214
29.0811885337
27.3356757686
27.1664037771
30.7850719237
25.7322707128
27.2795133933
26.0302359129
27.1750543588
26.268845323
30.4095656655
28.8274762591
30.2551684435
27.1116207596
31.8040013445
29.762990283
28.2465096364
28.7355110955
28.0915011015
27.7761622301
24.9910433557
25.3481420153
27.4558171554
26.55000212
24.6432963591
23.817178695
28.7101407242
26.8470165676
32.4215353971
31.9171559055
29.8423403598
29.9339636167
27.6265266024
29.502524456
29.1019823247
28.6133478958
28.1976131514
29.838086011
27.987431941
28.3922867172
28.2349619181
30.4909939199
28.7680751455
26.7501861665
29.8658046407
25.3412271072
23.2984154164
26.709622869
29.8535484628
27.6714677907
26.8189766447
30.0900659417
29.1660545414
27.1419940975
24.7387548275
26.8190440384
27.0910089401
25.2269737224
26.2924219042
26.5193436047
29.0029878934
26.6433359006
29.1991530657
31.9712831788
28.3209016042
29.1977267895
25.9314998982
27.0044668506
29.8151997613
25.6215486508
26.9977477578
25.6897360657
26.2777613014
27.8181869845
27.5981563723
30.3937685154
25.3049168112
23.6568012348
24.6164509632
25.2054714917
24.4023224311
25.0878487951
#working time =  3.296488046646118
