121.053409024
80.4581792675
99.2430949781
79.4461182383
92.2605845169
82.2559068566
69.6318426645
78.4133874701
77.3444018032
74.9052089695
64.7851830837
63.023443835
66.8047945874
63.9854825875
62.1610372882
70.7256316736
70.6162216105
62.3978442191
59.5103989881
53.6969521088
58.418824619
56.0670243732
51.2254933411
48.7715071481
48.5597098702
47.1785814661
47.7816900449
51.2737658582
52.7204268128
51.9479385372
48.4657282718
45.4699879522
45.2469310454
44.9161905952
45.9141946579
42.6964846642
42.9457590422
43.7171963103
44.5348593293
40.6694058325
39.6235240152
39.7467788517
40.5123839659
38.5826095586
38.7443951632
40.2449172913
41.6225938159
41.3187006783
40.02931152
36.7510510025
36.515516654
37.1558457018
37.966752231
37.8805136286
36.4701235965
36.2094975559
37.7368135653
36.4906602145
35.3662616673
37.1539301186
38.1219750395
37.6543366646
39.1325493566
32.6631907523
35.465117814
33.2474377271
33.7684436156
33.4329042769
32.7011614873
31.5664815362
31.839689831
31.6320967908
30.36946298
32.3798486391
33.2416954534
29.6549723255
32.4828091478
30.3561226121
33.5925257769
32.329384143
32.7707511295
33.2506826049
33.4288156328
35.3684240839
35.3594429195
32.7851617985
33.0770456069
30.8734470632
28.9797804773
32.2974493206
32.6745710334
29.3982198644
29.6812484297
27.5766465632
27.8366679273
27.5437937146
28.1536432093
28.5132863124
29.9143618482
31.1749902483
28.069033605
29.732919058
27.294065645
25.53795248
32.4679659539
28.806936965
25.9600617072
27.3132444091
28.1022809424
26.862701742
25.5768996984
27.1883159286
27.5959123237
26.1880651474
27.4124111761
27.1631742448
24.39357112
24.6185507735
25.725669411
24.7511097429
27.5932922569
24.8777260635
24.583719897
25.7679442527
26.6195738897
28.162525925
27.3168314093
25.0023194027
26.7628092132
26.0318808433
26.3929742221
26.2106908372
25.1868169978
29.0134085153
27.3055868327
30.6942520172
28.7431748374
27.2089334958
30.0650629455
24.7613731022
26.6209324709
25.7456696452
27.3646722598
26.00554461
25.4306310691
25.7046768748
25.5748322602
25.6543531653
27.5688381613
25.7178720681
23.7067072479
22.1690048339
26.7053395844
27.3016665784
27.4728587291
26.4967109564
27.9269241166
26.6703559242
24.4867306636
25.1709911485
24.8255898641
25.595607691
23.8960402327
24.8826469706
24.6804922533
26.6508170582
26.0038699309
26.3557543386
24.1947294328
24.554555154
25.8438110232
24.8500753669
23.4165195884
22.6626170989
24.770450801
24.8147022353
25.116117239
26.3185100993
27.3481650008
25.5321416934
26.990127757
27.4073540984
25.5463213023
27.0963082448
25.0690203752
26.3713374177
25.8679455939
26.2524223624
28.6528585633
27.7174447204
29.2821753931
28.8557025165
24.6136066548
25.8233577281
25.1633161641
27.9324701051
24.7109615425
22.6832370783
23.6789490892
25.6903059489
25.7229377454
26.4138238043
24.6648451621
26.1281538555
25.6402395677
27.6382494672
23.4758607203
25.4018843286
24.6168788896
27.2941872852
24.1764585819
24.0224337255
24.1628983193
24.2921819244
24.3960789661
26.1836668632
26.0652603165
26.3139084902
25.3167702392
26.5691684585
22.4647465322
22.593413232
22.7345723696
21.7971628354
24.5284189989
25.6833001811
24.7527613936
26.6127815593
24.6826008882
23.1928894078
22.4192157979
23.7745417308
24.8967613322
23.3197339045
23.3159100745
24.2896546619
26.9546582643
23.9034655646
22.387706541
24.9666836757
24.233237087
24.1118758423
25.2917779091
24.2825582935
27.2060413458
25.5312602108
23.1988493131
21.960593302
22.5266678118
21.6043888381
24.3644747203
24.3752898253
23.9830471128
22.336863259
23.9470458088
25.4427077855
24.9122021737
24.9011159673
25.448667484
25.5069516943
23.9642670153
22.5813774138
24.3239255931
24.7347315618
27.0085060607
28.3015652727
26.3062042913
25.2737814086
25.2844909055
24.4319693605
22.9831144882
22.7539076028
25.3054517018
24.2539884292
26.6276914023
26.1310077992
24.8131126452
24.8032296447
22.5540826164
20.6209986861
22.5853152073
23.4068161853
22.2205267398
23.0135344603
23.7072606689
25.1879778047
24.7726395324
24.0874281798
23.001423836
24.1981932953
20.0524379321
22.4429293349
21.8899945687
20.7481645958
22.8527468626
21.4241653209
21.124851495
23.9265366603
23.503874255
23.3861535966
23.8185572491
23.4462958421
21.467598954
22.6949688776
23.5402130096
24.1730676003
22.7730978117
21.638723407
24.2677831926
24.34458783
24.1429671902
24.6806242369
23.0129182834
23.8777623873
24.2113188257
24.3257031435
21.9189386223
23.5580012772
21.988291453
21.7244227443
23.0112599462
21.7307748026
21.9936795775
22.7473552704
21.4622225759
21.7003086165
20.5787940343
20.9076438697
21.0899187517
19.5648353486
20.9273617091
21.6340473335
23.4374699274
23.5914286109
24.7809086802
24.8204671041
22.7186176871
23.1356577699
23.5355654468
22.0638497795
23.3015529684
24.406535361
23.9318174145
22.779265113
23.7764199143
24.1583478317
22.2883244902
24.6035290974
22.1562063863
22.6267599781
21.8869554597
22.2606647189
22.5555974795
23.1237175075
23.225817101
21.6283472719
23.0179337117
22.2672117567
22.948095069
24.1046861011
25.3868023646
25.0802066938
21.5081865845
24.0793624204
21.3200612703
20.5945165449
19.1599449853
20.1665810791
20.0304227558
20.4872121472
21.3711918373
20.774020179
20.8835002237
20.9891360884
21.7573092975
21.1758357568
21.3605526677
21.310951539
23.2941739039
21.379836763
22.3278830965
23.706428844
24.2984786627
22.3294046815
23.9439240939
23.2618540037
26.2850865403
21.2341408891
20.6036498169
23.9011985223
22.7171360152
22.6222317006
22.6631643381
21.4638763133
23.7404750673
20.3768197609
20.2769038101
19.7598005644
22.0567328379
21.8638829918
23.0869123455
20.7275875528
22.83005398
21.1967232534
23.3747871772
22.2377876641
23.5944374679
21.8178790375
23.0343238988
22.6369643737
24.4738891641
21.5943724106
24.5408379972
20.9961163406
23.7403542951
21.0122944376
21.2077688551
21.3780946584
23.5487359647
22.6289113683
23.1589528372
24.6264590851
23.1798443616
22.6046812081
24.9540609398
22.264083356
20.7876017933
21.1013891434
21.1025513428
22.2072273923
23.9041577578
21.3983975264
21.5192980672
23.9156203581
21.9636679202
21.343820342
20.9609400491
21.4738841592
22.5909386077
23.0607415644
23.3224762883
23.0077899739
24.0309746289
22.7626986172
21.3351429135
21.3671284251
23.2471203668
20.2202382434
20.779475524
21.5047782221
23.1577587846
22.448119879
22.7494665905
21.5801088885
20.764999466
22.7340744727
21.9214408677
23.3384656257
22.5114809901
22.8018612039
23.2975883455
23.3359739385
24.1135734257
22.1931418859
22.4083671917
23.1350651549
23.0649680897
22.0908309022
22.147318701
21.5593088702
23.9344206759
21.7634624535
21.4764460532
23.1541387243
24.6543108574
22.9737790832
21.652860487
22.8244693317
23.440182498
21.5798072198
21.1300640316
22.5525270871
22.9693787807
21.5480739088
20.8168833599
22.5265952244
22.3042892812
22.2330660393
23.962684954
23.2091896274
24.1834770328
21.1544043515
21.355411143
21.1659904804
22.2761075082
23.5280502418
22.2457703618
24.6397406185
22.6273090427
23.1417439893
#working time =  52.75165414810181
