横方向、縦方向のそれぞれにおいて、パラメータ微分に寄与する項がf_i,f_{i+1}の二つずつある。それぞれa,bと呼称する
システムのサイズはd=4,d*dである。真値は一様で0.5

#J_data= 0.5
#sol= [ -0.03568043   4.55297672 -16.01596448  14.01360233  -0.6864037
   0.90154472   2.30570737   3.8007094  -14.04950072  18.42237455
  -5.02087976   7.07520536   8.28739455 -14.76281908   0.94604741
  -8.46068062   0.68641456 -14.37233782   3.82731903   2.75715661
   3.8007205   16.01478314  -2.11227026  -5.63110608   5.08789556
  18.42237739  -9.39712221  12.27415198   4.91460812  11.39764671
  25.10598869   4.75951876]
#diff= 254.898908636

aのみ、標本数100
kai-no-MacBook-Air:1para kaishimgakki$ python3 pseudolkhood-1d-1para.py 
#J_data= 0.5
#sol= [ 0.62276931  0.71350664  0.90713781  0.04766119 -0.10681152  0.8726729
  0.71473669  0.62595212 -0.66213691  1.30921304 -0.69997636  0.92470199
  0.94247909 -0.99381145  1.03267169 -0.95831041  0.72302831 -0.62610383
 -0.02262693 -0.18335396  0.68724332  1.53462127  0.51307685  0.46578693
  0.97831679  1.51335438  0.715145    1.61397309  0.94247909  1.26088278
  1.14587883  1.49527024]
#diff= 19.5287944519

aのみ、標本数200
kai-no-MacBook-Air:1para kaishimgakki$ python3 pseudolkhood-1d-1para.py 
#J_data= 0.5
#sol= [ 0.72143651  0.31754703  0.68629478  0.45941135  0.22625581  0.63931261
  0.4449247   0.58623995  0.0390615   0.83057928  0.0172206   0.72768872
  0.6657172   0.11930007  0.52016244 -0.30211291  0.36126279 -0.17309368
  0.30541908  0.11533389  0.51609875  1.09912669  0.53097714  0.64387101
  0.86613763  0.74110047  0.37014714  0.85124073  0.70763189  0.90335589
  0.67459869  0.86655776]
#diff= 8.47745077286

aのみ、標本数400
kai-no-MacBook-Air:1para kaishimgakki$ python3 pseudolkhood-1d-1para.py 
#J_data= 0.5
#sol= [ 0.59919384  0.50984949  0.58596958  0.44342836  0.52839941  0.48179751
  0.56018173  0.46027768  0.11827335  0.69491496  0.20939084  0.77870806
  0.58513662  0.16003042  0.59528246  0.02400261  0.27239761  0.09764993
  0.37870334  0.37020488  0.52317228  0.81467077  0.62415428  0.60900034
  0.73485338  0.65389947  0.31453934  0.65927683  0.7947941   0.60449589
  0.69913303  0.67934679]
#diff= 5.50373743769
kai-no-MacBook-Air:1para kaishimgakki$ 
kai-no-MacBook-Air:1para kaishimgakki$ 
kai-no-MacBook-Air:1para kaishimgakki$ 

bのみ、標本数100
kai-no-MacBook-Air:1para kaishimgakki$ python3 pseudolkhood-1d-1para.py 
#J_data= 0.5
#sol= [ 0.62276931  0.71350664  0.90713781  0.04766119 -0.10681152  0.8726729
  0.71473669  0.62595212 -0.66213691  1.30921304 -0.69997636  0.92470199
  0.94247909 -0.99381145  1.03267169 -0.95831041  0.72302831 -0.62610383
 -0.02262693 -0.18335396  0.68724332  1.53462127  0.51307685  0.46578693
  0.97831679  1.51335438  0.715145    1.61397309  0.94247909  1.26088278
  1.14587883  1.49527024]
#diff= 19.5287944519

bのみ、標本数200
kai-no-MacBook-Air:1para kaishimgakki$ python3 pseudolkhood-1d-1para.py 
#J_data= 0.5
#sol= [ 0.72143651  0.31754703  0.68629478  0.45941135  0.22625581  0.63931261
  0.4449247   0.58623995  0.0390615   0.83057928  0.0172206   0.72768872
  0.6657172   0.11930007  0.52016244 -0.30211291  0.36126279 -0.17309368
  0.30541908  0.11533389  0.51609875  1.09912669  0.53097714  0.64387101
  0.86613763  0.74110047  0.37014714  0.85124073  0.70763189  0.90335589
  0.67459869  0.86655776]

bのみ、標本数400
#diff= 8.47745077286
kai-no-MacBook-Air:1para kaishimgakki$ python3 pseudolkhood-1d-1para.py 
#J_data= 0.5
#sol= [ 0.59919384  0.50984949  0.58596958  0.44342836  0.52839941  0.48179751
  0.56018173  0.46027768  0.11827335  0.69491496  0.20939084  0.77870806
  0.58513662  0.16003042  0.59528246  0.02400261  0.27239761  0.09764993
  0.37870334  0.37020488  0.52317228  0.81467077  0.62415428  0.60900034
  0.73485338  0.65389947  0.31453934  0.65927683  0.7947941   0.60449589
  0.69913303  0.67934679]

bのみ、標本数400
#diff= 5.50373743769
kai-no-MacBook-Air:1para kaishimgakki$ python3 pseudolkhood-1d-1para.py 
#J_data= 0.5
#sol= [ 0.51628389  0.48976913  0.52681595  0.51120294  0.48436972  0.43084399
  0.55928867  0.52595673  0.30109311  0.68197752  0.32931268  0.66490669
  0.62260307  0.41237325  0.5566975   0.15433245  0.3001255   0.39133322
  0.53848748  0.56805955  0.58498545  0.52382625  0.44194189  0.49080154
  0.49636111  0.57328735  0.49954215  0.66118388  0.76992452  0.46945877
  0.52101061  0.51693482]
#diff= 2.73177436108

a+b、標本数400
kai-no-MacBook-Air:1para kaishimgakki$ python3 pseudolkhood-1d-1para.py 
/usr/local/lib/python3.4/site-packages/scipy/optimize/minpack.py:237: RuntimeWarning: The iteration is not making good progress, as measured by the 
  improvement from the last five Jacobian evaluations.
  warnings.warn(msg, RuntimeWarning)
#J_data= 0.5
#sol= [  30.84098012  -26.83535942   -6.52978667   10.77162624  110.8582699
 -108.68965586  232.02545002 -277.39348524   52.14937713  -60.01663622
  195.82771998   -6.50244807  -29.15582475   17.98995115  -42.51111586
  181.57132609  305.07713087    2.3630004  -179.68763364  435.95601466
 -130.95980512    0.97991805   63.46124362 -363.07800625   95.57421047
   13.07161268 -191.21471696  301.96632475 -109.72539021    1.70990365
  218.65004873 -436.32738486]
#diff= 4237.47135766


a,bを合わせると計算がうまくいかなかった。
