#diff_E diff_E1_nin diff_E2_nin
0 -0.268118081357 0.0803435135022
1 -0.265941477141 0.0803822776514
2 -0.263807293194 0.0804358411064
3 -0.261714187302 0.0805037544002
4 -0.259660875719 0.0805855860221
5 -0.257646129948 0.080680921505
6 -0.255668773733 0.0807893625681
7 -0.253727680263 0.0809105263131
8 -0.251821769532 0.0810440444677
9 -0.249950005892 0.0811895626756
10 -0.248111395742 0.081346739827
11 -0.246304985375 0.0815152474297
12 -0.244529858943 0.0816947690149
13 -0.242785136564 0.0818849995784
14 -0.241069972528 0.0820856450523
15 -0.239383553618 0.0822964218069
16 -0.23772509753 0.0825170561802
17 -0.236093851384 0.0827472840325
18 -0.234489090319 0.0829868503257
19 -0.232910116176 0.0832355087255
20 -0.231356256247 0.0834930212238
21 -0.2298268621 0.0837591577818
22 -0.228321308466 0.0840336959912
23 -0.226838992194 0.0843164207535
24 -0.225379331253 0.0846071239747
25 -0.223941763795 0.0849056042766
26 -0.222525747268 0.0852116667216
27 -0.221130757572 0.085525122552
28 -0.219756288264 0.0858457889415
29 -0.218401849801 0.0861734887589
30 -0.217066968822 0.0865080503439
31 -0.215751187474 0.0868493072929
32 -0.214454062759 0.0871970982551
33 -0.213175165925 0.0875512667385
34 -0.211914081882 0.0879116609247
35 -0.21067040865 0.0882781334926
36 -0.209443756831 0.0886505414494
37 -0.208233749107 0.0890287459704
38 -0.207040019765 0.0894126122454
39 -0.205862214242 0.0898020093317
40 -0.204699988691 0.0901968100141
41 -0.20355300957 0.0905968906713
42 -0.202420953247 0.0910021311472
43 -0.201303505628 0.0914124146287
44 -0.200200361795 0.0918276275282
45 -0.199111225668 0.0922476593714
46 -0.198035809676 0.0926724026899
47 -0.196973834444 0.0931017529176
48 -0.195925028502 0.0935356082926
49 -0.194889127991 0.0939738697623
50 -0.193865876396 0.0944164408921
51 -0.192855024286 0.0948632277793
52 -0.191856329059 0.0953141389685
53 -0.190869554711 0.0957690853723
54 -0.1898944716 0.0962279801934
55 -0.188930856232 0.0966907388513
56 -0.187978491049 0.0971572789108
57 -0.187037164227 0.0976275200139
58 -0.186106669484 0.0981013838139
59 -0.185186805897 0.0985787939126
60 -0.184277377718 0.0990596757992
61 -0.183378194211 0.099543956792
62 -0.182489069483 0.100031565982
63 -0.18160982233 0.10052243418
64 -0.180740276084 0.101016493861
65 -0.179880258467 0.101513679118
66 -0.179029601455 0.102013925613
67 -0.178188141141 0.102517170526
68 -0.177355717607 0.103023352517
69 -0.1765321748 0.103532411676
70 -0.175717360412 0.104044289487
71 -0.174911125765 0.104558928783
72 -0.174113325701 0.10507627371
73 -0.173323818475 0.105596269687
74 -0.172542465653 0.106118863373
75 -0.171769132013 0.10664400263
76 -0.171003685447 0.107171636489
77 -0.170245996874 0.107701715118
78 -0.169495940148 0.10823418979
79 -0.168753391973 0.108769012854
80 -0.16801823182 0.109306137703
81 -0.167290341851 0.109845518748
82 -0.166569606838 0.110387111389
83 -0.165855914089 0.11093087199
84 -0.165149153382 0.111476757849
85 -0.164449216889 0.112024727179
86 -0.163755999113 0.11257473908
87 -0.163069396822 0.113126753517
88 -0.162389308989 0.113680731296
89 -0.161715636729 0.114236634044
90 -0.161048283242 0.114794424187
91 -0.160387153758 0.11535406493
92 -0.15973215548 0.115915520234
93 -0.159083197533 0.116478754803
94 -0.158440190912 0.117043734058
95 -0.157803048434 0.117610424125
96 -0.157171684689 0.118178791813
97 -0.156546015995 0.1187488046
98 -0.155925960352 0.119320430616
99 -0.155311437399 0.119893638624
100 -0.154702368374 0.120468398009
101 -0.154098676068 0.12104467876
102 -0.153500284792 0.121622451456
103 -0.152907120336 0.12220168725
104 -0.152319109931 0.122782357861
105 -0.151736182214 0.123364435552
106 -0.151158267193 0.123947893126
107 -0.150585296214 0.124532703906
108 -0.150017201928 0.125118841726
109 -0.149453918257 0.12570628092
110 -0.148895380368 0.126294996309
111 -0.148341524637 0.126884963188
112 -0.147792288626 0.12747615732
113 -0.14724761105 0.128068554919
114 -0.146707431753 0.128662132645
115 -0.146171691677 0.129256867592
116 -0.145640332843 0.129852737277
117 -0.145113298319 0.130449719632
118 -0.144590532201 0.131047792995
119 -0.144071979584 0.131646936098
120 -0.143557586545 0.132247128064
121 -0.143047300115 0.132848348391
122 -0.142541068262 0.133450576951
123 -0.142038839867 0.134053793976
124 -0.141540564703 0.134657980055
125 -0.141046193416 0.135263116122
126 -0.140555677509 0.135869183451
127 -0.140068969314 0.136476163649
128 -0.139586021985 0.137084038647
129 -0.139106789471 0.137692790695
130 -0.138631226502 0.138302402355
131 -0.138159288574 0.138912856491
132 -0.137690931927 0.13952413627
133 -0.137226113537 0.140136225148
134 -0.136764791092 0.140749106868
135 -0.136306922981 0.141362765453
136 -0.135852468279 0.141977185201
137 -0.135401386733 0.14259235068
138 -0.134953638745 0.143208246719
139 -0.134509185362 0.143824858407
140 -0.13406798826 0.144442171084
141 -0.133630009731 0.145060170339
142 -0.133195212672 0.145678842003
143 -0.132763560573 0.146298172146
144 -0.1323350175 0.146918147069
145 -0.13190954809 0.147538753303
146 -0.131487117534 0.148159977604
147 -0.131067691569 0.148781806945
148 -0.130651236468 0.149404228515
149 -0.130237719023 0.150027229715
150 -0.129827106543 0.150650798153
151 -0.129419366839 0.151274921638
152 -0.129014468213 0.15189958818
153 -0.128612379451 0.152524785983
154 -0.128213069815 0.153150503443
155 -0.12781650903 0.153776729144
156 -0.127422667276 0.154403451854
157 -0.12703151518 0.15503066052
158 -0.126643023808 0.155658344269
159 -0.126257164656 0.156286492401
160 -0.12587390964 0.156915094385
161 -0.125493231092 0.157544139861
162 -0.125115101749 0.158173618629
163 -0.124739494745 0.158803520655
164 -0.124366383606 0.15943383606
165 -0.123995742242 0.160064555122
166 -0.123627544937 0.160695668272
167 -0.123261766348 0.161327166088
168 -0.122898381491 0.161959039299
169 -0.122537365741 0.162591278776
170 -0.122178694821 0.163223875532
171 -0.121822344796 0.163856820721
172 -0.121468292071 0.164490105632
173 -0.121116513379 0.165123721689
174 -0.120766985778 0.165757660447
175 -0.120419686648 0.166391913592
176 -0.12007459368 0.167026472938
177 -0.119731684873 0.167661330421
178 -0.119390938528 0.168296478103
179 -0.119052333244 0.168931908165
180 -0.118715847912 0.169567612908
181 -0.11838146171 0.170203584747
182 -0.118049154095 0.170839816214
183 -0.117718904806 0.171476299954
184 -0.117390693849 0.172113028719
185 -0.1170645015 0.172749995374
186 -0.116740308298 0.173387192888
187 -0.116418095039 0.174024614336
188 -0.116097842775 0.174662252897
189 -0.115779532806 0.175300101851
190 -0.115463146678 0.175938154577
191 -0.115148666178 0.176576404552
192 -0.11483607333 0.177214845351
193 -0.114525350394 0.177853470643
194 -0.114216479855 0.17849227419
195 -0.113909444428 0.179131249847
196 -0.113604227047 0.179770391556
197 -0.113300810865 0.180409693353
198 -0.112999179252 0.181049149355
199 -0.112699315785 0.181688753771
200 -0.112401204252 0.182328500889
201 -0.112104828645 0.182968385084
202 -0.111810173156 0.18360840081
203 -0.111517222175 0.184248542604
204 -0.111225960289 0.184888805079
205 -0.110936372273 0.185529182928
206 -0.110648443093 0.186169670919
207 -0.110362157901 0.186810263898
208 -0.110077502029 0.187450956783
209 -0.109794460992 0.188091744563
210 -0.109513020479 0.188732622304
211 -0.109233166355 0.189373585137
212 -0.108954884656 0.190014628266
213 -0.108678161588 0.190655746964
214 -0.10840298352 0.191296936568
215 -0.108129336989 0.191938192483
216 -0.107857208689 0.192579510181
217 -0.107586585475 0.193220885195
218 -0.107317454358 0.193862313123
219 -0.107049802503 0.194503789627
220 -0.106783617226 0.195145310426
221 -0.106518885992 0.195786871303
222 -0.106255596414 0.196428468098
223 -0.105993736249 0.197070096712
224 -0.105733293397 0.197711753101
225 -0.105474255898 0.19835343328
226 -0.105216611931 0.198995133319
227 -0.104960349811 0.199636849341
228 -0.104705457989 0.200278577527
229 -0.104451925045 0.200920314109
230 -0.104199739694 0.201562055371
231 -0.103948890774 0.20220379765
232 -0.103699367255 0.202845537334
233 -0.103451158228 0.203487270861
234 -0.10320425291 0.204128994719
235 -0.102958640637 0.204770705443
236 -0.102714310865 0.205412399618
237 -0.10247125317 0.206054073875
238 -0.10222945724 0.206695724893
239 -0.101988912881 0.207337349395
240 -0.101749610011 0.207978944151
241 -0.101511538658 0.208620505975
242 -0.10127468896 0.209262031724
243 -0.101039051166 0.209903518301
244 -0.100804615628 0.210544962648
245 -0.100571372805 0.211186361751
246 -0.100339313258 0.211827712639
247 -0.100108427653 0.212469012378
248 -0.0998787067539 0.213110258078
249 -0.0996501414266 0.213751446887
250 -0.0994227226334 0.214392575991
251 -0.0991964414338 0.215033642617
252 -0.0989712889828 0.215674644028
253 -0.0987472565295 0.216315577526
254 -0.0985243354157 0.216956440449
255 -0.0983025170748 0.21759723017
256 -0.0980817930306 0.218237944101
257 -0.097862154896 0.218878579688
258 -0.0976435943718 0.219519134411
259 -0.0974261032456 0.220159605784
260 -0.0972096733905 0.220799991358
261 -0.0969942967641 0.221440288714
262 -0.0967799654075 0.222080495468
263 -0.0965666714436 0.222720609268
264 -0.0963544070769 0.223360627793
265 -0.0961431645918 0.224000548755
266 -0.0959329363517 0.224640369897
267 -0.0957237147979 0.225280088992
268 -0.095515492449 0.225919703844
269 -0.0953082618992 0.226559212287
270 -0.0951020158181 0.227198612183
271 -0.0948967469489 0.227837901425
272 -0.0946924481082 0.228477077933
273 -0.0944891121847 0.229116139658
274 -0.094286732138 0.229755084575
275 -0.0940853009985 0.230393910691
276 -0.0938848118657 0.231032616035
277 -0.0936852579075 0.231671198667
278 -0.0934866323599 0.232309656672
279 -0.0932889285253 0.232947988161
280 -0.0930921397722 0.233586191271
281 -0.0928962595342 0.234224264163
282 -0.0927012813094 0.234862205025
283 -0.0925071986593 0.235500012069
284 -0.092314005208 0.236137683531
285 -0.0921216946417 0.236775217671
286 -0.0919302607077 0.237412612774
287 -0.0917396972139 0.238049867145
288 -0.0915499980276 0.238686979117
289 -0.0913611570752 0.239323947042
290 -0.0911731683415 0.239960769296
291 -0.0909860258684 0.240597444277
292 -0.0907997237551 0.241233970405
293 -0.0906142561564 0.241870346121
294 -0.090429617283 0.242506569887
295 -0.0902458014002 0.243142640189
296 -0.0900628028274 0.24377855553
297 -0.0898806159373 0.244414314435
298 -0.0896992351559 0.24504991545
299 -0.0895186549608 0.24568535714
300 -0.0893388698816 0.24632063809
301 -0.0891598744987 0.246955756904
302 -0.0889816634428 0.247590712207
303 -0.0888042313945 0.24822550264
304 -0.0886275730835 0.248860126866
305 -0.088451683288 0.249494583563
306 -0.0882765568343 0.25012887143
307 -0.0881021885963 0.250762989183
308 -0.0879285734944 0.251396935555
309 -0.0877557064958 0.252030709299
310 -0.0875835826133 0.252664309182
311 -0.087412196905 0.25329773399
312 -0.0872415444737 0.253930982527
313 -0.0870716204667 0.25456405361
314 -0.0869024200748 0.255196946077
315 -0.0867339385321 0.255829658779
316 -0.0865661711155 0.256462190584
317 -0.086399113144 0.257094540375
318 -0.0862327599785 0.257726707053
319 -0.0860671070213 0.258358689532
320 -0.0859021497152 0.258990486743
321 -0.0857378835438 0.25962209763
322 -0.0855743040303 0.260253521153
323 -0.0854114067375 0.260884756289
324 -0.0852491872671 0.261515802024
325 -0.0850876412596 0.262146657365
326 -0.0849267643935 0.262777321327
327 -0.084766552385 0.263407792943
328 -0.0846070009877 0.264038071257
329 -0.0844481059921 0.26466815533
330 -0.0842898632251 0.265298044234
331 -0.0841322685499 0.265927737054
332 -0.0839753178652 0.266557232889
333 -0.0838190071051 0.267186530852
334 -0.0836633322384 0.267815630066
335 -0.0835082892688 0.268444529669
336 -0.0833538742338 0.269073228812
337 -0.083200083205 0.269701726655
338 -0.0830469122871 0.270330022373
339 -0.0828943576182 0.270958115153
340 -0.0827424153689 0.271586004192
341 -0.0825910817421 0.272213688701
342 -0.0824403529728 0.2728411679
343 -0.0822902253277 0.273468441024
344 -0.0821406951048 0.274095507316
345 -0.0819917586329 0.274722366032
346 -0.0818434122718 0.275349016437
347 -0.0816956524113 0.27597545781
348 -0.0815484754714 0.276601689439
349 -0.0814018779018 0.277227710622
350 -0.0812558561815 0.277853520668
351 -0.0811104068187 0.278479118898
352 -0.0809655263501 0.279104504641
353 -0.0808212113412 0.279729677237
354 -0.0806774583854 0.280354636037
355 -0.0805342641042 0.2809793804
356 -0.0803916251465 0.281603909696
357 -0.0802495381886 0.282228223305
358 -0.0801079999339 0.282852320615
359 -0.0799670071122 0.283476201025
360 -0.0798265564802 0.284099863942
361 -0.0796866448205 0.284723308784
362 -0.0795472689418 0.285346534976
363 -0.0794084256782 0.285969541954
364 -0.0792701118896 0.286592329161
365 -0.0791323244606 0.28721489605
366 -0.078995060301 0.287837242083
367 -0.0788583163451 0.288459366728
368 -0.0787220895516 0.289081269465
369 -0.0785863769034 0.28970294978
370 -0.0784511754071 0.290324407168
371 -0.0783164820931 0.290945641132
372 -0.0781822940152 0.291566651184
373 -0.0780486082504 0.292187436843
374 -0.0779154218986 0.292807997635
375 -0.0777827320824 0.293428333096
376 -0.077650535947 0.294048442768
377 -0.0775188306598 0.294668326202
378 -0.0773876134102 0.295287982955
379 -0.0772568814095 0.295907412591
380 -0.0771266318905 0.296526614685
381 -0.0769968621077 0.297145588815
382 -0.0768675693366 0.297764334568
383 -0.0767387508735 0.298382851539
384 -0.0766104040357 0.299001139327
385 -0.0764825261612 0.299619197542
386 -0.0763551146081 0.300237025798
387 -0.0762281667549 0.300854623717
388 -0.0761016799999 0.301471990926
389 -0.0759756517613 0.302089127061
390 -0.075850079477 0.302706031762
391 -0.0757249606041 0.303322704679
392 -0.075600292619 0.303939145464
393 -0.0754760730172 0.304555353778
394 -0.075352299313 0.305171329289
395 -0.0752289690395 0.305787071669
396 -0.0751060797482 0.306402580597
397 -0.0749836290088 0.307017855757
398 -0.0748616144094 0.307632896842
399 -0.074740033556 0.308247703547
