#gd-step, abs-grad_likelihood, theta-error
0 0.167875 0.89832125
1 0.190375 0.8964175
2 0.139125 0.89502625
3 0.174125 0.893285
4 0.162875 0.89165625
5 0.162875 0.8900275
6 0.192875 0.88809875
7 0.184125 0.8862575
8 0.197875 0.88427875
9 0.167875 0.8826
10 0.182875 0.88077125
11 0.184125 0.87893
12 0.194125 0.87698875
13 0.172875 0.87526
14 0.169125 0.87356875
15 0.177875 0.87179
16 0.189125 0.86989875
17 0.182875 0.86807
18 0.161625 0.86645375
19 0.180375 0.86465
20 0.185375 0.86279625
21 0.189125 0.860905
22 0.180375 0.85910125
23 0.164125 0.85746
24 0.166625 0.85579375
25 0.160375 0.85419
26 0.177875 0.85241125
27 0.190375 0.8505075
28 0.181625 0.84869125
29 0.172875 0.8469625
30 0.179125 0.84517125
31 0.190375 0.8432675
32 0.170375 0.84156375
33 0.162875 0.839935
34 0.159125 0.83834375
35 0.150375 0.83684
36 0.197875 0.83486125
37 0.186625 0.832995
38 0.172875 0.83126625
39 0.194125 0.829325
40 0.186625 0.82745875
41 0.151625 0.8259425
42 0.177875 0.82416375
43 0.192875 0.822235
44 0.187875 0.82035625
45 0.170375 0.8186525
46 0.180375 0.81684875
47 0.185375 0.814995
48 0.165375 0.81334125
49 0.174125 0.8116
50 0.160375 0.80999625
51 0.167875 0.8083175
52 0.155375 0.80676375
53 0.190375 0.80486
54 0.186625 0.80299375
55 0.187875 0.801115
56 0.181625 0.79929875
57 0.187875 0.79742
58 0.190375 0.79551625
59 0.170375 0.7938125
60 0.182875 0.79198375
61 0.150375 0.79048
62 0.150375 0.78897625
63 0.181625 0.78716
64 0.160375 0.78555625
65 0.154125 0.784015
66 0.172875 0.78228625
67 0.137875 0.7809075
68 0.181625 0.77909125
69 0.166625 0.777425
70 0.182875 0.77559625
71 0.181625 0.77378
72 0.145375 0.77232625
73 0.166625 0.77066
74 0.187875 0.76878125
75 0.159125 0.76719
76 0.157875 0.76561125
77 0.157875 0.7640325
78 0.165375 0.76237875
79 0.137875 0.761
80 0.157875 0.75942125
81 0.175375 0.7576675
82 0.187875 0.75578875
83 0.160375 0.754185
84 0.150375 0.75268125
85 0.180375 0.7508775
86 0.174125 0.74913625
87 0.149125 0.747645
88 0.174125 0.74590375
89 0.155375 0.74435
90 0.185375 0.74249625
91 0.164125 0.740855
92 0.179125 0.73906375
93 0.159125 0.7374725
94 0.170375 0.73576875
95 0.150375 0.734265
96 0.172875 0.73253625
97 0.166625 0.73087
98 0.154125 0.72932875
99 0.157875 0.72775
100 0.124125 0.72650875
101 0.170375 0.724805
102 0.176625 0.72303875
103 0.161625 0.7214225
104 0.176625 0.71965625
105 0.154125 0.718115
106 0.131625 0.71679875
107 0.170375 0.715095
108 0.169125 0.71340375
109 0.155375 0.71185
110 0.187875 0.70997125
111 0.165375 0.7083175
112 0.161625 0.70670125
113 0.167875 0.7050225
114 0.156625 0.70345625
115 0.160375 0.7018525
116 0.167875 0.70017375
117 0.181625 0.6983575
118 0.157875 0.69677875
119 0.175375 0.695025
120 0.185375 0.69317125
121 0.146625 0.691705
122 0.144125 0.69026375
123 0.156625 0.6886975
124 0.137875 0.68731875
125 0.147875 0.68584
126 0.175375 0.68408625
127 0.151625 0.68257
128 0.167875 0.68089125
129 0.169125 0.6792
130 0.175375 0.67744625
131 0.167875 0.6757675
132 0.172875 0.67403875
133 0.171625 0.6723225
134 0.167875 0.67064375
135 0.106625 0.6695775
136 0.154125 0.66803625
137 0.152875 0.6665075
138 0.151625 0.66499125
139 0.149125 0.6635
140 0.155375 0.66194625
141 0.164125 0.660305
142 0.177875 0.65852625
143 0.156625 0.65696
144 0.174125 0.65521875
145 0.152875 0.65369
146 0.126625 0.65242375
147 0.121625 0.6512075
148 0.157875 0.64962875
149 0.149125 0.6481375
150 0.156625 0.64657125
151 0.139125 0.64518
152 0.152875 0.64365125
153 0.106625 0.642585
154 0.152875 0.64105625
155 0.159125 0.639465
156 0.164125 0.63782375
157 0.125375 0.63657
158 0.151625 0.63505375
159 0.129125 0.6337625
160 0.160375 0.63215875
161 0.155375 0.630605
162 0.157875 0.62902625
163 0.164125 0.627385
164 0.165375 0.62573125
165 0.135375 0.6243775
166 0.145375 0.62292375
167 0.165375 0.62127
168 0.171625 0.61955375
169 0.137875 0.618175
170 0.132875 0.61684625
171 0.147875 0.6153675
172 0.099125 0.61437625
173 0.160375 0.6127725
174 0.142875 0.61134375
175 0.166625 0.6096775
176 0.155375 0.60812375
177 0.127875 0.606845
178 0.166625 0.60517875
179 0.152875 0.60365
180 0.119125 0.60245875
181 0.150375 0.600955
182 0.146625 0.59948875
183 0.146625 0.5980225
184 0.145375 0.59656875
185 0.157875 0.59499
186 0.169125 0.59329875
187 0.179125 0.5915075
188 0.147875 0.59002875
189 0.164125 0.5883875
190 0.140375 0.58698375
191 0.160375 0.58538
192 0.141625 0.58396375
193 0.154125 0.5824225
194 0.141625 0.58100625
195 0.150375 0.5795025
196 0.141625 0.57808625
197 0.151625 0.57657
198 0.134125 0.57522875
199 0.161625 0.5736125
200 0.150375 0.57210875
201 0.165375 0.570455
202 0.132875 0.56912625
203 0.134125 0.567785
204 0.129125 0.56649375
205 0.146625 0.5650275
206 0.161625 0.56341125
207 0.156625 0.561845
208 0.147875 0.56036625
209 0.132875 0.5590375
210 0.141625 0.55762125
211 0.111625 0.556505
212 0.159125 0.55491375
213 0.144125 0.5534725
214 0.150375 0.55196875
215 0.141625 0.5505525
216 0.126625 0.54928625
217 0.166625 0.54762
218 0.159125 0.54602875
219 0.134125 0.5446875
220 0.156625 0.54312125
221 0.142875 0.5416925
222 0.140375 0.54028875
223 0.140375 0.538885
224 0.139125 0.53749375
225 0.175375 0.53574
226 0.116625 0.53457375
227 0.130375 0.53327
228 0.136625 0.53190375
229 0.142875 0.530475
230 0.152875 0.52894625
231 0.117875 0.5277675
232 0.154125 0.52622625
233 0.166625 0.52456
234 0.137875 0.52318125
235 0.140375 0.5217775
236 0.150375 0.52027375
237 0.146625 0.5188075
238 0.131625 0.51749125
239 0.146625 0.516025
240 0.149125 0.51453375
241 0.155375 0.51298
242 0.164125 0.51133875
243 0.146625 0.5098725
244 0.114125 0.50873125
245 0.142875 0.5073025
246 0.135375 0.50594875
247 0.151625 0.5044325
248 0.131625 0.50311625
249 0.147875 0.5016375
250 0.117875 0.50045875
251 0.115375 0.499305
252 0.131625 0.49798875
253 0.130375 0.496685
254 0.147875 0.49520625
255 0.164125 0.493565
256 0.131625 0.49224875
257 0.132875 0.49092
258 0.135375 0.48956625
259 0.144125 0.488125
260 0.130375 0.48682125
261 0.100375 0.4858175
262 0.094125 0.48487625
263 0.132875 0.4835475
264 0.144125 0.48210625
265 0.122875 0.4808775
266 0.107875 0.47979875
267 0.121625 0.4785825
268 0.124125 0.47734125
269 0.129125 0.47605
270 0.132875 0.47472125
271 0.145375 0.4732675
272 0.117875 0.47208875
273 0.110375 0.470985
274 0.132875 0.46965625
275 0.100375 0.4686525
276 0.130375 0.46734875
277 0.116625 0.4661825
278 0.107875 0.46510375
279 0.114125 0.4639625
280 0.117875 0.46278375
281 0.125375 0.46153
282 0.151625 0.46001375
283 0.121625 0.4587975
284 0.112875 0.45766875
285 0.127875 0.45639
286 0.146625 0.45492375
287 0.117875 0.453745
288 0.115375 0.45259125
289 0.139125 0.4512
290 0.102875 0.45017125
291 0.120375 0.4489675
292 0.121625 0.44775125
293 0.142875 0.4463225
294 0.117875 0.44514375
295 0.099125 0.4441525
296 0.097875 0.44317375
297 0.090375 0.44227
298 0.114125 0.44112875
299 0.099125 0.4401375
300 0.117875 0.43895875
301 0.125375 0.437705
302 0.124125 0.43646375
303 0.132875 0.435135
304 0.131625 0.43381875
305 0.095375 0.432865
306 0.122875 0.43163625
307 0.104125 0.430595
308 0.092875 0.42966625
309 0.110375 0.4285625
310 0.104125 0.42752125
311 0.155375 0.4259675
312 0.120375 0.42476375
313 0.116625 0.4235975
314 0.131625 0.42228125
315 0.121625 0.421065
316 0.112875 0.41993625
317 0.110375 0.4188325
318 0.126625 0.41756625
319 0.102875 0.4165375
320 0.132875 0.41520875
321 0.132875 0.41388
322 0.129125 0.41258875
323 0.092875 0.41166
324 0.119125 0.41046875
325 0.104125 0.4094275
326 0.094125 0.40848625
327 0.111625 0.40737
328 0.109125 0.40627875
329 0.141625 0.4048625
330 0.099125 0.40387125
331 0.135375 0.4025175
332 0.126625 0.40125125
333 0.132875 0.3999225
334 0.126625 0.39865625
335 0.117875 0.3974775
336 0.132875 0.39614875
337 0.116625 0.3949825
338 0.095375 0.39402875
339 0.101625 0.3930125
340 0.117875 0.39183375
341 0.115375 0.39068
342 0.130375 0.38937625
343 0.117875 0.3881975
344 0.125375 0.38694375
345 0.120375 0.38574
346 0.111625 0.38462375
347 0.141625 0.3832075
348 0.102875 0.38217875
349 0.104125 0.3811375
350 0.080375 0.38033375
351 0.076625 0.3795675
352 0.130375 0.37826375
353 0.102875 0.377235
354 0.101625 0.37621875
355 0.119125 0.3750275
356 0.101625 0.37401125
357 0.117875 0.3728325
358 0.092875 0.37190375
359 0.122875 0.370675
360 0.104125 0.36963375
361 0.120375 0.36843
362 0.090375 0.36752625
363 0.075375 0.3667725
364 0.107875 0.36569375
365 0.112875 0.364565
366 0.116625 0.36339875
367 0.087875 0.36252
368 0.121625 0.36130375
369 0.104125 0.3602625
370 0.087875 0.35938375
371 0.091625 0.3584675
372 0.090375 0.35756375
373 0.110375 0.35646
374 0.104125 0.35541875
375 0.082875 0.35459
376 0.115375 0.35343625
377 0.084125 0.352595
378 0.112875 0.35146625
379 0.101625 0.35045
380 0.100375 0.34944625
381 0.104125 0.348405
382 0.101625 0.34738875
383 0.085375 0.346535
384 0.101625 0.34551875
385 0.104125 0.3444775
386 0.129125 0.34318625
387 0.065375 0.3425325
388 0.081625 0.34171625
389 0.105375 0.3406625
390 0.100375 0.33965875
391 0.071625 0.3389425
392 0.091625 0.33802625
393 0.107875 0.3369475
394 0.099125 0.33595625
395 0.095375 0.3350025
396 0.095375 0.33404875
397 0.097875 0.33307
398 0.114125 0.33192875
399 0.099125 0.3309375
400 0.120375 0.32973375
401 0.081625 0.3289175
402 0.077875 0.32813875
403 0.087875 0.32726
404 0.094125 0.32631875
405 0.107875 0.32524
406 0.086625 0.32437375
407 0.089125 0.3234825
408 0.119125 0.32229125
409 0.097875 0.3213125
410 0.090375 0.32040875
411 0.109125 0.3193175
412 0.110375 0.31821375
413 0.102875 0.317185
414 0.095375 0.31623125
415 0.081625 0.315415
416 0.095375 0.31446125
417 0.099125 0.31347
418 0.085375 0.31261625
419 0.099125 0.311625
420 0.070375 0.31092125
421 0.091625 0.310005
422 0.062875 0.30937625
423 0.110375 0.3082725
424 0.097875 0.30729375
425 0.082875 0.306465
426 0.092875 0.30553625
427 0.097875 0.3045575
428 0.065375 0.30390375
429 0.090375 0.303
430 0.090375 0.30209625
431 0.071625 0.30138
432 0.075375 0.30062625
433 0.071625 0.29991
434 0.079125 0.29911875
435 0.095375 0.298165
436 0.095375 0.29721125
437 0.080375 0.2964075
438 0.092875 0.29547875
439 0.102875 0.29445
440 0.089125 0.29355875
441 0.090375 0.292655
442 0.076625 0.29188875
443 0.069125 0.2911975
444 0.070375 0.29049375
445 0.082875 0.289665
446 0.106625 0.28859875
447 0.100375 0.287595
448 0.084125 0.28675375
449 0.065375 0.2861
450 0.082875 0.28527125
451 0.081625 0.284455
452 0.061625 0.28383875
453 0.081625 0.2830225
454 0.075375 0.28226875
455 0.092875 0.28134
456 0.070375 0.28063625
457 0.071625 0.27992
458 0.089125 0.27902875
459 0.096625 0.2780625
460 0.089125 0.27717125
461 0.084125 0.27633
462 0.075375 0.27557625
463 0.095375 0.2746225
464 0.087875 0.27374375
465 0.070375 0.27304
466 0.099125 0.27204875
467 0.092875 0.27112
468 0.072875 0.27039125
469 0.067875 0.2697125
470 0.077875 0.26893375
471 0.065375 0.26828
472 0.091625 0.26736375
473 0.064125 0.2667225
474 0.102875 0.26569375
475 0.072875 0.264965
476 0.076625 0.26419875
477 0.090375 0.263295
478 0.061625 0.26267875
479 0.072875 0.26195
480 0.085375 0.26109625
481 0.066625 0.26043
482 0.076625 0.25966375
483 0.070375 0.25896
484 0.079125 0.25816875
485 0.072875 0.25744
486 0.080375 0.25663625
487 0.086625 0.25577
488 0.081625 0.25495375
489 0.062875 0.254325
490 0.057875 0.25374625
491 0.076625 0.25298
492 0.091625 0.25206375
493 0.084125 0.2512225
494 0.081625 0.25040625
495 0.077875 0.2496275
496 0.085375 0.24877375
497 0.085375 0.24792
498 0.037875 0.24754125
499 0.081625 0.246725
500 0.081625 0.24590875
501 0.082875 0.24508
502 0.080375 0.24427625
503 0.075375 0.2435225
504 0.044125 0.24308125
505 0.089125 0.24219
506 0.070375 0.24148625
507 0.086625 0.24062
508 0.066625 0.23995375
509 0.086625 0.2390875
510 0.066625 0.23842125
511 0.081625 0.237605
512 0.092875 0.23667625
513 0.046625 0.23621
514 0.102875 0.23518125
515 0.067875 0.2345025
516 0.071625 0.23378625
517 0.070375 0.2330825
518 0.059125 0.23249125
519 0.064125 0.23185
520 0.089125 0.23095875
521 0.069125 0.2302675
522 0.071625 0.22955125
523 0.066625 0.228885
524 0.062875 0.22825625
525 0.076625 0.22749
526 0.071625 0.22677375
527 0.052875 0.226245
528 0.085375 0.22539125
529 0.077875 0.2246125
530 0.094125 0.22367125
531 0.069125 0.22298
532 0.067875 0.22230125
533 0.065375 0.2216475
534 0.037875 0.22126875
535 0.065375 0.220615
536 0.084125 0.21977375
537 0.081625 0.2189575
538 0.066625 0.21829125
539 0.090375 0.2173875
540 0.060375 0.21678375
541 0.069125 0.2160925
542 0.081625 0.21527625
543 0.055375 0.2147225
544 0.081625 0.21390625
545 0.060375 0.2133025
546 0.064125 0.21266125
547 0.095375 0.2117075
548 0.069125 0.21101625
549 0.076625 0.21025
550 0.065375 0.20959625
551 0.055375 0.2090425
552 0.080375 0.20823875
553 0.055375 0.207685
554 0.067875 0.20700625
555 0.059125 0.206415
556 0.072875 0.20568625
557 0.061625 0.20507
558 0.051625 0.20455375
559 0.071625 0.2038375
560 0.034125 0.20349625
561 0.069125 0.202805
562 0.041625 0.20238875
563 0.057875 0.20181
564 0.067875 0.20113125
565 0.074125 0.20039
566 0.070375 0.19968625
567 0.062875 0.1990575
568 0.055375 0.19850375
569 0.064125 0.1978625
570 0.045375 0.19740875
571 0.051625 0.1968925
572 0.074125 0.19615125
573 0.081625 0.195335
574 0.066625 0.19466875
575 0.064125 0.1940275
576 0.067875 0.19334875
577 0.077875 0.19257
578 0.059125 0.19197875
579 0.054125 0.1914375
580 0.056625 0.19087125
581 0.057875 0.1902925
582 0.067875 0.18961375
583 0.061625 0.1889975
584 0.059125 0.18840625
585 0.050375 0.1879025
586 0.070375 0.18719875
587 0.067875 0.18652
588 0.054125 0.18597875
589 0.051625 0.1854625
590 0.076625 0.18469625
591 0.059125 0.184105
592 0.061625 0.18348875
593 0.065375 0.182835
594 0.061625 0.18221875
595 0.037875 0.18184
596 0.027875 0.18156125
597 0.069125 0.18087
598 0.075375 0.18011625
599 0.066625 0.17945
600 0.046625 0.17898375
601 0.035375 0.17863
602 0.049125 0.17813875
603 0.080375 0.177335
604 0.065375 0.17668125
605 0.042875 0.1762525
606 0.061625 0.17563625
607 0.064125 0.174995
608 0.067875 0.17431625
609 0.074125 0.173575
610 0.061625 0.17295875
611 0.067875 0.17228
612 0.086625 0.17141375
613 0.052875 0.170885
614 0.067875 0.17020625
615 0.059125 0.169615
616 0.055375 0.16906125
617 0.034125 0.16872
618 0.065375 0.16806625
619 0.040375 0.1676625
620 0.077875 0.16688375
621 0.049125 0.1663925
622 0.049125 0.16590125
623 0.054125 0.16536
624 0.062875 0.16473125
625 0.076625 0.163965
626 0.036625 0.16359875
627 0.042875 0.16317
628 0.041625 0.16275375
629 0.046625 0.1622875
630 0.045375 0.16183375
631 0.044125 0.1613925
632 0.070375 0.16068875
633 0.051625 0.1601725
634 0.037875 0.15979375
635 0.045375 0.15934
636 0.051625 0.15882375
637 0.042875 0.158395
638 0.046625 0.15792875
639 0.037875 0.15755
640 0.077875 0.15677125
641 0.062875 0.1561425
642 0.039125 0.15575125
643 0.060375 0.1551475
644 0.066625 0.15448125
645 0.064125 0.15384
646 0.032875 0.15351125
647 0.046625 0.153045
648 0.037875 0.15266625
649 0.035375 0.1523125
650 0.026625 0.15204625
651 0.056625 0.15148
652 0.064125 0.15083875
653 0.040375 0.150435
654 0.025375 0.15018125
655 0.051625 0.149665
656 0.092875 0.14873625
657 0.054125 0.148195
658 0.062875 0.14756625
659 0.057875 0.1469875
660 0.065375 0.14633375
661 0.044125 0.1458925
662 0.072875 0.14516375
663 0.044125 0.1447225
664 0.044125 0.14428125
665 0.056625 0.143715
666 0.055375 0.14316125
667 0.049125 0.14267
668 0.036625 0.14230375
669 0.035375 0.14195
670 0.050375 0.14144625
671 0.050375 0.1409425
672 0.037875 0.14056375
673 0.035375 0.14021
674 0.065375 0.13955625
675 0.052875 0.1390275
676 0.042875 0.13859875
677 0.041625 0.1381825
678 0.051625 0.13766625
679 0.057875 0.1370875
680 0.047875 0.13660875
681 0.036625 0.1362425
682 0.040375 0.13583875
683 0.042875 0.13541
684 0.030375 0.13510625
685 0.037875 0.1347275
686 0.032875 0.13439875
687 0.027875 0.13412
688 0.021625 0.13390375
689 0.044125 0.1334625
690 0.045375 0.13300875
691 0.016625 0.1328425
692 0.027875 0.13256375
693 0.027875 0.132285
694 0.044125 0.13184375
695 0.054125 0.1313025
696 0.066625 0.13063625
697 0.059125 0.130045
698 0.042875 0.12961625
699 0.050375 0.1291125
700 0.052875 0.12858375
701 0.042875 0.128155
702 0.036625 0.12778875
703 0.029125 0.1274975
704 0.042875 0.12706875
705 0.046625 0.1266025
706 0.024125 0.12636125
707 0.021625 0.126145
708 0.042875 0.12571625
709 0.041625 0.1253
710 0.036625 0.12493375
711 0.021625 0.1247175
712 0.017875 0.12453875
713 0.044125 0.1240975
714 0.035375 0.12374375
715 0.020375 0.12354
716 0.030375 0.12323625
717 0.039125 0.122845
718 0.046625 0.12237875
719 0.031625 0.1220625
720 0.044125 0.12162125
721 0.037875 0.1212425
722 0.010375 0.12113875
723 0.027875 0.12086
724 0.062875 0.12023125
725 0.045375 0.1197775
726 0.065375 0.11912375
727 0.041625 0.1187075
728 0.017875 0.11852875
729 0.039125 0.1181375
730 0.057875 0.11755875
731 0.047875 0.11708
732 0.050375 0.11657625
733 0.046625 0.11611
734 0.037875 0.11573125
735 0.026625 0.115465
736 0.026625 0.11519875
737 0.055375 0.114645
738 0.076625 0.11387875
739 0.032875 0.11355
740 0.037875 0.11317125
741 0.027875 0.1128925
742 0.026625 0.11262625
743 0.032875 0.1122975
744 0.039125 0.11190625
745 0.025375 0.1116525
746 0.047875 0.11117375
747 0.010375 0.11107
748 0.045375 0.11061625
749 0.044125 0.110175
750 0.041625 0.10975875
751 0.016625 0.1095925
752 0.029125 0.10930125
753 0.034125 0.10896
754 0.050375 0.10845625
755 0.039125 0.108065
756 0.026625 0.10779875
757 0.017875 0.10762
758 0.067875 0.10694125
759 0.052875 0.1064125
760 0.035375 0.10605875
761 0.030375 0.105755
762 0.031625 0.10543875
763 0.042875 0.10501
764 0.017875 0.10483125
765 0.042875 0.1044025
766 0.044125 0.10396125
767 0.017875 0.1037825
768 0.040375 0.10337875
769 0.041625 0.1029625
770 0.039125 0.10257125
771 0.022875 0.1023425
772 0.029125 0.10205125
773 0.025375 0.1017975
774 0.030375 0.10149375
775 0.032875 0.101165
776 0.040375 0.10076125
777 0.039125 0.10037
778 0.040375 0.09996625
779 0.016625 0.0998
780 0.012875 0.09967125
781 0.041625 0.099255
782 0.031625 0.09893875
783 0.037875 0.09856
784 0.036625 0.09819375
785 0.026625 0.0979275
786 0.030375 0.09762375
787 0.034125 0.0972825
788 0.035375 0.09692875
789 0.019125 0.0967375
790 0.012875 0.09660875
791 0.035375 0.096255
792 0.039125 0.09586375
793 0.012875 0.095735
794 0.054125 0.09519375
795 0.035375 0.09484
796 0.041625 0.09442375
797 0.037875 0.094045
798 0.040375 0.09364125
799 0.022875 0.0934125
800 0.030375 0.09310875
801 0.007875 0.09303
802 0.014125 0.09288875
803 0.026625 0.0926225
804 0.022875 0.09239375
805 0.050375 0.09189
806 0.024125 0.09164875
807 0.036625 0.0912825
808 0.034125 0.09094125
809 0.034125 0.0906
810 0.009125 0.09050875
811 0.037875 0.09013
812 0.021625 0.08991375
813 0.037875 0.089535
814 0.009125 0.08944375
815 0.026625 0.0891775
816 0.026625 0.08891125
817 0.037875 0.0885325
818 0.029125 0.08824125
819 0.009125 0.08815
820 0.037875 0.08777125
821 0.049125 0.08728
822 0.046625 0.08681375
823 0.036625 0.0864475
824 0.024125 0.08620625
825 0.034125 0.085865
826 0.036625 0.08549875
827 0.037875 0.08512
828 0.025375 0.08486625
829 0.036625 0.0845
830 0.021625 0.08428375
831 0.037875 0.083905
832 0.025375 0.08365125
833 0.027875 0.0833725
834 0.047875 0.08289375
835 0.026625 0.0826275
836 0.040375 0.08222375
837 0.024125 0.0819825
838 0.032875 0.08165375
839 0.002125 0.081675
840 0.030375 0.08137125
841 0.031625 0.081055
842 0.026625 0.08078875
843 0.044125 0.0803475
844 0.024125 0.08010625
845 0.025375 0.0798525
846 0.012875 0.07972375
847 0.034125 0.0793825
848 0.020375 0.07917875
849 0.010375 0.079075
850 0.042875 0.07864625
851 0.040375 0.0782425
852 0.015375 0.07808875
853 0.042875 0.07766
854 0.022875 0.07743125
855 0.022875 0.0772025
856 0.015375 0.07704875
857 0.037875 0.07667
858 0.019125 0.07647875
859 0.029125 0.0761875
860 0.011625 0.07607125
861 0.030375 0.0757675
862 0.044125 0.07532625
863 0.031625 0.07501
864 0.015375 0.07485625
865 0.027875 0.0745775
866 0.005375 0.07452375
867 0.029125 0.0742325
868 0.000375 0.07422875
869 0.031625 0.0739125
870 0.021625 0.07369625
871 0.019125 0.073505
872 0.009125 0.07341375
873 0.034125 0.0730725
874 0.035375 0.07271875
875 0.012875 0.07259
876 0.037875 0.07221125
877 0.002875 0.0721825
878 0.016625 0.07201625
879 0.042875 0.0715875
880 0.010375 0.07148375
881 0.035375 0.07113
882 0.014125 0.07098875
883 0.016625 0.0708225
884 0.019125 0.07063125
885 0.032875 0.0703025
886 0.014125 0.07016125
887 0.021625 0.069945
888 0.019125 0.06975375
889 0.015375 0.0696
890 0.034125 0.06925875
891 0.020375 0.069055
892 0.022875 0.06882625
893 0.031625 0.06851
894 0.020375 0.06830625
895 0.015375 0.0681525
896 0.015375 0.06799875
897 0.029125 0.0677075
898 0.009125 0.06761625
899 0.011625 0.0675
900 0.041625 0.06708375
901 0.017875 0.066905
902 0.055375 0.06635125
903 0.030375 0.0660475
904 0.010375 0.06594375
905 0.021625 0.0657275
906 0.044125 0.06528625
907 0.021625 0.06507
908 0.021625 0.06485375
909 0.030375 0.06455
910 0.024125 0.06430875
911 0.031625 0.0639925
912 0.007875 0.06391375
913 0.011625 0.0637975
914 0.016625 0.06363125
915 0.022875 0.0634025
916 0.003375 0.06343625
917 0.005375 0.0633825
918 0.026625 0.06311625
919 0.031625 0.0628
920 0.010375 0.06269625
921 0.020375 0.0624925
922 0.019125 0.06230125
923 0.037875 0.0619225
924 0.019125 0.06173125
925 0.016625 0.061565
926 0.009125 0.06147375
927 0.020375 0.06127
928 0.005375 0.06121625
929 0.030375 0.0609125
930 0.035375 0.06055875
931 0.016625 0.0603925
932 0.021625 0.06017625
933 0.032875 0.0598475
934 0.035375 0.05949375
935 0.011625 0.0593775
936 0.015375 0.05922375
937 0.031625 0.0589075
938 0.024125 0.05866625
939 0.017875 0.0584875
940 0.021625 0.05827125
941 0.011625 0.058155
942 0.004125 0.05811375
943 0.021625 0.0578975
944 0.025375 0.05764375
945 0.010375 0.05754
946 0.046625 0.05707375
947 0.007875 0.056995
948 0.002875 0.05696625
949 0.019125 0.056775
950 0.019125 0.05658375
951 0.012875 0.056455
952 0.004625 0.05650125
953 0.015375 0.0563475
954 0.014125 0.05620625
955 0.020375 0.0560025
956 0.010375 0.05589875
957 0.000875 0.0559075
958 0.007875 0.05582875
959 0.027875 0.05555
960 0.001625 0.05553375
961 0.021625 0.0553175
962 0.011625 0.05520125
963 0.029125 0.05491
964 0.004125 0.05486875
965 0.011625 0.0547525
966 0.022875 0.05452375
967 0.011625 0.0544075
968 0.039125 0.05401625
969 0.016625 0.05385
970 0.009125 0.05375875
971 0.014125 0.0536175
972 0.006625 0.05355125
973 0.012875 0.0534225
974 0.014125 0.05328125
975 0.012875 0.0531525
976 0.017875 0.05297375
977 0.014125 0.0528325
978 0.016625 0.05266625
979 0.009125 0.052575
980 0.021625 0.05235875
981 0.019125 0.0521675
982 0.037875 0.05178875
983 0.025375 0.051535
984 0.002875 0.05150625
985 0.009125 0.051415
986 0.011625 0.05129875
987 0.020375 0.051095
988 0.021625 0.05087875
989 0.000375 0.050875
990 0.002875 0.05084625
991 0.035375 0.0504925
992 0.020375 0.05028875
993 0.014125 0.0501475
994 0.004125 0.05010625
995 0.032875 0.0497775
996 0.005375 0.04972375
997 0.021625 0.0495075
998 0.016625 0.04934125
999 0.005875 0.0494
1000 0.027875 0.04912125
1001 0.012875 0.0489925
1002 0.005375 0.04893875
1003 0.004125 0.0488975
1004 0.005875 0.04895625
1005 0.020375 0.0487525
1006 0.017875 0.04857375
1007 0.014125 0.0484325
1008 0.037875 0.04805375
1009 0.025375 0.0478
1010 0.006625 0.04773375
1011 0.014125 0.0475925
1012 0.025375 0.04733875
1013 0.024125 0.0470975
1014 0.020375 0.04689375
1015 0.022875 0.046665
1016 0.025375 0.04641125
1017 0.004125 0.04637
1018 0.014125 0.04622875
1019 0.017875 0.04605
1020 0.026625 0.04578375
1021 0.009125 0.0456925
1022 0.034125 0.04535125
1023 0.020375 0.0451475
1024 0.034125 0.04480625
1025 0.017875 0.0446275
1026 0.005375 0.04457375
1027 0.020375 0.04437
1028 0.032875 0.04404125
1029 0.024125 0.0438
1030 0.019125 0.04360875
1031 0.006625 0.0435425
1032 0.019125 0.04335125
1033 0.020375 0.0431475
1034 0.021625 0.04293125
1035 0.024125 0.04269
1036 0.001625 0.04267375
1037 0.009125 0.0425825
1038 0.000875 0.04259125
1039 0.006625 0.042525
1040 0.024125 0.04228375
1041 0.022875 0.042055
1042 0.010375 0.04195125
1043 0.009125 0.04186
1044 0.011625 0.04174375
1045 0.013375 0.0418775
1046 0.020375 0.04167375
1047 0.034125 0.0413325
1048 0.034125 0.04099125
1049 0.009125 0.0409
1050 0.010375 0.04079625
1051 0.006625 0.04073
1052 0.010875 0.04083875
1053 0.020375 0.040635
1054 0.011625 0.04051875
1055 0.026625 0.0402525
1056 0.019125 0.04006125
1057 0.007875 0.0399825
1058 0.017875 0.03980375
1059 0.025375 0.03955
1060 0.020375 0.03934625
1061 0.007875 0.0392675
1062 0.015375 0.03911375
1063 0.014125 0.0389725
1064 0.007875 0.03889375
1065 0.002125 0.038915
1066 0.021625 0.03869875
1067 0.002125 0.03872
1068 0.004625 0.03876625
1069 0.020375 0.0385625
1070 0.030375 0.03825875
1071 0.019125 0.0380675
1072 0.021625 0.03785125
1073 0.012875 0.0377225
1074 0.026625 0.03745625
1075 0.014125 0.037315
1076 0.005875 0.03737375
1077 0.022875 0.037145
1078 0.004125 0.03710375
1079 0.012875 0.036975
1080 0.019125 0.03678375
1081 0.000875 0.0367925
1082 0.009125 0.03670125
1083 0.002875 0.0366725
1084 0.002875 0.03664375
1085 0.000875 0.0366525
1086 0.003375 0.03668625
1087 0.004625 0.0367325
1088 0.010875 0.03684125
1089 0.019125 0.03665
1090 0.003375 0.03668375
1091 0.010375 0.03658
1092 0.009125 0.03648875
1093 0.006625 0.0364225
1094 0.002875 0.03639375
1095 0.004625 0.03644
1096 0.006625 0.03637375
1097 0.007875 0.036295
1098 0.015375 0.03614125
1099 0.009125 0.03605
1100 0.030375 0.03574625
1101 0.015375 0.0355925
1102 0.012875 0.03546375
1103 0.010875 0.0355725
1104 0.017875 0.03539375
1105 0.010875 0.0355025
1106 0.000875 0.03551125
1107 0.010375 0.0354075
1108 0.001625 0.03539125
1109 0.005375 0.0353375
1110 0.010375 0.03523375
1111 0.012875 0.035105
1112 0.020375 0.03490125
1113 0.004125 0.03486
1114 0.020375 0.03465625
1115 0.019125 0.034465
1116 0.003375 0.03449875
1117 0.007125 0.03457
1118 0.009125 0.03447875
1119 0.015375 0.034325
1120 0.002875 0.03429625
1121 0.025375 0.0340425
1122 0.017875 0.03386375
1123 0.019125 0.0336725
1124 0.005375 0.03361875
1125 0.015375 0.033465
1126 0.016625 0.03329875
1127 0.022875 0.03307
1128 0.022875 0.03284125
1129 0.017875 0.0326625
1130 0.004125 0.03262125
1131 0.006625 0.032555
1132 0.006625 0.03248875
1133 0.025375 0.032235
1134 0.017875 0.03205625
1135 0.002875 0.0320275
1136 0.016625 0.03186125
1137 0.011625 0.031745
1138 0.007875 0.03166625
1139 0.020375 0.0314625
1140 0.007875 0.03138375
1141 0.035375 0.03103
1142 0.012875 0.03090125
1143 0.007875 0.0308225
1144 0.004125 0.03078125
1145 0.019125 0.03059
1146 0.006625 0.03052375
1147 0.009125 0.0304325
1148 0.002875 0.03040375
1149 0.009125 0.0303125
1150 0.014125 0.03017125
1151 0.022875 0.0299425
1152 0.012875 0.02981375
1153 0.040375 0.02941
1154 0.031625 0.02909375
1155 0.008375 0.0291775
1156 0.012875 0.02904875
1157 0.029125 0.0287575
1158 0.020375 0.02855375
1159 0.009125 0.0284625
1160 0.001625 0.02844625
1161 0.012125 0.0285675
1162 0.005875 0.02862625
1163 0.001625 0.02861
1164 0.014125 0.02846875
1165 0.009125 0.0283775
1166 0.015375 0.02822375
1167 0.021625 0.0280075
1168 0.017875 0.02782875
1169 0.005375 0.027775
1170 0.022875 0.02754625
1171 0.009625 0.0276425
1172 0.007875 0.02756375
1173 0.002875 0.027535
1174 0.007875 0.02745625
1175 0.024125 0.027215
1176 0.016625 0.02704875
1177 0.019125 0.0268575
1178 0.010375 0.02675375
1179 0.004125 0.0267125
1180 0.008375 0.02679625
1181 0.014125 0.026655
1182 0.032875 0.02632625
1183 0.022875 0.0260975
1184 0.000375 0.02609375
1185 0.005375 0.02604
1186 0.022875 0.02581125
1187 0.015375 0.0256575
1188 0.006625 0.02559125
1189 0.016625 0.025425
1190 0.000375 0.02542125
1191 0.011625 0.025305
1192 0.005375 0.02525125
1193 0.014125 0.02511
1194 0.010375 0.02500625
1195 0.011625 0.02489
1196 0.016625 0.02472375
1197 0.017875 0.024545
1198 0.018375 0.02472875
1199 0.000375 0.024725
1200 0.025375 0.02447125
1201 0.017125 0.0246425
1202 0.015375 0.02448875
1203 0.002125 0.02451
1204 0.005875 0.02456875
1205 0.011625 0.0244525
1206 0.000875 0.02446125
1207 0.024125 0.02422
1208 0.007125 0.02429125
1209 0.012875 0.0241625
1210 0.030375 0.02385875
1211 0.008375 0.0239425
1212 0.006625 0.02387625
1213 0.001625 0.02386
1214 0.019125 0.02366875
1215 0.004125 0.0236275
1216 0.022875 0.02339875
1217 0.006625 0.0233325
1218 0.002875 0.02330375
1219 0.021625 0.0230875
1220 0.012125 0.02320875
1221 0.017125 0.02338
1222 0.003375 0.02341375
1223 0.014125 0.0232725
1224 0.019125 0.02308125
1225 0.014125 0.02294
1226 0.003375 0.02297375
1227 0.005375 0.02292
1228 0.020375 0.02271625
1229 0.025375 0.0224625
1230 0.009125 0.02237125
1231 0.011625 0.022255
1232 0.002125 0.02227625
1233 0.015375 0.0221225
1234 0.022875 0.02189375
1235 0.010375 0.02179
1236 0.012875 0.02166125
1237 0.016625 0.021495
1238 0.037875 0.02111625
1239 0.007125 0.0211875
1240 0.000875 0.02119625
1241 0.016625 0.02103
1242 0.002125 0.02105125
1243 0.034125 0.02071
1244 0.004125 0.02066875
1245 0.000375 0.020665
1246 0.001625 0.02064875
1247 0.025375 0.020395
1248 0.006625 0.02032875
1249 0.015375 0.020175
1250 0.025375 0.01992125
1251 0.002875 0.0198925
1252 0.009125 0.01980125
1253 0.009625 0.0198975
1254 0.007875 0.01981875
1255 0.011625 0.0197025
1256 0.001625 0.01968625
1257 0.007125 0.0197575
1258 0.020875 0.01996625
1259 0.001625 0.01995
1260 0.001625 0.01993375
1261 0.016625 0.0197675
1262 0.015375 0.01961375
1263 0.019125 0.0194225
1264 0.019125 0.01923125
1265 0.016625 0.019065
1266 0.000375 0.01906125
1267 0.013375 0.019195
1268 0.001625 0.01917875
1269 0.010875 0.0192875
1270 0.007875 0.01920875
1271 0.002125 0.01923
1272 0.004625 0.01927625
1273 0.025375 0.0190225
1274 0.005375 0.01896875
1275 0.009125 0.0188775
1276 0.004125 0.01883625
1277 0.017125 0.0190075
1278 0.007125 0.01907875
1279 0.000875 0.0190875
1280 0.024125 0.01884625
1281 0.031625 0.01853
1282 0.010375 0.01842625
1283 0.024125 0.018185
1284 0.016625 0.01801875
1285 0.003375 0.0180525
1286 0.027875 0.01777375
1287 0.015375 0.01762
1288 0.010375 0.01751625
1289 0.014125 0.017375
1290 0.012125 0.01749625
1291 0.031625 0.01718
1292 0.000375 0.01717625
1293 0.012125 0.0172975
1294 0.000375 0.01729375
1295 0.003375 0.0173275
1296 0.010375 0.01722375
1297 0.006625 0.0171575
1298 0.010375 0.01705375
1299 0.015375 0.0169
1300 0.002875 0.01687125
1301 0.029125 0.01658
1302 0.017875 0.01640125
1303 0.011625 0.016285
1304 0.019125 0.01609375
1305 0.007875 0.016015
1306 0.002875 0.01598625
1307 0.035375 0.0156325
1308 0.002125 0.01565375
1309 0.005375 0.0156
1310 0.020375 0.01539625
1311 0.012875 0.0152675
1312 0.003375 0.01530125
1313 0.005875 0.01536
1314 0.004125 0.01531875
1315 0.025375 0.015065
1316 0.015375 0.01491125
1317 0.001625 0.014895
1318 0.007875 0.01481625
1319 0.018375 0.015
1320 0.010375 0.01489625
1321 0.012875 0.0147675
1322 0.012875 0.01463875
1323 0.012875 0.01451
1324 0.007875 0.01443125
1325 0.020375 0.0142275
1326 0.005875 0.01428625
1327 0.014125 0.014145
1328 0.006625 0.01407875
1329 0.017125 0.01425
1330 0.017875 0.01407125
1331 0.016625 0.013905
1332 0.014125 0.01376375
1333 0.025375 0.01351
1334 0.007875 0.01343125
1335 0.010375 0.0133275
1336 0.013375 0.01346125
1337 0.017875 0.0132825
1338 0.000375 0.01327875
1339 0.013375 0.0134125
1340 0.015375 0.01325875
1341 0.000875 0.0132675
1342 0.001625 0.01325125
1343 0.000375 0.0132475
1344 0.006625 0.01318125
1345 0.014125 0.01304
1346 0.005375 0.01298625
1347 0.004125 0.012945
1348 0.017875 0.01276625
1349 0.014125 0.012625
1350 0.012125 0.01274625
1351 0.005875 0.012805
1352 0.005375 0.01275125
1353 0.015375 0.0125975
1354 0.025375 0.01234375
1355 0.005375 0.01229
1356 0.010875 0.01239875
1357 0.000875 0.0124075
1358 0.002875 0.01237875
1359 0.000375 0.012375
1360 0.002875 0.01234625
1361 0.010375 0.0122425
1362 0.029125 0.01195125
1363 0.006625 0.011885
1364 0.000375 0.01188125
1365 0.022875 0.0116525
1366 0.020875 0.01186125
1367 0.006625 0.011795
1368 0.002875 0.01176625
1369 0.022125 0.0119875
1370 0.014125 0.01184625
1371 0.035375 0.0114925
1372 0.008375 0.01157625
1373 0.011625 0.01146
1374 0.000875 0.01146875
1375 0.005375 0.011415
1376 0.022875 0.01118625
1377 0.000875 0.011195
1378 0.004625 0.01124125
1379 0.004125 0.0112
1380 0.001625 0.01118375
1381 0.004125 0.0111425
1382 0.014625 0.01128875
1383 0.014125 0.0111475
1384 0.006625 0.01108125
1385 0.013375 0.011215
1386 0.015375 0.01106125
1387 0.008375 0.011145
1388 0.009625 0.01124125
1389 0.010375 0.0111375
1390 0.007875 0.01105875
1391 0.008375 0.0111425
1392 0.001625 0.01112625
1393 0.012875 0.0109975
1394 0.009125 0.01090625
1395 0.017875 0.0107275
1396 0.007875 0.01064875
1397 0.009625 0.010745
1398 0.005875 0.01080375
1399 0.000375 0.0108
1400 0.007875 0.01072125
1401 0.007125 0.0107925
1402 0.004625 0.01083875
1403 0.006625 0.0107725
1404 0.009625 0.01086875
1405 0.016625 0.0107025
1406 0.004125 0.01066125
1407 0.007875 0.0105825
1408 0.010875 0.01069125
1409 0.005875 0.01075
1410 0.002875 0.01072125
1411 0.007875 0.0106425
1412 0.007875 0.01056375
1413 0.017875 0.010385
1414 0.021625 0.01016875
1415 0.010875 0.0102775
1416 0.003375 0.01031125
1417 0.002875 0.0102825
1418 0.017125 0.01045375
1419 0.005875 0.0105125
1420 0.011625 0.01039625
1421 0.023375 0.01063
1422 0.009125 0.01053875
1423 0.005375 0.010485
1424 0.011625 0.01036875
1425 0.011625 0.0102525
1426 0.012125 0.01037375
1427 0.016625 0.0102075
1428 0.005875 0.01026625
1429 0.003375 0.0103
1430 0.008375 0.01038375
1431 0.017125 0.010555
1432 0.017875 0.01037625
1433 0.015375 0.0102225
1434 0.014125 0.01008125
1435 0.007125 0.0101525
1436 0.020375 0.00994875
1437 0.014125 0.0098075
1438 0.007875 0.00972875
1439 0.009125 0.0096375
1440 0.000375 0.00963375
1441 0.006625 0.0095675
1442 0.011625 0.00945125
1443 0.009625 0.0095475
1444 0.002125 0.00956875
1445 0.003375 0.0096025
1446 0.015875 0.00976125
1447 0.006625 0.009695
1448 0.000875 0.00970375
1449 0.008375 0.0097875
1450 0.027125 0.01005875
1451 0.008375 0.0101425
1452 0.017125 0.01031375
1453 0.012875 0.010185
1454 0.005875 0.01024375
1455 0.003375 0.0102775
1456 0.002125 0.01029875
1457 0.015375 0.010145
1458 0.002875 0.01011625
1459 0.012875 0.0099875
1460 0.009625 0.01008375
1461 0.004125 0.0100425
1462 0.005375 0.00998875
1463 0.005375 0.009935
1464 0.026625 0.00966875
1465 0.031625 0.0093525
1466 0.004125 0.00931125
1467 0.019125 0.00912
1468 0.002125 0.00914125
1469 0.011625 0.009025
1470 0.005375 0.00897125
1471 0.012125 0.0090925
1472 0.009125 0.00900125
1473 0.005375 0.0089475
1474 0.002125 0.00896875
1475 0.000875 0.0089775
1476 0.000875 0.00898625
1477 0.007125 0.0090575
1478 0.012875 0.00892875
1479 0.034625 0.009275
1480 0.022875 0.00904625
1481 0.009625 0.0091425
1482 0.001625 0.00912625
1483 0.014625 0.0092725
1484 0.014125 0.00913125
1485 0.002875 0.0091025
1486 0.004125 0.00906125
1487 0.004625 0.0091075
1488 0.012875 0.00897875
1489 0.007875 0.0089
1490 0.010875 0.00900875
1491 0.015375 0.008855
1492 0.009625 0.00895125
1493 0.016625 0.008785
1494 0.016625 0.00861875
1495 0.005375 0.008565
1496 0.019625 0.00876125
1497 0.004625 0.0088075
1498 0.012125 0.00892875
1499 0.002125 0.00895
1500 0.004125 0.00890875
1501 0.007125 0.00898
1502 0.026625 0.00871375
1503 0.002875 0.008685
1504 0.009125 0.00859375
1505 0.024125 0.0083525
1506 0.000875 0.00836125
1507 0.010375 0.0082575
1508 0.009125 0.00816625
1509 0.004125 0.008125
1510 0.007875 0.00804625
1511 0.015375 0.0078925
1512 0.017125 0.00806375
1513 0.004125 0.0080225
1514 0.003375 0.00805625
1515 0.004125 0.008015
1516 0.010375 0.00791125
1517 0.002875 0.0078825
1518 0.009625 0.00797875
1519 0.002125 0.008
1520 0.019625 0.00819625
1521 0.005875 0.008255
1522 0.006625 0.00818875
1523 0.012875 0.00806
1524 0.000875 0.00806875
1525 0.018375 0.0082525
1526 0.030375 0.00794875
1527 0.006625 0.0078825
1528 0.017875 0.00770375
1529 0.010375 0.0076
1530 0.010375 0.00749625
1531 0.000375 0.0074925
1532 0.014625 0.00763875
1533 0.009625 0.007735
1534 0.000875 0.00774375
1535 0.014125 0.0076025
1536 0.004125 0.00756125
1537 0.011625 0.007445
1538 0.000875 0.00745375
1539 0.025875 0.0077125
1540 0.019125 0.00752125
1541 0.012125 0.0076425
1542 0.009125 0.00755125
1543 0.010375 0.0074475
1544 0.006625 0.00738125
1545 0.009125 0.00729
1546 0.004625 0.00733625
1547 0.014125 0.007195
1548 0.009625 0.00729125
1549 0.016625 0.007125
1550 0.002125 0.00714625
1551 0.010375 0.0070425
1552 0.007875 0.00696375
1553 0.005375 0.00691
1554 0.005375 0.00685625
1555 0.002125 0.0068775
1556 0.021625 0.00666125
1557 0.004125 0.00662
1558 0.001625 0.00660375
1559 0.001625 0.0065875
1560 0.014625 0.00673375
1561 0.008375 0.0068175
1562 0.015375 0.00666375
1563 0.007125 0.006735
1564 0.019125 0.00654375
1565 0.010375 0.00644
1566 0.016625 0.00627375
1567 0.003375 0.0063075
1568 0.004125 0.00626625
1569 0.010875 0.006375
1570 0.017875 0.00619625
1571 0.019125 0.006005
1572 0.007125 0.00607625
1573 0.002125 0.0060975
1574 0.011625 0.00598125
1575 0.022875 0.0057525
1576 0.006625 0.00568625
1577 0.021625 0.00547
1578 0.017125 0.00564125
1579 0.009125 0.00555
1580 0.022125 0.00577125
1581 0.019125 0.00558
1582 0.007875 0.00550125
1583 0.009125 0.00541
1584 0.000375 0.00540625
1585 0.002875 0.0053775
1586 0.011625 0.00526125
1587 0.000875 0.00527
1588 0.034125 0.00492875
1589 0.010375 0.004825
1590 0.001625 0.00480875
1591 0.010875 0.0049175
1592 0.000875 0.00492625
1593 0.008375 0.00501
1594 0.004625 0.00505625
1595 0.002125 0.0050775
1596 0.000375 0.00507375
1597 0.013375 0.0052075
1598 0.014625 0.00535375
1599 0.002125 0.005375
1600 0.005375 0.00532125
1601 0.002125 0.0053425
1602 0.022125 0.00556375
1603 0.005375 0.00551
1604 0.006625 0.00544375
1605 0.020875 0.0056525
1606 0.019125 0.00546125
1607 0.004625 0.0055075
1608 0.017125 0.00567875
1609 0.000875 0.0056875
1610 0.003375 0.00572125
1611 0.000375 0.0057175
1612 0.022875 0.00548875
1613 0.001625 0.0054725
1614 0.030375 0.00516875
1615 0.005375 0.005115
1616 0.005875 0.00517375
1617 0.005875 0.0052325
1618 0.005875 0.00529125
1619 0.001625 0.005275
1620 0.003375 0.00530875
1621 0.002125 0.00533
1622 0.014625 0.00547625
1623 0.020375 0.0052725
1624 0.004625 0.00531875
1625 0.000875 0.0053275
1626 0.014625 0.00547375
1627 0.020875 0.0056825
1628 0.008375 0.00576625
1629 0.004125 0.005725
1630 0.019125 0.00553375
1631 0.011625 0.0054175
1632 0.001625 0.00540125
1633 0.012125 0.0055225
1634 0.002875 0.00549375
1635 0.006625 0.0054275
1636 0.000375 0.00542375
1637 0.010375 0.00532
1638 0.007125 0.00539125
1639 0.005375 0.0053375
1640 0.009125 0.00524625
1641 0.000875 0.005255
1642 0.007875 0.00517625
1643 0.016625 0.00501
1644 0.000875 0.00501875
1645 0.027875 0.00474
1646 0.017875 0.00456125
1647 0.004125 0.00452
1648 0.008375 0.00460375
1649 0.001625 0.0045875
1650 0.009625 0.00468375
1651 0.005875 0.0047425
1652 0.010875 0.00485125
1653 0.012875 0.0047225
1654 0.005375 0.00466875
1655 0.007125 0.00474
1656 0.006625 0.00467375
1657 0.002875 0.004645
1658 0.012875 0.00451625
1659 0.017125 0.0046875
1660 0.008375 0.00477125
1661 0.000375 0.0047675
1662 0.000875 0.00477625
1663 0.012875 0.0046475
1664 0.009125 0.00455625
1665 0.004625 0.0046025
1666 0.032125 0.00492375
1667 0.000875 0.0049325
1668 0.024125 0.00469125
1669 0.009125 0.0046
1670 0.006625 0.00453375
1671 0.002875 0.004505
1672 0.010375 0.00440125
1673 0.004625 0.0044475
1674 0.018375 0.00463125
1675 0.002875 0.0046025
1676 0.000875 0.00461125
1677 0.005875 0.00467
1678 0.011625 0.00455375
1679 0.002875 0.004525
1680 0.022875 0.00429625
1681 0.003375 0.00433
1682 0.004125 0.00428875
1683 0.005375 0.004235
1684 0.000875 0.00424375
1685 0.004125 0.0042025
1686 0.010875 0.00431125
1687 0.007875 0.0042325
1688 0.010875 0.00434125
1689 0.007125 0.0044125
1690 0.012125 0.00453375
1691 0.006625 0.0044675
1692 0.024625 0.00471375
1693 0.014125 0.0045725
1694 0.001625 0.00455625
1695 0.018375 0.00474
1696 0.010875 0.00484875
1697 0.004625 0.004895
1698 0.002875 0.00486625
1699 0.008375 0.00495
1700 0.008375 0.00503375
1701 0.003375 0.0050675
1702 0.011625 0.00495125
1703 0.004125 0.00491
1704 0.009125 0.00481875
1705 0.017125 0.00499
1706 0.020875 0.00519875
1707 0.010875 0.0053075
1708 0.013375 0.00544125
1709 0.000375 0.0054375
1710 0.015375 0.00528375
1711 0.022125 0.005505
1712 0.017875 0.00532625
1713 0.003375 0.00536
1714 0.023375 0.00559375
1715 0.015375 0.00544
1716 0.001625 0.00542375
1717 0.015375 0.00527
1718 0.001625 0.00525375
1719 0.011625 0.0051375
1720 0.007875 0.00505875
1721 0.019125 0.0048675
1722 0.017875 0.00468875
1723 0.019625 0.004885
1724 0.012875 0.00475625
1725 0.016625 0.00459
1726 0.021625 0.00437375
1727 0.013375 0.0045075
1728 0.004125 0.00446625
1729 0.023375 0.0047
1730 0.010875 0.00480875
1731 0.004125 0.0047675
1732 0.017125 0.00493875
1733 0.002125 0.00496
1734 0.005875 0.00501875
1735 0.000375 0.005015
1736 0.006625 0.00494875
1737 0.002125 0.00497
1738 0.004625 0.00501625
1739 0.006625 0.00495
1740 0.011625 0.00483375
1741 0.008375 0.0049175
1742 0.012125 0.00503875
1743 0.010375 0.004935
1744 0.005375 0.00488125
1745 0.016625 0.004715
1746 0.005875 0.00477375
1747 0.008375 0.0048575
1748 0.019625 0.00505375
1749 0.005875 0.0051125
1750 0.026625 0.00484625
1751 0.002875 0.0048175
1752 0.001625 0.00480125
1753 0.024625 0.0050475
1754 0.009625 0.00514375
1755 0.007125 0.005215
1756 0.004625 0.00526125
1757 0.008375 0.005345
1758 0.000375 0.00534125
1759 0.009125 0.00525
1760 0.010875 0.00535875
1761 0.010375 0.005255
1762 0.002875 0.00522625
1763 0.005875 0.005285
1764 0.015375 0.00513125
1765 0.016625 0.004965
1766 0.008375 0.00504875
1767 0.008375 0.0051325
1768 0.014125 0.00499125
1769 0.009625 0.0050875
1770 0.022875 0.00485875
1771 0.010875 0.0049675
1772 0.003375 0.00500125
1773 0.007125 0.0050725
1774 0.010375 0.00496875
1775 0.011625 0.0048525
1776 0.013375 0.00498625
1777 0.011625 0.00487
1778 0.002125 0.00489125
1779 0.020875 0.0051
1780 0.010375 0.00499625
1781 0.009125 0.004905
1782 0.000875 0.00491375
1783 0.020875 0.0051225
1784 0.016625 0.00495625
1785 0.005375 0.0049025
1786 0.006625 0.00483625
1787 0.007875 0.0047575
1788 0.005875 0.00481625
1789 0.000875 0.004825
1790 0.000875 0.00483375
1791 0.008375 0.0049175
1792 0.007125 0.00498875
1793 0.005875 0.0050475
1794 0.012125 0.00516875
1795 0.010375 0.005065
1796 0.009125 0.00497375
1797 0.000875 0.0049825
1798 0.004125 0.00494125
1799 0.005375 0.0048875
1800 0.013375 0.00502125
1801 0.002875 0.0049925
1802 0.004125 0.00495125
1803 0.010375 0.0048475
1804 0.007125 0.00491875
1805 0.007125 0.00499
1806 0.001625 0.00497375
1807 0.004625 0.00502
1808 0.003375 0.00505375
1809 0.010875 0.0051625
1810 0.011625 0.00504625
1811 0.010375 0.0049425
1812 0.004625 0.00498875
1813 0.004125 0.0049475
1814 0.012875 0.00481875
1815 0.002125 0.00484
1816 0.004625 0.00488625
1817 0.012875 0.0047575
1818 0.017875 0.00457875
1819 0.005875 0.0046375
1820 0.002875 0.00460875
1821 0.000875 0.0046175
1822 0.005375 0.00456375
1823 0.010875 0.0046725
1824 0.022125 0.00489375
1825 0.004625 0.00494
1826 0.011625 0.00482375
1827 0.006625 0.0047575
1828 0.013375 0.00489125
1829 0.017875 0.0047125
1830 0.002875 0.00468375
1831 0.004125 0.0046425
1832 0.014625 0.00478875
1833 0.000875 0.0047975
1834 0.010875 0.00490625
1835 0.002125 0.0049275
1836 0.005375 0.00487375
1837 0.005375 0.00482
1838 0.012875 0.00469125
1839 0.005875 0.00475
1840 0.002875 0.00472125
1841 0.009125 0.00463
1842 0.010875 0.00473875
1843 0.014625 0.004885
1844 0.013375 0.00501875
1845 0.009625 0.005115
1846 0.007875 0.00503625
1847 0.009125 0.004945
1848 0.010875 0.00505375
1849 0.005375 0.005
1850 0.000375 0.00499625
1851 0.000875 0.005005
1852 0.008375 0.00508875
1853 0.015375 0.004935
1854 0.001625 0.00491875
1855 0.014125 0.0047775
1856 0.014125 0.00463625
1857 0.014125 0.004495
1858 0.006625 0.00442875
1859 0.002125 0.00445
1860 0.003375 0.00448375
1861 0.009125 0.0043925
1862 0.019125 0.00420125
1863 0.011625 0.004085
1864 0.016625 0.00391875
1865 0.003375 0.0039525
1866 0.004625 0.00399875
1867 0.012125 0.00412
1868 0.025375 0.00386625
1869 0.002875 0.0038375
1870 0.026625 0.00357125
1871 0.010875 0.00368
1872 0.007125 0.00375125
1873 0.007125 0.0038225
1874 0.017875 0.00364375
1875 0.001625 0.0036275
1876 0.015375 0.00347375
1877 0.006625 0.0034075
1878 0.011625 0.00329125
1879 0.013375 0.003425
1880 0.014625 0.00357125
1881 0.000875 0.00358
1882 0.013375 0.00371375
1883 0.000875 0.0037225
1884 0.010875 0.00383125
1885 0.014125 0.00369
1886 0.019125 0.00349875
1887 0.006625 0.0034325
1888 0.004125 0.00339125
1889 0.004625 0.0034375
1890 0.004625 0.00348375
1891 0.000875 0.0034925
1892 0.025375 0.00323875
1893 0.009125 0.0031475
1894 0.008375 0.00323125
1895 0.000375 0.0032275
1896 0.004625 0.00327375
1897 0.002875 0.003245
1898 0.007125 0.00331625
1899 0.015375 0.0031625
1900 0.004625 0.00320875
1901 0.007125 0.00328
1902 0.013375 0.00341375
1903 0.005875 0.0034725
1904 0.011625 0.00335625
1905 0.007875 0.0032775
1906 0.017875 0.00309875
1907 0.001625 0.0030825
1908 0.004625 0.00312875
1909 0.014125 0.0029875
1910 0.026625 0.00272125
1911 0.009625 0.0028175
1912 0.016625 0.00265125
1913 0.005875 0.00271
1914 0.000875 0.00271875
1915 0.001625 0.0027025
1916 0.007125 0.00277375
1917 0.003375 0.0028075
1918 0.004125 0.00276625
1919 0.000375 0.0027625
1920 0.018375 0.00294625
1921 0.010375 0.0028425
1922 0.011625 0.00272625
1923 0.014125 0.002585
1924 0.001625 0.00256875
1925 0.015375 0.002415
1926 0.004125 0.00237375
1927 0.008375 0.0024575
1928 0.007875 0.00237875
1929 0.026625 0.0021125
1930 0.003375 0.00214625
1931 0.017875 0.0019675
1932 0.015375 0.00181375
1933 0.005875 0.0018725
1934 0.002125 0.00189375
1935 0.025375 0.00164
1936 0.019625 0.00183625
1937 0.005875 0.001895
1938 0.015875 0.00205375
1939 0.017875 0.001875
1940 0.000875 0.00188375
1941 0.012125 0.002005
1942 0.003375 0.00203875
1943 0.010875 0.0021475
1944 0.002875 0.00211875
1945 0.024625 0.002365
1946 0.005375 0.00231125
1947 0.017875 0.0021325
1948 0.004625 0.00217875
1949 0.002875 0.00215
1950 0.009625 0.00224625
1951 0.004125 0.002205
1952 0.002125 0.00222625
1953 0.008375 0.00231
1954 0.005375 0.00225625
1955 0.000375 0.0022525
1956 0.021625 0.00203625
1957 0.006625 0.00197
1958 0.003375 0.00200375
1959 0.004625 0.00205
1960 0.031625 0.00173375
1961 0.010375 0.00163
1962 0.000375 0.00162625
1963 0.008375 0.00171
1964 0.012875 0.00158125
1965 0.002875 0.0015525
1966 0.012125 0.00167375
1967 0.005875 0.0017325
1968 0.005875 0.00179125
1969 0.000375 0.0017875
1970 0.000375 0.00178375
1971 0.005875 0.0018425
1972 0.010875 0.00195125
1973 0.010375 0.0018475
1974 0.002875 0.00181875
1975 0.013375 0.0019525
1976 0.009125 0.00186125
1977 0.001625 0.001845
1978 0.016625 0.00167875
1979 0.015375 0.001525
1980 0.001625 0.00150875
1981 0.017875 0.00133
1982 0.002125 0.00135125
1983 0.000875 0.00136
1984 0.000375 0.00135625
1985 0.020875 0.001565
1986 0.009125 0.00147375
1987 0.007125 0.001545
1988 0.017875 0.00136625
1989 0.010375 0.0012625
1990 0.005875 0.00132125
1991 0.007875 0.0012425
1992 0.002125 0.00126375
1993 0.008375 0.0013475
1994 0.012875 0.00121875
1995 0.005875 0.0012775
1996 0.001625 0.00126125
1997 0.005875 0.00132
1998 0.029625 0.00161625
1999 0.016625 0.00145
2000 0.009125 0.00135875
2001 0.004625 0.001405
2002 0.010875 0.00151375
2003 0.006625 0.0014475
2004 0.005875 0.00150625
2005 0.014625 0.0016525
2006 0.017875 0.00147375
2007 0.018375 0.0016575
2008 0.015375 0.00150375
2009 0.002875 0.001475
2010 0.008375 0.00155875
2011 0.000875 0.0015675
2012 0.002875 0.00153875
2013 0.002125 0.00156
2014 0.013375 0.00169375
2015 0.017875 0.001515
2016 0.014625 0.00166125
2017 0.000875 0.00167
2018 0.000375 0.00166625
2019 0.019625 0.0018625
2020 0.001625 0.00184625
2021 0.005875 0.001905
2022 0.005375 0.00185125
2023 0.015375 0.0016975
2024 0.000875 0.00170625
2025 0.024125 0.001465
2026 0.017125 0.00163625
2027 0.012125 0.0017575
2028 0.002125 0.00177875
2029 0.002125 0.0018
2030 0.010875 0.00190875
2031 0.022125 0.00213
2032 0.005375 0.00207625
2033 0.019625 0.0022725
2034 0.019125 0.00208125
2035 0.014625 0.0022275
2036 0.012125 0.00234875
2037 0.024125 0.0021075
2038 0.002125 0.00212875
2039 0.019625 0.002325
2040 0.000375 0.00232125
2041 0.004625 0.0023675
2042 0.019125 0.00217625
2043 0.022875 0.0019475
2044 0.005875 0.00200625
2045 0.007875 0.0019275
2046 0.019625 0.00212375
2047 0.019125 0.0019325
2048 0.000375 0.00192875
2049 0.011625 0.0018125
2050 0.002875 0.00178375
2051 0.029625 0.00208
2052 0.009125 0.00198875
2053 0.009125 0.0018975
2054 0.004625 0.00194375
2055 0.014125 0.0018025
2056 0.004625 0.00184875
2057 0.009625 0.001945
2058 0.009625 0.00204125
2059 0.032875 0.0017125
2060 0.007125 0.00178375
2061 0.009125 0.0016925
2062 0.000875 0.00170125
2063 0.002875 0.0016725
2064 0.014125 0.00153125
2065 0.005375 0.0014775
2066 0.004125 0.00143625
2067 0.009625 0.0015325
2068 0.015375 0.00137875
2069 0.002125 0.0014
2070 0.015875 0.00155875
2071 0.007875 0.00148
2072 0.009625 0.00157625
2073 0.000375 0.0015725
2074 0.002875 0.00154375
2075 0.011625 0.0014275
2076 0.010375 0.00132375
2077 0.007125 0.001395
2078 0.012875 0.00126625
2079 0.006625 0.0012
2080 0.005375 0.00114625
2081 0.002125 0.0011675
2082 0.000375 0.00116375
2083 0.010375 0.00106
2084 0.014625 0.00120625
2085 0.019125 0.001015
2086 0.000375 0.00101125
2087 0.002875 0.000982500000001
2088 0.003375 0.00101625
2089 0.002875 0.000987500000001
2090 0.009625 0.00108375
2091 0.005375 0.00103
2092 0.022125 0.00125125
2093 0.004125 0.00121
2094 0.015375 0.00105625
2095 0.017125 0.0012275
2096 0.015375 0.00107375
2097 0.010375 0.000970000000001
2098 0.012875 0.000841250000001
2099 0.008375 0.000925000000001
2100 0.005875 0.000983750000001
2101 0.007125 0.001055
2102 0.000875 0.00106375
2103 0.019625 0.00126
2104 0.007125 0.00133125
2105 0.005875 0.00139
2106 0.014625 0.00153625
2107 0.021625 0.00132
2108 0.000375 0.00131625
2109 0.005875 0.001375
2110 0.005375 0.00132125
2111 0.020375 0.0011175
2112 0.013375 0.00125125
2113 0.007125 0.0013225
2114 0.012875 0.00119375
2115 0.016625 0.0010275
2116 0.000875 0.00103625
2117 0.003375 0.00107
2118 0.013375 0.00120375
2119 0.001625 0.0011875
2120 0.005375 0.00113375
2121 0.012875 0.001005
2122 0.007125 0.00107625
2123 0.020375 0.0008725
2124 0.005375 0.00081875
2125 0.005375 0.000765
2126 0.012125 0.00088625
2127 0.014125 0.000745
2128 0.004625 0.00079125
2129 0.017875 0.0006125
2130 0.000375 0.00060875
2131 0.011625 0.0004925
2132 0.015375 0.00033875
2133 0.022125 0.00056
2134 0.002125 0.00058125
2135 0.000875 0.00059
2136 0.009625 0.00068625
2137 0.003375 0.00072
2138 0.018375 0.00090375
2139 0.007125 0.000975
2140 0.031625 0.00065875
2141 0.005875 0.0007175
2142 0.005875 0.00077625
2143 0.017125 0.0009475
2144 0.008375 0.00103125
2145 0.012875 0.0009025
2146 0.016625 0.00073625
2147 0.010875 0.000845
2148 0.007125 0.00091625
2149 0.009625 0.0010125
2150 0.000875 0.00102125
2151 0.010375 0.0009175
2152 0.015375 0.00076375
2153 0.004125 0.0007225
2154 0.016625 0.00055625
2155 0.003375 0.00059
2156 0.012125 0.00071125
2157 0.000875 0.00072
2158 0.017125 0.00089125
2159 0.019125 0.0007
2160 0.007125 0.00077125
2161 0.018375 0.000955
2162 0.000875 0.00096375
2163 0.005875 0.0010225
2164 0.014625 0.00116875
2165 0.017125 0.00134
2166 0.004125 0.00129875
2167 0.001625 0.0012825
2168 0.010875 0.00139125
2169 0.004625 0.0014375
2170 0.006625 0.00137125
2171 0.006625 0.001305
2172 0.015875 0.00146375
2173 0.002875 0.001435
2174 0.000375 0.00143125
2175 0.005375 0.0013775
2176 0.007875 0.00129875
2177 0.027875 0.00102
2178 0.005375 0.00096625
2179 0.001625 0.00095
2180 0.012875 0.00082125
2181 0.009625 0.0009175
2182 0.014125 0.00077625
2183 0.008375 0.00086
2184 0.001625 0.00084375
2185 0.005375 0.00079
2186 0.002875 0.00076125
2187 0.007875 0.0006825
2188 0.019125 0.00049125
2189 0.015875 0.00065
2190 0.012875 0.00052125
2191 0.003375 0.000555
2192 0.009625 0.00065125
2193 0.007875 0.0005725
2194 0.000375 0.00056875
2195 0.001625 0.0005525
2196 0.005375 0.00049875
2197 0.005375 0.000445
2198 0.004625 0.00049125
2199 0.010375 0.0003875
2200 0.008375 0.000471249999999
2201 0.027875 0.000192499999999
2202 0.009125 0.000101249999999
2203 0.019125 9.00000000008e-05
2204 0.009625 6.2499999991e-06
2205 0.012875 0.000122500000001
2206 0.015875 3.62499999991e-05
2207 0.009125 5.5000000001e-05
2208 0.009625 4.12499999989e-05
2209 0.017125 0.000212499999999
2210 0.011625 9.62499999988e-05
2211 0.013375 0.000229999999999
2212 0.007125 0.000301249999999
2213 0.003375 0.000334999999999
2214 0.011625 0.000218749999999
2215 0.002875 0.000189999999999
2216 0.004625 0.000236249999999
2217 0.009625 0.000332499999999
2218 0.000375 0.000328749999999
2219 0.015875 0.000487499999999
2220 0.007875 0.000408749999999
2221 0.031625 9.24999999987e-05
2222 0.005875 0.000151249999999
2223 0.019125 4.00000000014e-05
2224 0.005875 1.87499999986e-05
2225 0.001625 2.49999999857e-06
2226 0.010875 0.000111249999999
2227 0.028375 0.000394999999999
2228 0.005875 0.000453749999999
2229 0.005875 0.000512499999999
2230 0.003375 0.000546249999999
2231 0.019125 0.000354999999999
2232 0.012875 0.000226249999999
2233 0.010375 0.000122499999998
2234 0.002875 9.37499999984e-05
2235 0.006625 2.74999999985e-05
2236 0.002125 4.87499999986e-05
2237 0.006625 1.75000000013e-05
2238 0.010375 0.000121250000001
2239 0.000875 0.000112500000002
2240 0.008375 2.87500000016e-05
2241 0.006625 9.50000000015e-05
2242 0.007125 2.37500000015e-05
2243 0.002125 2.50000000146e-06
2244 0.003375 3.12499999986e-05
2245 0.006625 3.50000000013e-05
2246 0.009625 6.12499999986e-05
2247 0.004125 1.99999999986e-05
2248 0.015875 0.000178749999999
2249 0.005875 0.000237499999999
2250 0.004125 0.000196249999999
2251 0.004125 0.000154999999999
2252 0.005875 0.000213749999999
2253 0.005875 0.000272499999999
2254 0.014625 0.000418749999999
2255 0.014625 0.000564999999999
2256 0.000375 0.000561249999999
2257 0.003375 0.000594999999999
2258 0.012875 0.000466249999999
2259 0.007125 0.000537499999999
2260 0.009625 0.000633749999998
2261 0.009625 0.000729999999998
2262 0.012875 0.000601249999998
2263 0.003375 0.000634999999998
2264 0.002125 0.000656249999998
2265 0.000375 0.000652499999998
2266 0.003375 0.000686249999998
2267 0.000375 0.000682499999998
2268 0.009625 0.000778749999998
2269 0.009125 0.000687499999998
2270 0.004125 0.000646249999998
2271 0.029625 0.000942499999998
2272 0.018375 0.00112625
2273 0.004625 0.0011725
2274 0.000875 0.00118125
2275 0.000875 0.00119
2276 0.021625 0.000973749999998
2277 0.002125 0.000994999999998
2278 0.016625 0.000828749999998
2279 0.007875 0.000749999999998
2280 0.001625 0.000733749999998
2281 0.007125 0.000804999999998
2282 0.005375 0.000751249999998
2283 0.010375 0.000647499999998
2284 0.018375 0.000831249999998
2285 0.007875 0.000752499999998
2286 0.002875 0.000723749999998
2287 0.001625 0.000707499999998
2288 0.005875 0.000766249999998
2289 0.008375 0.000849999999998
2290 0.008375 0.000933749999998
2291 0.005875 0.000992499999998
2292 0.009625 0.00108875
2293 0.017875 0.000909999999998
2294 0.003375 0.000943749999998
2295 0.014125 0.000802499999998
2296 0.004125 0.000761249999998
2297 0.006625 0.000694999999998
2298 0.005875 0.000753749999998
2299 0.002875 0.000724999999998
2300 0.008375 0.000808749999998
2301 0.005875 0.000867499999998
2302 0.007125 0.000938749999998
2303 0.007875 0.000859999999998
2304 0.027875 0.000581249999998
2305 0.024625 0.000827499999998
2306 0.004625 0.000873749999998
2307 0.014625 0.00102
2308 0.002875 0.000991249999998
2309 0.009625 0.0010875
2310 0.012875 0.000958749999998
2311 0.000875 0.000967499999998
2312 0.017125 0.00113875
2313 0.008375 0.0012225
2314 0.012875 0.00109375
2315 0.002125 0.001115
2316 0.026625 0.000848749999998
2317 0.001625 0.000832499999998
2318 0.002875 0.000803749999998
2319 0.009125 0.000712499999998
2320 0.014125 0.000571249999998
2321 0.012125 0.000692499999998
2322 0.004125 0.000651249999998
2323 0.005375 0.000597499999998
2324 0.012875 0.000468749999998
2325 0.007875 0.000389999999998
2326 0.004125 0.000348749999998
2327 0.005375 0.000294999999998
2328 0.002125 0.000316249999998
2329 0.014125 0.000174999999998
2330 0.029625 0.000471249999998
2331 0.005375 0.000417499999998
2332 0.013375 0.000551249999998
2333 0.000875 0.000559999999998
2334 0.007125 0.000631249999998
2335 0.005375 0.000577499999998
2336 0.015375 0.000423749999998
2337 0.003375 0.000457499999998
2338 0.029625 0.000753749999998
2339 0.007875 0.000674999999998
2340 0.014625 0.000821249999998
2341 0.021625 0.000604999999998
2342 0.004625 0.000651249999998
2343 0.014625 0.000797499999998
2344 0.000875 0.000806249999998
2345 0.002875 0.000777499999998
2346 0.009625 0.000873749999998
2347 0.009625 0.000969999999998
2348 0.005375 0.000916249999998
2349 0.020875 0.001125
2350 0.009625 0.00122125
2351 0.020375 0.0010175
2352 0.020375 0.000813749999998
2353 0.004625 0.000859999999998
2354 0.005875 0.000918749999998
2355 0.005875 0.000977499999998
2356 0.016625 0.000811249999998
2357 0.000875 0.000819999999998
2358 0.000375 0.000816249999998
2359 0.009125 0.000724999999998
2360 0.002125 0.000746249999998
2361 0.006625 0.000679999999998
2362 0.002875 0.000651249999998
2363 0.024125 0.000409999999998
2364 0.011625 0.000293749999998
2365 0.027875 1.49999999979e-05
2366 0.007125 8.62499999978e-05
2367 0.003375 0.000119999999998
2368 0.002875 9.12499999979e-05
2369 0.002875 6.24999999979e-05
2370 0.006625 3.75000000208e-06
2371 0.017125 0.000167499999998
2372 0.009125 7.62499999978e-05
2373 0.000875 8.49999999977e-05
2374 0.001625 6.87499999976e-05
2375 0.008375 0.000152499999998
2376 0.022875 7.62500000024e-05
2377 0.007875 0.000155000000002
2378 0.018375 2.87499999976e-05
2379 0.013375 0.000162499999998
2380 0.014125 2.12499999976e-05
2381 0.005375 3.25000000023e-05
2382 0.006625 9.87500000023e-05
2383 0.010875 9.99999999785e-06
2384 0.005875 6.87499999978e-05
2385 0.000375 6.49999999978e-05
2386 0.014625 0.000211249999998
2387 0.002875 0.000182499999998
2388 0.002125 0.000203749999998
2389 0.009125 0.000112499999998
2390 0.007125 0.000183749999998
2391 0.001625 0.000167499999998
2392 0.012125 0.000288749999998
2393 0.004125 0.000247499999998
2394 0.035875 0.000606249999998
2395 0.007125 0.000677499999998
2396 0.005875 0.000736249999998
2397 0.000875 0.000744999999998
2398 0.000375 0.000741249999997
2399 0.000875 0.000749999999997
2400 0.019625 0.000946249999997
2401 0.010875 0.001055
2402 0.017125 0.00122625
2403 0.017125 0.0013975
2404 0.007125 0.00146875
2405 0.004125 0.0014275
2406 0.006625 0.00136125
2407 0.011625 0.001245
2408 0.011625 0.00112875
2409 0.015875 0.0012875
2410 0.014625 0.00143375
2411 0.010375 0.00133
2412 0.017125 0.00150125
2413 0.025875 0.00176
2414 0.005875 0.00181875
2415 0.005875 0.0018775
2416 0.000375 0.00187375
2417 0.003375 0.0019075
2418 0.000875 0.00191625
2419 0.005375 0.0018625
2420 0.004625 0.00190875
2421 0.016625 0.0017425
2422 0.003375 0.00177625
2423 0.019125 0.001585
2424 0.000875 0.00159375
2425 0.010375 0.00149
2426 0.000375 0.00148625
2427 0.009625 0.0015825
2428 0.001625 0.00156625
2429 0.002125 0.0015875
2430 0.006625 0.00152125
2431 0.003375 0.001555
2432 0.004625 0.00160125
2433 0.006625 0.001535
2434 0.017875 0.00135625
2435 0.005375 0.0013025
2436 0.028375 0.00158625
2437 0.004625 0.0016325
2438 0.000875 0.00164125
2439 0.002875 0.0016125
2440 0.003375 0.00164625
2441 0.018375 0.00183
2442 0.010375 0.00172625
2443 0.004125 0.001685
2444 0.007875 0.00160625
2445 0.010875 0.001715
2446 0.004125 0.00167375
2447 0.005875 0.0017325
2448 0.002125 0.00175375
2449 0.014125 0.0016125
2450 0.018375 0.00179625
2451 0.006625 0.00173
2452 0.012875 0.00160125
2453 0.010875 0.00171
2454 0.001625 0.00169375
2455 0.002875 0.001665
2456 0.020375 0.00146125
2457 0.019625 0.0016575
2458 0.002875 0.00162875
2459 0.000375 0.001625
2460 0.005375 0.00157125
2461 0.007125 0.0016425
2462 0.005375 0.00158875
2463 0.004125 0.0015475
2464 0.001625 0.00153125
2465 0.010875 0.00164
2466 0.029625 0.00193625
2467 0.002125 0.0019575
2468 0.009125 0.00186625
2469 0.000375 0.0018625
2470 0.009125 0.00177125
2471 0.003375 0.001805
2472 0.009125 0.00171375
2473 0.009125 0.0016225
2474 0.005375 0.00156875
2475 0.013375 0.0017025
2476 0.029125 0.00141125
2477 0.008375 0.001495
2478 0.025875 0.00175375
2479 0.005375 0.0017
2480 0.009125 0.00160875
2481 0.001625 0.0015925
2482 0.003375 0.00162625
2483 0.005875 0.001685
2484 0.006625 0.00161875
2485 0.012125 0.00174
2486 0.009125 0.00164875
2487 0.014625 0.001795
2488 0.014125 0.00165375
2489 0.005875 0.0017125
2490 0.004625 0.00175875
2491 0.009125 0.0016675
2492 0.007875 0.00158875
2493 0.010875 0.0016975
2494 0.021625 0.00148125
2495 0.002125 0.0015025
2496 0.003375 0.00153625
2497 0.009625 0.0016325
2498 0.013375 0.00176625
2499 0.000375 0.0017625
2500 0.014625 0.00190875
2501 0.013375 0.0020425
2502 0.016625 0.00187625
2503 0.002125 0.0018975
2504 0.010875 0.00200625
2505 0.007875 0.0019275
2506 0.003375 0.00196125
2507 0.004625 0.0020075
2508 0.005375 0.00195375
2509 0.019125 0.0017625
2510 0.005875 0.00182125
2511 0.012875 0.0016925
2512 0.009625 0.00178875
2513 0.007125 0.00186
2514 0.010375 0.00175625
2515 0.006625 0.00169
2516 0.017125 0.00186125
2517 0.003375 0.001895
2518 0.012125 0.00201625
2519 0.000875 0.002025
2520 0.005375 0.00197125
2521 0.008375 0.002055
2522 0.012125 0.00217625
2523 0.017125 0.0023475
2524 0.014625 0.00249375
2525 0.013375 0.0026275
2526 0.000375 0.00262375
2527 0.000875 0.0026325
2528 0.021625 0.00241625
2529 0.003375 0.00245
2530 0.017875 0.00227125
2531 0.005375 0.0022175
2532 0.000875 0.00222625
2533 0.002875 0.0021975
2534 0.019125 0.00200625
2535 0.007125 0.0020775
2536 0.019625 0.00227375
2537 0.002125 0.002295
2538 0.019125 0.00210375
2539 0.022875 0.001875
2540 0.005375 0.00182125
2541 0.004625 0.0018675
2542 0.006625 0.00180125
2543 0.003375 0.001835
2544 0.005875 0.00189375
2545 0.009125 0.0018025
2546 0.006625 0.00173625
2547 0.004125 0.001695
2548 0.008375 0.00177875
2549 0.000875 0.0017875
2550 0.002125 0.00180875
2551 0.025875 0.0020675
2552 0.017125 0.00223875
2553 0.004625 0.002285
2554 0.004125 0.00224375
2555 0.009125 0.0021525
2556 0.008375 0.00223625
2557 0.020875 0.002445
2558 0.007125 0.00251625
2559 0.009625 0.0026125
2560 0.004625 0.00265875
2561 0.002125 0.00268
2562 0.015375 0.00252625
2563 0.009625 0.0026225
2564 0.007875 0.00254375
2565 0.006625 0.0024775
2566 0.002875 0.00244875
2567 0.031625 0.0021325
2568 0.008375 0.00221625
2569 0.017875 0.0020375
2570 0.000375 0.00203375
2571 0.000875 0.0020425
2572 0.012125 0.00216375
2573 0.018375 0.0023475
2574 0.014625 0.00249375
2575 0.000375 0.00249
2576 0.006625 0.00242375
2577 0.008375 0.0025075
2578 0.005875 0.00256625
2579 0.008375 0.00265
2580 0.002875 0.00262125
2581 0.016625 0.002455
2582 0.005375 0.00240125
2583 0.017125 0.0025725
2584 0.010875 0.00268125
2585 0.005375 0.0026275
2586 0.004125 0.00258625
2587 0.009125 0.002495
2588 0.002875 0.00246625
2589 0.008375 0.00255
2590 0.002125 0.00257125
2591 0.004625 0.0026175
2592 0.000875 0.00262625
2593 0.012125 0.0027475
2594 0.004625 0.00279375
2595 0.012125 0.002915
2596 0.007125 0.00298625
2597 0.004125 0.002945
2598 0.004625 0.00299125
2599 0.001625 0.002975
2600 0.016625 0.00280875
2601 0.009125 0.0027175
2602 0.000375 0.00271375
2603 0.002125 0.002735
2604 0.012875 0.00260625
2605 0.005875 0.002665
2606 0.000375 0.00266125
2607 0.032125 0.0029825
2608 0.004125 0.00294125
2609 0.005375 0.0028875
2610 0.025375 0.00263375
2611 0.002875 0.002605
2612 0.023375 0.00283875
2613 0.005375 0.002785
2614 0.007125 0.00285625
2615 0.003375 0.00289
2616 0.003375 0.00292375
2617 0.013375 0.0030575
2618 0.017125 0.00322875
2619 0.014125 0.0030875
2620 0.013375 0.00322125
2621 0.000875 0.00323
2622 0.008375 0.00331375
2623 0.017125 0.003485
2624 0.002125 0.00350625
2625 0.009625 0.0036025
2626 0.007875 0.00352375
2627 0.007125 0.003595
2628 0.010875 0.00370375
2629 0.013375 0.0038375
2630 0.009125 0.00374625
2631 0.012875 0.0036175
2632 0.001625 0.00360125
2633 0.000875 0.00361
2634 0.004125 0.00356875
2635 0.007125 0.00364
2636 0.011625 0.00352375
2637 0.006625 0.0034575
2638 0.004125 0.00341625
2639 0.000375 0.0034125
2640 0.007125 0.00348375
2641 0.000875 0.0034925
2642 0.002875 0.00346375
2643 0.022125 0.003685
2644 0.015375 0.00353125
2645 0.006625 0.003465
2646 0.012125 0.00358625
2647 0.028375 0.00387
2648 0.003375 0.00390375
2649 0.011625 0.0037875
2650 0.004625 0.00383375
2651 0.003375 0.0038675
2652 0.016625 0.00370125
2653 0.012125 0.0038225
2654 0.005375 0.00376875
2655 0.012875 0.00364
2656 0.021625 0.00342375
2657 0.008375 0.0035075
2658 0.009125 0.00341625
2659 0.011625 0.0033
2660 0.007125 0.00337125
2661 0.007125 0.0034425
2662 0.004625 0.00348875
2663 0.009625 0.003585
2664 0.000875 0.00359375
2665 0.001625 0.0035775
2666 0.000875 0.00358625
2667 0.000375 0.0035825
2668 0.014125 0.00344125
2669 0.013375 0.003575
2670 0.004125 0.00353375
2671 0.008375 0.0036175
2672 0.007125 0.00368875
2673 0.014125 0.0035475
2674 0.022875 0.00331875
2675 0.007875 0.00324
2676 0.005375 0.00318625
2677 0.022875 0.0029575
2678 0.013375 0.00309125
2679 0.011625 0.002975
2680 0.020875 0.00318375
2681 0.003375 0.0032175
2682 0.008375 0.00330125
2683 0.018375 0.003485
2684 0.011625 0.00336875
2685 0.005875 0.0034275
2686 0.002125 0.00344875
2687 0.000875 0.0034575
2688 0.001625 0.00344125
2689 0.001625 0.003425
2690 0.001625 0.00340875
2691 0.001625 0.0033925
2692 0.008375 0.00347625
2693 0.014125 0.003335
2694 0.015375 0.00318125
2695 0.011625 0.003065
2696 0.015875 0.00322375
2697 0.022875 0.002995
2698 0.000875 0.00300375
2699 0.004625 0.00305
2700 0.012125 0.00317125
2701 0.009625 0.0032675
2702 0.014125 0.00312625
2703 0.004625 0.0031725
2704 0.007875 0.00309375
2705 0.004125 0.0030525
2706 0.002875 0.00302375
2707 0.000375 0.00302
2708 0.004625 0.00306625
2709 0.001625 0.00305
2710 0.027875 0.00277125
2711 0.007125 0.0028425
2712 0.011625 0.00272625
2713 0.022875 0.0024975
2714 0.004625 0.00254375
2715 0.010375 0.00244
2716 0.007875 0.00236125
2717 0.005375 0.0023075
2718 0.000875 0.00231625
2719 0.010875 0.002425
2720 0.004125 0.00238375
2721 0.019125 0.0021925
2722 0.001625 0.00217625
2723 0.012875 0.0020475
2724 0.000375 0.00204375
2725 0.004125 0.0020025
2726 0.016625 0.00183625
2727 0.011625 0.00172
2728 0.017125 0.00189125
2729 0.000375 0.0018875
2730 0.006625 0.00182125
2731 0.006625 0.001755
2732 0.004625 0.00180125
2733 0.010875 0.00191
2734 0.014625 0.00205625
2735 0.009125 0.001965
2736 0.013375 0.00209875
2737 0.014625 0.002245
2738 0.000375 0.00224125
2739 0.018375 0.002425
2740 0.011625 0.00230875
2741 0.002875 0.00228
2742 0.022875 0.00205125
2743 0.008375 0.002135
2744 0.002875 0.00210625
2745 0.007125 0.0021775
2746 0.002125 0.00219875
2747 0.000875 0.0022075
2748 0.012125 0.00232875
2749 0.015375 0.002175
2750 0.005375 0.00212125
2751 0.005875 0.00218
2752 0.005375 0.00212625
2753 0.009125 0.002035
2754 0.001625 0.00201875
2755 0.009125 0.0019275
2756 0.017125 0.00209875
2757 0.028375 0.0023825
2758 0.005875 0.00244125
2759 0.017875 0.0022625
2760 0.004625 0.00230875
2761 0.000875 0.0023175
2762 0.012125 0.00243875
2763 0.019125 0.0022475
2764 0.013375 0.00238125
2765 0.004625 0.0024275
2766 0.020375 0.00222375
2767 0.009625 0.00231999999999
2768 0.003375 0.00235375
2769 0.005875 0.0024125
2770 0.015875 0.00257125
2771 0.004625 0.0026175
2772 0.000375 0.00261374999999
2773 0.000875 0.00262249999999
2774 0.000875 0.00263124999999
2775 0.005375 0.00257749999999
2776 0.017875 0.00239874999999
2777 0.005875 0.00245749999999
2778 0.002125 0.00247874999999
2779 0.000875 0.00248749999999
2780 0.004625 0.00253374999999
2781 0.001625 0.00251749999999
2782 0.019125 0.00232624999999
2783 0.030875 0.00263499999999
2784 0.002875 0.00260624999999
2785 0.009625 0.00270249999999
2786 0.026625 0.00243624999999
2787 0.014125 0.00229499999999
2788 0.020375 0.00209124999999
2789 0.002125 0.00211249999999
2790 0.023375 0.00234624999999
2791 0.001625 0.00232999999999
2792 0.016625 0.00216374999999
2793 0.010375 0.00205999999999
2794 0.010375 0.00195624999999
2795 0.004125 0.00191499999999
2796 0.001625 0.00189874999999
2797 0.005375 0.00184499999999
2798 0.015375 0.00169124999999
2799 0.004125 0.00164999999999
2800 0.017875 0.00147124999999
2801 0.017125 0.00164249999999
2802 0.013375 0.00177624999999
2803 0.013375 0.00190999999999
2804 0.034125 0.00156875
2805 0.004625 0.001615
2806 0.019125 0.00142374999999
2807 0.010875 0.0015325
2808 0.011625 0.00141625
2809 0.010375 0.00131249999999
2810 0.017125 0.00148374999999
2811 0.019625 0.00167999999999
2812 0.012875 0.00155124999999
2813 0.003375 0.00158499999999
2814 0.009625 0.00168124999999
2815 0.003375 0.00171499999999
2816 0.000375 0.00171124999999
2817 0.001625 0.00169499999999
2818 0.011625 0.00157874999999
2819 0.004125 0.00153749999999
2820 0.005375 0.00148374999999
2821 0.005875 0.00154249999999
2822 0.010375 0.00143874999999
2823 0.001625 0.00142249999999
2824 0.014125 0.00128124999999
2825 0.002875 0.00125249999999
2826 0.014125 0.00111124999999
2827 0.008375 0.00119499999999
2828 0.017125 0.00136624999999
2829 0.010375 0.00126249999999
2830 0.015375 0.00110874999999
2831 0.005375 0.00105499999999
2832 0.007125 0.00112624999999
2833 0.005875 0.00118499999999
2834 0.003375 0.00121874999999
2835 0.000375 0.00121499999999
2836 0.008375 0.00129874999999
2837 0.022125 0.00151999999999
2838 0.005875 0.00157874999999
2839 0.005875 0.00163749999999
2840 0.020375 0.00143374999999
2841 0.019125 0.00124249999999
2842 0.007875 0.00116374999999
2843 0.012875 0.00103499999999
2844 0.003375 0.00106874999999
2845 0.008375 0.00115249999999
2846 0.005375 0.00109874999999
2847 0.004625 0.00114499999999
2848 0.020875 0.00135374999999
2849 0.014125 0.00121249999999
2850 0.005875 0.00127124999999
2851 0.022125 0.00149249999999
2852 0.007875 0.00141374999999
2853 0.009125 0.00132249999999
2854 0.006625 0.00125624999999
2855 0.025875 0.00151499999999
2856 0.000875 0.00152374999999
2857 0.003375 0.00155749999999
2858 0.009125 0.00146624999999
2859 0.010875 0.00157499999999
2860 0.010875 0.00168374999999
2861 0.008375 0.00176749999999
2862 0.009125 0.00167624999999
2863 0.002125 0.00169749999999
2864 0.014125 0.00155624999999
2865 0.002125 0.00157749999999
2866 0.011625 0.00146124999999
2867 0.027875 0.00118249999999
2868 0.002125 0.00120374999999
2869 0.004625 0.00124999999999
2870 0.026625 0.000983749999995
2871 0.009625 0.00107999999999
2872 0.017875 0.000901249999995
2873 0.000375 0.000897499999995
2874 0.006625 0.000831249999995
2875 0.006625 0.000764999999995
2876 0.007875 0.000686249999995
2877 0.009125 0.000594999999995
2878 0.022125 0.000816249999995
2879 0.007875 0.000737499999995
2880 0.011625 0.000621249999995
2881 0.002875 0.000592499999995
2882 0.000375 0.000588749999995
2883 0.003375 0.000622499999995
2884 0.001625 0.000606249999995
2885 0.004125 0.000564999999995
2886 0.005375 0.000511249999995
2887 0.010375 0.000407499999995
2888 0.014625 0.000553749999995
2889 0.017875 0.000374999999995
2890 0.009625 0.000471249999995
2891 0.003375 0.000504999999995
2892 0.009125 0.000413749999995
2893 0.017125 0.000584999999995
2894 0.002125 0.000606249999995
2895 0.001625 0.000589999999995
2896 0.004625 0.000636249999995
2897 0.014625 0.000782499999995
2898 0.012125 0.000903749999995
2899 0.001625 0.000887499999995
2900 0.010375 0.000783749999995
2901 0.005875 0.000842499999995
2902 0.020875 0.00105124999999
2903 0.005375 0.000997499999995
2904 0.003375 0.00103124999999
2905 0.004625 0.00107749999999
2906 0.003375 0.00111125
2907 0.012875 0.000982499999995
2908 0.009125 0.000891249999995
2909 0.012875 0.000762499999995
2910 0.009625 0.000858749999995
2911 0.007875 0.000779999999995
2912 0.004125 0.000738749999995
2913 0.000375 0.000734999999995
2914 0.028375 0.00101874999999
2915 0.010875 0.00112749999999
2916 0.012125 0.00124874999999
2917 0.016625 0.00108249999999
2918 0.021625 0.000866249999995
2919 0.003375 0.000899999999995
2920 0.010375 0.000796249999995
2921 0.004125 0.000754999999995
2922 0.000875 0.000763749999995
2923 0.023375 0.000997499999995
2924 0.011625 0.000881249999995
2925 0.010875 0.000989999999995
2926 0.007125 0.00106124999999
2927 0.012125 0.00118249999999
2928 0.010375 0.00107874999999
2929 0.001625 0.00106249999999
2930 0.004625 0.00110874999999
2931 0.024125 0.000867499999995
2932 0.011625 0.000751249999995
2933 0.019125 0.000559999999995
2934 0.006625 0.000493749999995
2935 0.007875 0.000414999999995
2936 0.003375 0.000448749999995
2937 0.007125 0.000519999999995
2938 0.007125 0.000591249999995
2939 0.012125 0.000712499999995
2940 0.001625 0.000696249999995
2941 0.023375 0.000929999999995
2942 0.009125 0.000838749999995
2943 0.013375 0.000972499999995
2944 0.005875 0.00103124999999
2945 0.017875 0.000852499999995
2946 0.005875 0.000911249999995
2947 0.000875 0.000919999999995
2948 0.001625 0.000903749999995
2949 0.012125 0.00102499999999
2950 0.010375 0.000921249999995
2951 0.003375 0.000954999999995
2952 0.005875 0.00101374999999
2953 0.009625 0.00110999999999
2954 0.001625 0.00109374999999
2955 0.017125 0.00126499999999
2956 0.012875 0.00113624999999
2957 0.010375 0.00103249999999
2958 0.000375 0.00102874999999
2959 0.001625 0.00101249999999
2960 0.002125 0.00103374999999
2961 0.012125 0.00115499999999
2962 0.002875 0.00112624999999
2963 0.007875 0.00104749999999
2964 0.009625 0.00114374999999
2965 0.008375 0.00122749999999
2966 0.024625 0.00147374999999
2967 0.007875 0.00139499999999
2968 0.002125 0.00141624999999
2969 0.026625 0.00114999999999
2970 0.003375 0.00118374999999
2971 0.000875 0.00119249999999
2972 0.017875 0.00101374999999
2973 0.000375 0.00100999999999
2974 0.005875 0.00106874999999
2975 0.002875 0.00103999999999
2976 0.001625 0.00102374999999
2977 0.018375 0.00120749999999
2978 0.010875 0.00131624999999
2979 0.012125 0.00143749999999
2980 0.007125 0.00150874999999
2981 0.007875 0.00142999999999
2982 0.013375 0.00156374999999
2983 0.002875 0.00153499999999
2984 0.020875 0.00174375
2985 0.010375 0.00163999999999
2986 0.004125 0.00159874999999
2987 0.004125 0.00155749999999
2988 0.009625 0.00165374999999
2989 0.011625 0.00153749999999
2990 0.012125 0.00165874999999
2991 0.007125 0.00172999999999
2992 0.031625 0.00141374999999
2993 0.011625 0.00129749999999
2994 0.005875 0.00135624999999
2995 0.009625 0.00145249999999
2996 0.011625 0.00133624999999
2997 0.012125 0.00145749999999
2998 0.007875 0.00137874999999
2999 0.007125 0.00144999999999
#theta_true= 1.1 theta_estimated= 1.10145
