0 0.609884785178
1 0.607064979343
2 0.604265335087
3 0.601485661234
4 0.598725769676
5 0.595985475304
6 0.593264595942
7 0.590562952275
8 0.587880367789
9 0.585216668708
10 0.58257168393
11 0.57994524497
12 0.577337185902
13 0.574747343305
14 0.572175556204
15 0.569621666023
16 0.567085516531
17 0.56456695379
18 0.562065826111
19 0.559581984002
20 0.557115280128
21 0.554665569259
22 0.552232708233
23 0.549816555911
24 0.547416973134
25 0.545033822686
26 0.542666969253
27 0.540316279386
28 0.537981621464
29 0.535662865656
30 0.533359883886
31 0.531072549802
32 0.528800738739
33 0.526544327687
34 0.524303195259
35 0.522077221661
36 0.519866288663
37 0.517670279564
38 0.515489079168
39 0.513322573755
40 0.511170651053
41 0.509033200209
42 0.506910111768
43 0.504801277641
44 0.502706591084
45 0.500625946673
46 0.498559240281
47 0.49650636905
48 0.494467231375
49 0.492441726875
50 0.490429756378
51 0.488431221893
52 0.486446026593
53 0.484474074794
54 0.482515271937
55 0.480569524562
56 0.478636740297
57 0.476716827834
58 0.474809696912
59 0.472915258301
60 0.471033423781
61 0.469164106127
62 0.467307219094
63 0.465462677395
64 0.463630396692
65 0.461810293574
66 0.460002285545
67 0.458206291009
68 0.456422229253
69 0.454650020433
70 0.452889585563
71 0.451140846496
72 0.449403725913
73 0.447678147312
74 0.445964034988
75 0.444261314028
76 0.442569910293
77 0.440889750408
78 0.439220761747
79 0.437562872426
80 0.435916011287
81 0.434280107889
82 0.432655092493
83 0.431040896057
84 0.429437450221
85 0.427844687294
86 0.426262540252
87 0.424690942718
88 0.423129828958
89 0.42157913387
90 0.420038792972
91 0.418508742397
92 0.416988918877
93 0.41547925974
94 0.4139797029
95 0.412490186842
96 0.411010650623
97 0.409541033856
98 0.408081276702
99 0.406631319868
100 0.40519110459
101 0.403760572634
102 0.402339666279
103 0.400928328318
104 0.399526502044
105 0.398134131245
106 0.396751160198
107 0.395377533658
108 0.394013196856
109 0.392658095485
110 0.391312175703
111 0.389975384116
112 0.388647667777
113 0.38732897418
114 0.386019251252
115 0.384718447343
116 0.383426511229
117 0.382143392095
118 0.380869039539
119 0.379603403558
120 0.378346434547
121 0.377098083292
122 0.375858300965
123 0.374627039115
124 0.373404249668
125 0.372189884917
126 0.37098389752
127 0.369786240493
128 0.368596867204
129 0.367415731371
130 0.366242787054
131 0.365077988652
132 0.363921290898
133 0.362772648851
134 0.361632017899
135 0.360499353745
136 0.359374612411
137 0.358257750225
138 0.357148723827
139 0.356047490153
140 0.354954006442
141 0.353868230223
142 0.352790119316
143 0.351719631826
144 0.35065672614
145 0.349601360922
146 0.34855349511
147 0.347513087911
148 0.3464800988
149 0.345454487512
150 0.344436214044
151 0.343425238645
152 0.342421521818
153 0.341425024314
154 0.34043570713
155 0.339453531501
156 0.338478458904
157 0.337510451051
158 0.336549469883
159 0.335595477573
160 0.334648436518
161 0.333708309338
162 0.332775058874
163 0.331848648181
164 0.330929040531
165 0.330016199406
166 0.329110088494
167 0.328210671693
168 0.3273179131
169 0.326431777014
170 0.325552227931
171 0.324679230542
172 0.323812749732
173 0.322952750573
174 0.322099198326
175 0.32125205844
176 0.320411296541
177 0.319576878442
178 0.318748770128
179 0.317926937765
180 0.31711134769
181 0.316301966412
182 0.31549876061
183 0.314701697131
184 0.313910742987
185 0.313125865352
186 0.312347031562
187 0.311574209115
188 0.310807365663
189 0.310046469015
190 0.309291487135
191 0.308542388138
192 0.307799140289
193 0.307061712003
194 0.306330071839
195 0.305604188506
196 0.304884030851
197 0.304169567868
198 0.303460768688
199 0.302757602583
200 0.30206003896
201 0.301368047365
202 0.300681597476
203 0.300000659105
204 0.299325202197
205 0.298655196824
206 0.29799061319
207 0.297331421626
208 0.296677592588
209 0.296029096659
210 0.295385904546
211 0.294747987077
212 0.294115315204
213 0.293487859996
214 0.292865592645
215 0.29224848446
216 0.291636506867
217 0.291029631408
218 0.290427829741
219 0.289831073637
220 0.289239334981
221 0.288652585771
222 0.288070798115
223 0.287493944233
224 0.286921996453
225 0.286354927213
226 0.285792709059
227 0.285235314644
228 0.284682716726
229 0.284134888171
230 0.283591801948
231 0.283053431132
232 0.282519748899
233 0.28199072853
234 0.281466343408
235 0.280946567015
236 0.280431372937
237 0.279920734859
238 0.279414626566
239 0.278913021941
240 0.278415894967
241 0.277923219724
242 0.27743497039
243 0.276951121241
244 0.276471646647
245 0.275996521077
246 0.275525719094
247 0.275059215356
248 0.274596984616
249 0.274139001723
250 0.273685241617
251 0.273235679334
252 0.272790290003
253 0.272349048845
254 0.271911931174
255 0.271478912395
256 0.271049968008
257 0.270625073601
258 0.270204204856
259 0.269787337546
260 0.269374447531
261 0.268965510768
262 0.268560503298
263 0.268159401257
264 0.267762180867
265 0.267368818442
266 0.266979290386
267 0.26659357319
268 0.266211643435
269 0.265833477791
270 0.265459053018
271 0.265088345963
272 0.264721333562
273 0.264357992839
274 0.263998300907
275 0.263642234965
276 0.263289772304
277 0.262940890298
278 0.262595566413
279 0.262253778199
280 0.261915503296
281 0.261580719431
282 0.261249404418
283 0.260921536159
284 0.260597092642
285 0.260276051942
286 0.259958392224
287 0.259644091738
288 0.25933312882
289 0.259025481895
290 0.258721129474
291 0.258420050155
292 0.258122222624
293 0.257827625651
294 0.257536238097
295 0.257248038906
296 0.256963007111
297 0.256681121831
298 0.256402362271
299 0.256126707726
300 0.255854137573
301 0.255584631279
302 0.255318168398
303 0.255054728568
304 0.254794291516
305 0.254536837055
306 0.254282345085
307 0.254030795593
308 0.25378216865
309 0.253536444418
310 0.253293603143
311 0.253053625158
312 0.252816490883
313 0.252582180825
314 0.252350675577
315 0.25212195582
316 0.25189600232
317 0.25167279593
318 0.251452317592
319 0.251234548331
320 0.251019469261
321 0.250807061583
322 0.250597306584
323 0.250390185636
324 0.250185680201
325 0.249983771825
326 0.249784442141
327 0.24958767287
328 0.249393445818
329 0.249201742879
330 0.249012546032
331 0.248825837343
332 0.248641598965
333 0.248459813138
334 0.248280462187
335 0.248103528524
336 0.247928994647
337 0.247756843142
338 0.247587056678
339 0.247419618015
340 0.247254509994
341 0.247091715545
342 0.246931217684
343 0.246772999513
344 0.246617044219
345 0.246463335076
346 0.246311855443
347 0.246162588765
348 0.246015518573
349 0.245870628484
350 0.245727902198
351 0.245587323505
352 0.245448876276
353 0.24531254447
354 0.245178312129
355 0.245046163383
356 0.244916082444
357 0.244788053612
358 0.244662061268
359 0.244538089881
360 0.244416124003
361 0.24429614827
362 0.244178147405
363 0.244062106211
364 0.243948009579
365 0.243835842482
366 0.243725589977
367 0.243617237205
368 0.243510769389
369 0.243406171839
370 0.243303429945
371 0.243202529181
372 0.243103455104
373 0.243006193354
374 0.242910729653
375 0.242817049807
376 0.242725139703
377 0.24263498531
378 0.242546572679
379 0.242459887944
380 0.242374917319
381 0.2422916471
382 0.242210063664
383 0.24213015347
384 0.242051903057
385 0.241975299045
386 0.241900328134
387 0.241826977104
388 0.241755232816
389 0.241685082209
390 0.241616512305
391 0.241549510201
392 0.241484063078
393 0.241420158191
394 0.241357782876
395 0.24129692455
396 0.241237570703
397 0.241179708907
398 0.241123326811
399 0.241068412141
400 0.2410149527
401 0.240962936369
402 0.240912351105
403 0.240863184942
404 0.24081542599
405 0.240769062436
406 0.240724082541
407 0.240680474644
408 0.240638227157
409 0.240597328568
410 0.24055776744
411 0.24051953241
412 0.24048261219
413 0.240446995564
414 0.240412671393
415 0.240379628608
416 0.240347856215
417 0.240317343292
418 0.240288078991
419 0.240260052535
420 0.240233253218
421 0.240207670408
422 0.240183293544
423 0.240160112134
424 0.240138115759
425 0.24011729407
426 0.240097636788
427 0.240079133704
428 0.240061774679
429 0.240045549642
430 0.240030448593
431 0.2400164616
432 0.240003578799
433 0.239991790394
434 0.239981086658
435 0.23997145793
436 0.239962894618
437 0.239955387195
438 0.239948926202
439 0.239943502245
440 0.239939105998
441 0.239935728199
442 0.239933359652
443 0.239931991225
444 0.239931613852
445 0.239932218531
#:200 0.239932218531 0.3277440071105957
