0 0.705134642469
1 0.701521462197
2 0.697934466967
3 0.694373353702
4 0.690837825483
5 0.687327591362
6 0.683842366193
7 0.680381870467
8 0.676945830142
9 0.673533976499
10 0.670146045987
11 0.666781780081
12 0.663440925144
13 0.660123232293
14 0.656828457273
15 0.65355636033
16 0.650306706093
17 0.64707926346
18 0.643873805485
19 0.64069010927
20 0.637527955864
21 0.634387130159
22 0.631267420797
23 0.628168620073
24 0.625090523846
25 0.622032931451
26 0.618995645613
27 0.615978472369
28 0.612981220982
29 0.610003703871
30 0.60704573653
31 0.604107137462
32 0.601187728102
33 0.598287332757
34 0.595405778534
35 0.592542895279
36 0.589698515514
37 0.586872474379
38 0.584064609569
39 0.581274761286
40 0.578502772174
41 0.575748487272
42 0.573011753963
43 0.570292421917
44 0.567590343051
45 0.564905371475
46 0.562237363446
47 0.559586177329
48 0.556951673545
49 0.554333714536
50 0.551732164718
51 0.549146890447
52 0.54657775997
53 0.5440246434
54 0.541487412666
55 0.538965941486
56 0.536460105328
57 0.533969781376
58 0.531494848498
59 0.52903518721
60 0.52659067965
61 0.524161209542
62 0.521746662168
63 0.519346924338
64 0.516961884363
65 0.514591432024
66 0.512235458547
67 0.509893856577
68 0.50756652015
69 0.505253344669
70 0.502954226878
71 0.50066906484
72 0.498397757911
73 0.496140206719
74 0.49389631314
75 0.491665980278
76 0.489449112439
77 0.487245615116
78 0.485055394966
79 0.482878359788
80 0.480714418505
81 0.478563481146
82 0.476425458825
83 0.474300263726
84 0.47218780908
85 0.470088009152
86 0.468000779223
87 0.46592603557
88 0.463863695454
89 0.461813677102
90 0.45977589969
91 0.457750283329
92 0.45573674905
93 0.453735218789
94 0.451745615372
95 0.449767862501
96 0.447801884742
97 0.445847607507
98 0.443904957046
99 0.441973860429
100 0.440054245538
101 0.438146041048
102 0.436249176424
103 0.434363581898
104 0.432489188466
105 0.430625927872
106 0.428773732599
107 0.426932535853
108 0.425102271559
109 0.423282874344
110 0.421474279533
111 0.419676423129
112 0.417889241814
113 0.41611267293
114 0.414346654474
115 0.412591125088
116 0.410846024047
117 0.409111291252
118 0.40738686722
119 0.405672693075
120 0.40396871054
121 0.402274861928
122 0.400591090132
123 0.398917338618
124 0.397253551418
125 0.395599673118
126 0.393955648854
127 0.392321424304
128 0.390696945676
129 0.389082159705
130 0.387477013644
131 0.385881455257
132 0.38429543281
133 0.382718895066
134 0.381151791278
135 0.37959407118
136 0.378045684982
137 0.376506583365
138 0.374976717469
139 0.373456038893
140 0.371944499683
141 0.37044205233
142 0.368948649762
143 0.367464245336
144 0.365988792838
145 0.364522246468
146 0.363064560844
147 0.361615690989
148 0.360175592327
149 0.358744220681
150 0.357321532263
151 0.35590748367
152 0.35450203188
153 0.353105134245
154 0.351716748487
155 0.350336832692
156 0.348965345305
157 0.347602245127
158 0.346247491306
159 0.344901043335
160 0.343562861047
161 0.34223290461
162 0.340911134524
163 0.33959751161
164 0.338291997014
165 0.336994552197
166 0.335705138932
167 0.3344237193
168 0.333150255685
169 0.33188471077
170 0.330627047534
171 0.329377229244
172 0.328135219455
173 0.326900982004
174 0.325674481007
175 0.324455680853
176 0.323244546202
177 0.322041041981
178 0.320845133378
179 0.319656785841
180 0.318475965072
181 0.317302637026
182 0.316136767902
183 0.314978324147
184 0.313827272445
185 0.31268357972
186 0.311547213125
187 0.310418140046
188 0.309296328094
189 0.308181745102
190 0.307074359124
191 0.305974138429
192 0.3048810515
193 0.303795067027
194 0.302716153908
195 0.301644281244
196 0.300579418337
197 0.299521534682
198 0.298470599971
199 0.297426584086
200 0.296389457096
201 0.295359189254
202 0.294335750994
203 0.293319112932
204 0.292309245855
205 0.291306120727
206 0.290309708678
207 0.289319981008
208 0.28833690918
209 0.28736046482
210 0.28639061971
211 0.285427345791
212 0.284470615156
213 0.283520400048
214 0.282576672859
215 0.281639406128
216 0.280708572535
217 0.2797841449
218 0.278866096184
219 0.277954399479
220 0.277049028014
221 0.276149955146
222 0.275257154362
223 0.274370599273
224 0.273490263615
225 0.272616121245
226 0.271748146136
227 0.270886312382
228 0.270030594188
229 0.269180965872
230 0.268337401863
231 0.267499876697
232 0.266668365014
233 0.26584284156
234 0.265023281181
235 0.264209658822
236 0.263401949528
237 0.262600128435
238 0.261804170776
239 0.261014051874
240 0.260229747141
241 0.259451232077
242 0.258678482268
243 0.257911473383
244 0.257150181174
245 0.256394581472
246 0.255644650188
247 0.254900363309
248 0.254161696896
249 0.253428627084
250 0.25270113008
251 0.25197918216
252 0.25126275967
253 0.250551839022
254 0.249846396692
255 0.24914640922
256 0.24845185321
257 0.247762705326
258 0.247078942289
259 0.24640054088
260 0.245727477937
261 0.24505973035
262 0.244397275067
263 0.243740089084
264 0.24308814945
265 0.242441433265
266 0.241799917675
267 0.241163579875
268 0.240532397107
269 0.239906346655
270 0.239285405849
271 0.238669552062
272 0.238058762708
273 0.237453015241
274 0.236852287154
275 0.236256555982
276 0.235665799294
277 0.235079994698
278 0.234499119835
279 0.233923152383
280 0.233352070055
281 0.232785850593
282 0.232224471776
283 0.231667911412
284 0.23111614734
285 0.230569157429
286 0.230026919577
287 0.229489411713
288 0.22895661179
289 0.228428497793
290 0.227905047729
291 0.227386239634
292 0.22687205157
293 0.226362461623
294 0.225857447904
295 0.225356988546
296 0.22486106171
297 0.224369645577
298 0.223882718352
299 0.223400258262
300 0.222922243556
301 0.222448652505
302 0.221979463403
303 0.221514654564
304 0.221054204321
305 0.220598091032
306 0.220146293072
307 0.219698788838
308 0.219255556747
309 0.218816575237
310 0.218381822764
311 0.217951277805
312 0.217524918857
313 0.217102724438
314 0.216684673082
315 0.216270743348
316 0.21586091381
317 0.215455163064
318 0.215053469728
319 0.214655812436
320 0.214262169844
321 0.21387252063
322 0.213486843489
323 0.21310511714
324 0.21272732032
325 0.212353431788
326 0.211983430324
327 0.211617294731
328 0.211255003832
329 0.210896536472
330 0.210541871518
331 0.210190987862
332 0.209843864416
333 0.209500480116
334 0.209160813924
335 0.208824844822
336 0.208492551819
337 0.208163913949
338 0.20783891027
339 0.207517519867
340 0.207199721848
341 0.206885495352
342 0.206574819542
343 0.20626767361
344 0.205964036774
345 0.205663888283
346 0.205367207413
347 0.205073973472
348 0.204784165796
349 0.204497763753
350 0.20421474674
351 0.203935094189
352 0.203658785563
353 0.203385800356
354 0.2031161181
355 0.202849718356
356 0.202586580725
357 0.202326684839
358 0.202070010369
359 0.201816537022
360 0.20156624454
361 0.201319112707
362 0.201075121343
363 0.200834250308
364 0.200596479501
365 0.200361788863
366 0.200130158375
367 0.199901568062
368 0.199675997989
369 0.199453428265
370 0.199233839045
371 0.199017210526
372 0.198803522951
373 0.19859275661
374 0.198384891839
375 0.198179909021
376 0.197977788587
377 0.197778511018
378 0.197582056843
379 0.197388406641
380 0.197197541043
381 0.19700944073
382 0.196824086436
383 0.196641458947
384 0.196461539104
385 0.1962843078
386 0.196109745984
387 0.19593783466
388 0.195768554888
389 0.195601887785
390 0.195437814526
391 0.195276316342
392 0.195117374525
393 0.194960970424
394 0.19480708545
395 0.194655701072
396 0.194506798823
397 0.194360360296
398 0.194216367146
399 0.194074801092
400 0.193935643916
401 0.193798877464
402 0.193664483646
403 0.19353244444
404 0.193402741885
405 0.193275358092
406 0.193150275234
407 0.193027475554
408 0.192906941362
409 0.192788655037
410 0.192672599026
411 0.192558755848
412 0.192447108088
413 0.192337638405
414 0.192230329527
415 0.192125164254
416 0.192022125458
417 0.191921196081
418 0.191822359143
419 0.191725597731
420 0.19163089501
421 0.191538234216
422 0.191447598662
423 0.191358971734
424 0.191272336894
425 0.191187677679
426 0.191104977702
427 0.191024220652
428 0.190945390294
429 0.190868470473
430 0.190793445107
431 0.190720298194
432 0.190649013809
433 0.190579576105
434 0.190511969315
435 0.190446177748
436 0.190382185793
437 0.19031997792
438 0.190259538676
439 0.190200852688
440 0.190143904663
441 0.190088679389
442 0.190035161734
443 0.189983336644
444 0.18993318915
445 0.189884704359
446 0.189837867462
447 0.189792663731
448 0.189749078518
449 0.189707097256
450 0.189666705462
451 0.189627888731
452 0.189590632743
453 0.189554923258
454 0.189520746117
455 0.189488087245
456 0.189456932647
457 0.189427268412
458 0.189399080709
459 0.189372355791
460 0.189347079992
461 0.189323239727
462 0.189300821496
463 0.189279811879
464 0.189260197538
465 0.189241965219
466 0.189225101748
467 0.189209594033
468 0.189195429066
469 0.18918259392
470 0.189171075748
471 0.189160861788
472 0.189151939358
473 0.189144295856
474 0.189137918766
475 0.189132795648
476 0.189128914148
477 0.18912626199
478 0.189124826981
479 0.189124597009
480 0.189125560041
#:800 0.189125560041 1.2650740146636963
