0 0.736906434916
1 0.735206167192
2 0.733539295606
3 0.7319049733
4 0.730302387943
5 0.728730759777
6 0.727189339792
7 0.72567740804
8 0.724194272059
9 0.722739265406
10 0.721311746296
11 0.719911096319
12 0.718536719256
13 0.717188039958
14 0.715864503305
15 0.71456557323
16 0.713290731796
17 0.71203947834
18 0.710811328662
19 0.709605814262
20 0.708422481625
21 0.707260891549
22 0.706120618503
23 0.70500125003
24 0.703902386183
25 0.702823638985
26 0.701764631924
27 0.700724999476
28 0.699704386651
29 0.698702448563
30 0.697718850022
31 0.696753265149
32 0.69580537701
33 0.694874877266
34 0.693961465845
35 0.693064850624
36 0.692184747133
37 0.691320878269
38 0.690472974024
39 0.689640771228
40 0.688824013303
41 0.688022450025
42 0.687235837304
43 0.686463936968
44 0.685706516557
45 0.684963349132
46 0.684234213082
47 0.683518891952
48 0.682817174269
49 0.682128853376
50 0.681453727281
51 0.680791598501
52 0.680142273923
53 0.679505564663
54 0.678881285935
55 0.678269256925
56 0.677669300664
57 0.677081243921
58 0.676504917079
59 0.675940154036
60 0.675386792097
61 0.674844671874
62 0.674313637192
63 0.673793534994
64 0.673284215257
65 0.672785530899
66 0.672297337702
67 0.671819494232
68 0.67135186176
69 0.670894304189
70 0.670446687985
71 0.670008882106
72 0.669580757937
73 0.669162189222
74 0.668753052011
75 0.66835322459
76 0.667962587431
77 0.667581023133
78 0.667208416369
79 0.666844653833
80 0.666489624192
81 0.666143218033
82 0.665805327823
83 0.665475847855
84 0.665154674211
85 0.664841704713
86 0.66453683889
87 0.664239977928
88 0.663951024639
89 0.663669883419
90 0.663396460214
91 0.663130662484
92 0.662872399166
93 0.662621580647
94 0.662378118724
95 0.662141926579
96 0.661912918744
97 0.661691011077
98 0.661476120726
99 0.661268166108
100 0.661067066878
101 0.660872743903
102 0.66068511924
103 0.660504116106
104 0.660329658856
105 0.660161672962
106 0.660000084988
107 0.659844822565
108 0.659695814376
109 0.659552990128
110 0.659416280538
111 0.659285617308
112 0.659160933107
113 0.659042161555
114 0.658929237201
115 0.658822095505
116 0.658720672824
117 0.658624906392
118 0.658534734305
119 0.658450095504
120 0.658370929759
121 0.658297177654
122 0.658228780573
123 0.658165680685
124 0.658107820926
125 0.658055144993
126 0.658007597322
127 0.657965123081
128 0.657927668154
129 0.657895179127
130 0.657867603281
131 0.657844888574
132 0.657826983633
133 0.657813837741
134 0.657805400827
135 0.657801623452
136 0.657802456804
#:600 0.657802456804 0.8487939834594727
