J1_data=
 [[0, 0, 0, 0, 0, 0], [0, 1, 0, 0, 0, 0], [0, 0, 1, 1, 0, 0], [0, 0, 0, 1, 0, 0], [0, 1, 0, 1, 0, 0], [0, 0, 0, 0, 0, 0]]
J1_model=
 [[-0.119319   -0.13538377 -0.0157837   0.2801224   0.11714042 -0.15058145]
 [-0.17613895  1.01872869  0.20259176  0.06922935 -0.10696057 -0.12124958]
 [-0.06785457  0.10946679  0.83221062  1.08824654  0.13677486  0.03928038]
 [ 0.02986465  0.08822106 -0.24981     1.00586732 -0.15488375  0.24147864]
 [ 0.03736192  0.97359588 -0.0210749   1.04377099 -0.13902733  0.04392728]
 [-0.04582863  0.18956068 -0.03971282  0.07507678  0.03541153 -0.13172457]]
J2_data=
 [[0, 0, 0, 0, 0, 0], [0, 1, 0, 1, 1, 0], [0, 1, 0, 0, 1, 1], [0, 1, 1, 0, 0, 0], [0, 0, 0, 1, 1, 0], [0, 0, 0, 0, 0, 0]]
J2_model=
 [[ 0.06225435  0.13086206 -0.04342724 -0.2386509   0.00583701 -0.09760737]
 [-0.06556765  1.08286924 -0.1105506   1.3735564   0.99509787 -0.00193169]
 [-0.00902861  0.74501117 -0.00242637  0.22629781  1.03726473  0.99552726]
 [ 0.00841909  0.88889211  0.91925504  0.12477491  0.09945207  0.06362564]
 [ 0.12123027  0.02811589  0.13930871  1.10522905  1.19471432 -0.15595074]
 [-0.02300981  0.11642473  0.07545551 -0.1257303   0.12053545  0.01631018]] 
