0 0.73003466565
1 0.721577921375
2 0.713266255701
3 0.705095404716
4 0.697082058966
5 0.68920082877
6 0.681448102313
7 0.673820436506
8 0.666314546008
9 0.658914326805
10 0.65163165717
11 0.644463567161
12 0.637407215189
13 0.630459880289
14 0.62362435599
15 0.6168914832
16 0.610258941981
17 0.603724502546
18 0.597268279541
19 0.590905795659
20 0.584635079879
21 0.578454232512
22 0.572361421646
23 0.566354879815
24 0.560432900877
25 0.554593837083
26 0.548836096335
27 0.543158139595
28 0.537578194723
29 0.532075171819
30 0.526647668118
31 0.521294325404
32 0.516013828058
33 0.510804901208
34 0.505666308992
35 0.500596852909
36 0.495595370257
37 0.490682994841
38 0.485837033187
39 0.481093676829
40 0.476413693419
41 0.471758934497
42 0.467203051011
43 0.462707574157
44 0.458271571389
45 0.453894135521
46 0.449574383771
47 0.445311456843
48 0.441068192713
49 0.43691677039
50 0.432819722672
51 0.428776276058
52 0.424785676568
53 0.420847189059
54 0.416960096567
55 0.413123699674
56 0.40933731591
57 0.405564575734
58 0.401853795987
59 0.398191480194
60 0.394576995073
61 0.391009722062
62 0.387489056836
63 0.384014408833
64 0.380636432694
65 0.3773026694
66 0.374012575841
67 0.370765620686
68 0.367561284001
69 0.364399056896
70 0.361278441166
71 0.358198948962
72 0.355160102458
73 0.352161433543
74 0.349202483517
75 0.346282802792
76 0.343401950614
77 0.340559494786
78 0.337700327053
79 0.334933704543
80 0.332204229188
81 0.329511500506
82 0.326855125322
83 0.324234717538
84 0.321649897915
85 0.319100293855
86 0.316585539195
87 0.314105274007
88 0.311662376279
89 0.309253249308
90 0.306877557778
91 0.304534971623
92 0.302225165858
93 0.29994782041
94 0.297647179928
95 0.295434121328
96 0.293252590433
97 0.291102285278
98 0.288982908035
99 0.286894164876
100 0.284835765827
101 0.282807424637
102 0.28080885864
103 0.278839788633
104 0.276899938741
105 0.274989036302
106 0.273106811742
107 0.271252998458
108 0.269452402941
109 0.267679572621
110 0.265934251807
111 0.264160672122
112 0.26246996091
113 0.260806005939
114 0.259168560369
115 0.257557379342
116 0.25597221989
117 0.254412840852
118 0.252879002794
119 0.25137046793
120 0.249887000047
121 0.248428364431
122 0.246994327799
123 0.24558465823
124 0.244199125102
125 0.242837499026
126 0.241499551793
127 0.240185056314
128 0.238893786567
129 0.237566301985
130 0.236321221887
131 0.235098695631
132 0.233898500961
133 0.232720416457
134 0.231564221502
135 0.230421498125
136 0.22929979258
137 0.228198886514
138 0.227118562519
139 0.22605860411
140 0.225018795696
141 0.22397039162
142 0.222870069295
143 0.221860402548
144 0.220869562956
145 0.219897342633
146 0.218943534799
147 0.218007933762
148 0.217090334905
149 0.216190534669
150 0.215308330536
151 0.214443521023
152 0.213522662727
153 0.212692546013
154 0.211879226675
155 0.211082507197
156 0.210302191059
157 0.209538082737
158 0.208789987697
159 0.208057712396
160 0.207341064288
161 0.206639851818
162 0.205878842225
163 0.205208481342
164 0.204552988097
165 0.203912174865
166 0.203285855038
167 0.202673843039
168 0.202075954325
169 0.2014920054
170 0.200921813825
171 0.200365198224
172 0.19974544787
173 0.199216041258
174 0.198699673034
175 0.198214854921
176 0.197743450199
177 0.197285270514
178 0.196840128568
179 0.196407838139
180 0.19598821411
181 0.195581072487
182 0.195186230427
183 0.194732658363
184 0.194362503605
185 0.194004105228
186 0.19365728512
187 0.193321866434
188 0.192997673609
189 0.192684532392
190 0.19238226986
191 0.192090714438
192 0.191809695923
193 0.191539045502
194 0.191207323707
195 0.19095757525
196 0.190717694272
197 0.190487517618
198 0.190225145759
199 0.189973126343
200 0.189731282848
201 0.189499440475
202 0.189277426166
203 0.189065068615
204 0.188862198284
205 0.188596446691
206 0.18841272977
207 0.188237999289
208 0.188072092792
209 0.187914849639
210 0.187766111019
211 0.187625719955
212 0.187493521308
213 0.187369361784
214 0.187253089938
215 0.187144556175
216 0.186971406069
217 0.18687861326
218 0.186793117058
219 0.186714775213
220 0.186643447331
221 0.186578994873
222 0.186521281152
223 0.18647017133
224 0.186425532413
225 0.186387233248
226 0.18628326362
227 0.186257978534
228 0.186238646173
229 0.186225142617
230 0.18621734575
231 0.186215135255
232 0.186218392604
#:600 0.186218392604 1.5061321258544922
