0 0.701232860564
1 0.693824298596
2 0.686530063123
3 0.679347216112
4 0.672272953573
5 0.665304596657
6 0.658439583539
7 0.651675461979
8 0.645009882513
9 0.638440592191
10 0.631972443336
11 0.625597238534
12 0.619312936324
13 0.613117574071
14 0.607009263539
15 0.600986186798
16 0.59504659242
17 0.589188791947
18 0.583411156612
19 0.577712114273
20 0.572090146566
21 0.566543786241
22 0.561071614669
23 0.555672259516
24 0.550344392558
25 0.545086727637
26 0.539898018734
27 0.534777058167
28 0.52972267489
29 0.524733732897
30 0.519809129706
31 0.514947794947
32 0.510148689011
33 0.505410801788
34 0.50075985821
35 0.496167609885
36 0.491632323908
37 0.48713492179
38 0.482694564944
39 0.478393637644
40 0.474147737377
41 0.469956019362
42 0.465767484262
43 0.461632618493
44 0.457550606523
45 0.453472681439
46 0.449447073008
47 0.445472991857
48 0.441549667698
49 0.437676348654
50 0.433852300602
51 0.430076806567
52 0.426349166125
53 0.422668694841
54 0.419034723734
55 0.415446598763
56 0.41190368033
57 0.408405342814
58 0.404950974119
59 0.401539975239
60 0.398171759848
61 0.394845753898
62 0.391561395242
63 0.388318133263
64 0.385190173988
65 0.382101074624
66 0.379050338986
67 0.376037480473
68 0.373062021788
69 0.370123494669
70 0.367221439629
71 0.364355405707
72 0.361524950225
73 0.358729638558
74 0.355969043908
75 0.353242747085
76 0.3505503363
77 0.347891406965
78 0.34526556149
79 0.3426724091
80 0.34011156565
81 0.337582653448
82 0.335085301083
83 0.332619143259
84 0.330183820634
85 0.327778979667
86 0.325404272463
87 0.323059356628
88 0.320743895129
89 0.318457556156
90 0.316200012985
91 0.313970943852
92 0.311770031828
93 0.309596964693
94 0.307451434821
95 0.305333139065
96 0.303241778643
97 0.30117705903
98 0.299138689854
99 0.297126384792
100 0.295139861473
101 0.293178841377
102 0.291243049744
103 0.289332215481
104 0.287446071076
105 0.285584352506
106 0.283746799157
107 0.281933153744
108 0.280143162225
109 0.278376573729
110 0.276633140479
111 0.27491261772
112 0.273214763645
113 0.271539339328
114 0.269886108658
115 0.26825483827
116 0.266645297484
117 0.265057258244
118 0.263490495053
119 0.261944784921
120 0.260419907305
121 0.258915644052
122 0.257431779349
123 0.25596809967
124 0.254524393723
125 0.253100452405
126 0.251696068752
127 0.250311037891
128 0.248945156999
129 0.247598225258
130 0.246270043812
131 0.244960415727
132 0.24366914595
133 0.242396041274
134 0.241190218705
135 0.240000946683
136 0.23882805498
137 0.237671374878
138 0.23648031176
139 0.235355826964
140 0.2342470574
141 0.233153840101
142 0.232076013484
143 0.231013417325
144 0.229965892739
145 0.228933282154
146 0.227915429294
147 0.22686050529
148 0.225871991363
149 0.224897775019
150 0.223937704923
151 0.222991630945
152 0.222062657197
153 0.221147395742
154 0.220245695871
155 0.219357408112
156 0.218425695066
157 0.217564086389
158 0.216715450836
159 0.21587964367
160 0.215056521323
161 0.214198214539
162 0.213352366867
163 0.212518846174
164 0.211697521361
165 0.21082991789
166 0.21003292513
167 0.209247742725
168 0.208474243524
169 0.207712301352
170 0.206961791006
171 0.206222588239
172 0.205494569755
173 0.204777613198
174 0.204012059232
175 0.203317211456
176 0.202633065808
177 0.201959503537
178 0.201296406798
179 0.200643658643
180 0.200001143013
181 0.199368744738
182 0.198746349527
183 0.19813384396
184 0.19747018754
185 0.196877497394
186 0.196294363426
187 0.195720675578
188 0.195156324644
189 0.194601202268
190 0.194055200937
191 0.193518213979
192 0.192990135561
193 0.192408976808
194 0.191898792828
195 0.191409325013
196 0.190915779526
197 0.190430638081
198 0.189965895164
199 0.189496802119
200 0.188973784136
201 0.18852121469
202 0.188088330451
203 0.187651045617
204 0.187221496757
205 0.186811335681
206 0.186396513366
207 0.185927001225
208 0.185527405903
209 0.185146507002
210 0.184760916974
211 0.184382431681
212 0.184022365723
213 0.18365735914
214 0.183236976074
215 0.182885972735
216 0.18255271992
217 0.182214515885
218 0.181882821596
219 0.181557551243
220 0.18124931351
221 0.180873932152
222 0.18056738804
223 0.180277704966
224 0.179982826389
225 0.179693898418
226 0.17941084022
227 0.179143947365
228 0.178871937685
229 0.178543048094
230 0.178282658253
231 0.178037827647
232 0.17778789431
233 0.177543311807
234 0.177314085296
235 0.177079528605
236 0.176787654912
237 0.176563715681
238 0.176354549615
239 0.176140083784
240 0.175930484215
241 0.175735474451
242 0.175534946857
243 0.175339089134
244 0.1750980319
245 0.17491123896
246 0.174728927578
247 0.174560861781
248 0.174386860045
249 0.174217155433
250 0.174061525852
251 0.173899766116
252 0.173742125126
253 0.173598393176
254 0.173385101326
255 0.173239434141
256 0.173097654209
257 0.172969241466
258 0.172834602594
259 0.172703686067
260 0.172585990525
261 0.172398892819
262 0.17227878784
263 0.172162191346
264 0.172058298002
265 0.171832757391
266 0.171613811003
267 0.171411895109
268 0.17113832929
269 0.170938166516
270 0.170744083619
271 0.170565968094
272 0.170383095076
273 0.170205941359
274 0.170044285933
275 0.169810598459
276 0.169649720518
277 0.169503971088
278 0.169437071377
279 0.169288164222
280 0.169154120155
281 0.168947850788
282 0.168813556024
283 0.168683997347
284 0.168568359042
285 0.16844740417
286 0.168398232642
287 0.168292857758
288 0.168189444552
289 0.168148328701
290 0.168109934738
291 0.16801221143
292 0.167909890904
293 0.167877943353
294 0.167856730845
295 0.167829517652
296 0.167672677268
297 0.167650513534
298 0.167638696458
299 0.167620946241
300 0.167605532373
301 0.167526452129
302 0.167444014387
303 0.16743402781
304 0.167426257551
305 0.16742845319
#:800 0.16742845319 2.008571147918701
