57.6241005586
49.7535654021
46.2592365091
46.3771354545
44.0489543198
46.1818719188
43.3603451375
41.6079451244
42.876039356
40.5012901063
39.8998993055
42.0714759467
40.5688767569
40.0046331549
39.7224548122
39.6247495215
38.8558008619
39.7191665982
38.5414912662
37.6931873902
38.9568788093
37.6915834255
37.5269543701
37.3644131512
37.0817036748
36.9829944143
37.2872577935
36.8928760501
36.56847735
36.6936243225
36.391279278
35.9366754932
36.9973375139
36.3438993807
35.9421582904
35.4622803087
35.241168116
35.425906375
35.1885639119
35.2066596964
34.8500738726
34.6552424418
34.7787034851
34.5861988956
34.4760062032
34.931713889
34.535764416
34.3988618976
34.4671641544
34.1790537178
33.9316033365
33.8421388821
33.9035078917
33.6930983179
33.7756445434
33.8856604622
33.763362441
33.8201674503
33.3784464052
33.1947385063
33.1176542476
32.9824908902
32.847839353
33.0657741976
32.8139122895
32.6818693436
32.5028911185
32.3717654608
32.2410838975
32.1108371945
32.121312644
32.0385243075
31.8165945784
31.7343245199
31.6362812063
31.1850639417
31.569024408
31.2684842698
31.1670207116
30.9079946388
30.7529183948
30.7847758256
30.4569543
30.3513028553
30.5045536901
30.3972054432
30.4072113913
30.238964303
30.160027631
30.0812843228
29.8760116972
29.615175693
29.5846634363
29.4177726709
29.5141719774
29.0420110015
29.0507351637
28.7112445626
28.7633599004
28.5986838108
28.4453229966
28.3161571084
28.4079054281
28.2063298157
28.1673200545
28.2186808059
28.227223924
28.0652235738
27.7364895352
27.6648051026
27.4531213135
27.4192759837
27.4277215757
27.3940013885
27.3603426182
27.0327611352
27.2088364925
27.0916601942
26.7240355393
26.8157826654
26.8241090236
26.7908600896
26.6331929514
26.3780387234
26.5665623423
26.3271000798
26.3765639097
26.0555638648
26.2692243968
25.7851414267
25.8342935332
25.7606791571
25.7688460228
25.7362280743
25.7850814959
25.6306093523
25.6793180276
25.4442372438
25.4118593446
25.2582855167
25.1308630128
25.0323916469
25.040440239
24.8760356105
24.8555689536
24.9437376629
24.5915412975
24.6794718973
24.8471153099
25.0543989444
24.7040721417
24.4155350366
24.1896841919
24.1317323015
24.1792584091
24.2662794949
24.1599680841
24.093365918
23.9874385114
24.0607938637
23.7541657633
23.7488158423
23.9266816312
23.6994954997
23.6290727962
23.5196549226
23.535659671
23.5478236539
23.4431466486
23.4335952788
23.3636583412
23.2074040916
23.103198967
23.0378332381
22.9725395441
23.0232335954
22.7265017876
22.6614208369
22.5964097056
22.6965695002
22.2815046991
22.2480220921
22.2583414166
22.1510690354
22.0923236891
21.9750882515
21.8681454068
21.7460174058
21.6926237293
21.6621607303
21.6317279884
21.6393286638
21.5709896939
21.3510010542
21.2966989443
21.3282218634
21.335785778
21.2677753361
21.1301898946
21.4219325017
21.0642688491
21.109439317
21.1921753215
21.0118262326
21.2070259646
21.1395181859
20.9596599843
20.9671473481
20.7128042304
20.7950186668
20.6531372593
20.6605981472
20.7798681548
20.7178577803
20.5342416123
20.5416766984
20.4376743744
20.5193210888
20.1930100885
20.3486185883
20.2449662766
20.0674242934
20.0009010957
19.9713595459
19.8680487103
19.6173551563
19.4773751197
19.5583509222
19.5289287695
19.4995300705
19.4701546869
19.6242537649
19.5661289156
19.4831922167
19.4003199731
19.1044535274
19.2214068066
19.1191510361
18.9439889768
18.9512818631
18.9585692476
18.6381650398
18.754588619
18.6891490439
18.5332022323
18.5582543787
18.7468847297
18.7541344518
18.6527120188
18.587558989
18.4501126111
18.3489088189
18.2545145116
18.110573067
18.0456517901
17.8385942812
17.7953740855
17.9321427585
17.8170489548
17.8098605545
17.6949251371
17.5441755356
17.3935285364
17.3505157011
17.2717120312
17.1929612852
17.0427194758
16.9998218206
16.8888900749
16.9229254783
16.7998970873
16.7571123103
16.7856169154
16.7457135131
16.6289938621
16.5507579747
16.4370331899
16.3473435616
16.4254298844
16.1487534262
16.0537537161
15.9403880231
15.9333070915
15.7846999959
15.7069063896
15.6644996834
15.7280706726
15.615124713
15.5727957817
15.6171794006
15.4881935469
15.4107311121
15.3685042041
15.2207982713
15.2137688384
15.1716172243
15.0943848599
15.0171978841
15.0452494448
15.0031966389
14.9261446078
15.0663107569
15.0733073996
14.9751010045
14.982379269
14.7798245563
14.674701431
14.5630736787
14.5909648987
14.6188404688
14.6118754718
14.681665149
14.5146910002
14.4521103041
14.4590598856
14.4312768106
14.2572999473
14.1115979255
14.070301838
14.2120779024
14.0908244631
14.0839012359
14.0631254548
14.0008829097
14.0285009307
14.0215924203
13.9801632064
13.9387557515
13.9318581207
13.8560237493
13.8074131837
13.7389074843
13.7664408035
13.690763108
13.6626970785
13.8413886904
13.8826042337
13.7521545279
13.8276398779
13.7659102389
13.9441508103
13.6355735686
13.5602393801
13.519232765
13.4781008417
13.4028784841
13.3276931156
13.4574951078
13.4845540377
13.4913790606
13.5664178867
13.5391442361
13.7163375209
13.4847345374
13.3894142645
13.4642730225
13.5390961722
13.4439118591
13.212859198
13.3555009722
13.3962366296
13.3351617404
13.2402006774
13.2808793512
13.2198896235
13.2266631288
13.2672854427
13.3417254931
13.1455642671
13.2537417757
13.2267096978
13.2672394321
13.2402318204
13.2807249865
13.220012517
13.1305193662
13.1660218861
13.1727586871
13.1121543738
12.9688569339
12.957312534
12.896788344
12.9150281237
12.9419042298
13.0695101319
13.0292310292
12.9889693642
12.982261983
13.0090799624
12.9018540691
12.8616615593
12.8214861912
12.6809321955
12.7745951324
12.7679077506
12.7612231875
12.7879502037
12.7144817057
12.6410439016
12.7011043481
12.6209901217
12.5609794854
12.5143493744
12.5409128449
12.5675962052
12.4943704305
12.421174549
12.3812657749
12.3413732
12.4011878422
12.427761398
12.3879171068
12.2817083058
12.1755420101
12.1357455376
12.1291154318
12.0893505841
12.0164772144
11.9767437906
12.0363204702
11.9635331065
11.9238464471
11.8841752779
11.8445195502
11.7388119919
11.6331453545
11.7172259873
11.6529654504
11.613386212
11.5408520611
11.501303088
11.5606039533
11.4881526486
11.4486487259
11.4091597283
11.4354758069
11.4946647321
11.4552202382
11.4157904891
11.3763754405
11.336975048
11.2647677842
11.1925872292
11.1532305423
11.417532882
11.2463260048
11.1991249974
11.3235718865
11.2515499241
11.1141033906
11.0748471792
11.1010085301
11.029090745
10.9571988139
10.8526662289
10.9173148537
10.8956398357
10.8413410474
10.9501610365
10.8959007394
10.9394501117
10.8396759563
10.8657350782
10.8592225812
10.8201612614
10.8461930591
10.8396873738
10.7681496699
10.664130849
10.5926426045
10.5536624488
10.5146956874
10.4432811128
10.4367910987
10.3654252951
10.3913676659
10.3524673186
10.2487681858
10.3070792439
10.2358341894
10.0998666273
10.1904812699
10.1193078702
10.1451804685
10.2033744321
10.1969105839
10.2550659405
10.1840106687
10.0806916317
10.1710660446
10.1323468667
10.093640368
10.0549465146
9.91956216781
9.88089350366
9.81002395065
9.80358334918
9.73275960899
9.66195868429
9.76776040539
9.77775893814
9.67487480939
9.73272866035
9.69417170844
9.7198681764
9.64922528924
9.61070499156
9.65143252843
9.56580105028
9.49524718178
9.48883520382
9.386275635
9.31578792873
9.2545840899
9.27046598301
9.16848620004
9.2260864282
9.1876981221
9.1813020404
9.14293733619
9.10067645591
9.09818441247
9.15406604056
9.10093194529
8.95130898697
8.93082973419
8.97345150739
9.01606042031
8.9474748965
8.99135983789
9.00563498354
9.01990585942
8.80553664298
8.79346354321
8.90337262069
8.85399303206
8.7937652244
8.75525886874
8.73771157688
8.53972960759
8.70256719897
8.74855655461
8.84138592189
8.74527803493
9.12514417371
9.14011772698
9.18680138518
9.1066504483
8.99482649609
9.04146977387
8.89803220226
8.78630456943
8.60661291365
8.53092649409
8.59770239076
8.57745744348
8.4307232044
8.46547053162
8.39316997665
8.50195516981
8.37250540865
8.42763496066
8.46720621247
8.38402859198
8.48987452343
8.43679060338
8.41585123763
8.48949701404
8.50008696849
8.51067399849
8.58425877914
8.50036496908
8.35352813321
8.36410353244
8.50053923276
8.57402328292
8.42734678866
8.437910663
8.41704009669
8.51077693385
8.38009227791
8.40647341199
8.40144978602
8.29563917753
8.20307118814
8.3862861611
8.41263196536
8.53303784259
8.65341170619
8.50128977939
8.48048616665
8.50400533545
8.47021788631
8.41812478133
8.36604536565
8.18882154063
8.10548808679
8.08472271262
8.1887031508
8.06385589808
8.02635740649
7.95762799521
7.92503653413
7.97634494401
7.97010165553
7.93265156241
7.89521108623
7.9201879664
7.88272774253
8.12266044693
8.15309867821
8.24109616754
8.04869726165
8.41695311685
8.3491992219
8.03243011853
8.18255876287
8.08374270852
8.01605701842
7.96770038254
7.78812463905
7.7329226137
7.80203224827
7.98842580997
7.88978231903
7.94641995726
7.94095627382
8.0214267146
7.81928083833
7.83146541268
7.95005947644
7.94460251009
7.90814897391
7.7477430005
7.77307393152
8.01560802408
7.97918998748
7.84990014954
7.8134997536
7.74616291057
7.83353119661
7.64250546912
7.60614013889
7.52532868066
7.57420287763
7.68245618577
7.71806672491
7.57376748795
7.42950255247
7.44449860739
7.84762810744
7.34452683979
7.23223500803
7.42839099118
7.43949154856
7.29645128991
7.34951948686
7.37614209667
7.29893075903
7.18682302937
7.10553305047
7.11105403437
7.14490934553
7.16952142862
7.07328806352
7.02211003107
7.03244167662
6.91980344682
6.89939552728
6.78680895606
6.94723982589
6.99174034739
7.08456547671
7.10716048696
7.00697929337
7.06024985359
6.99079291697
7.01336745352
6.6958223268
6.86675570234
6.69534495412
6.68921609002
6.64288825779
6.70771216414
6.60957650793
6.63870023058
6.87263496391
6.66108024838
6.68827542097
6.86556547812
6.78482642162
6.59406987588
6.71243492272
6.57855283912
6.91271374931
6.58964928937
6.53224348071
6.6624975146
6.71950201211
6.71057147719
6.47872018051
6.56931674763
6.66386039103
6.53650833104
6.65310053536
6.98304869598
6.72181588624
6.63709429453
6.57080603321
6.8277260153
6.64112652356
6.56334890567
6.63518095666
6.84834330854
6.64131996499
6.48554483049
6.34103404274
6.23375498112
6.19288753277
6.08797359885
5.91711388914
6.18813286069
5.93072046105
6.15883477065
5.93065302997
5.91977500682
5.86023313756
5.79542410463
5.70029354745
5.63202227779
5.83101892811
5.53139678456
5.60862076355
5.61895855681
5.81293783307
5.89289969522
5.75951042377
5.66492877129
5.60535439263
5.56310861128
5.62046806451
5.76762352188
5.65630938762
5.63695469783
5.78610109407
5.67297238803
5.60857504913
5.62002796823
5.6871617776
5.69890357638
5.64017131592
5.68630612732
5.6295442323
5.82548319137
5.8219864408
5.82055731441
5.59629380455
5.4175590911
5.44734522406
5.77864135188
5.85060054346
6.04544195817
6.03614084672
5.99164261976
5.89154371524
5.88195594771
5.68418660602
5.83351036861
5.64381341999
5.44855684286
5.5352427317
5.57077774728
5.55471322147
5.50222042247
5.43446424047
5.46373447984
5.35787859863
5.39522445844
5.43359096925
5.42180452407
5.58369139979
5.69241973971
5.5630159175
5.58612816262
5.61024244019
5.413345855
5.29169950062
5.22298749258
5.03300836274
4.94300501085
4.99719413879
5.09239807394
5.16881056856
5.22359044869
5.55700875717
5.25158108542
5.32982750165
5.46132412124
5.18645397924
5.25760559426
theta_est = 
 [[ 0.      1.0859  0.1022  0.1863  0.1142 -0.009   0.1214  1.1108]
 [ 1.0859  0.      1.1772  0.0986  0.1803  0.1259  0.1634 -0.0704]
 [ 0.1022  1.1772  0.      1.1494  0.1035  0.0121  0.0878  0.1329]
 [ 0.1863  0.0986  1.1494  0.      1.0017  0.0233 -0.0019  0.1962]
 [ 0.1142  0.1803  0.1035  1.0017  0.      1.0042  0.0764  0.1307]
 [-0.009   0.1259  0.0121  0.0233  1.0042  0.      0.9869  0.1195]
 [ 0.1214  0.1634  0.0878 -0.0019  0.0764  0.9869  0.      1.0304]
 [ 1.1108 -0.0704  0.1329  0.1962  0.1307  0.1195  1.0304  0.    ]]
