57.1551463775
52.360202199
44.2769481081
39.5092993375
38.8952797641
37.4268649189
37.3390340205
34.8694396126
35.685117549
37.0354668352
36.3493332786
36.1796920656
36.9209519402
37.6750833567
37.0842886678
37.7303145128
37.5562165725
37.5604358047
37.507458018
37.1956097856
36.9147083979
37.5864363283
37.4790142382
37.8636486517
38.112639498
38.2195791018
38.6040036074
39.0273986082
39.0885674862
38.9015119499
38.3953352411
38.2654538775
38.1952283912
38.1872384353
37.7958330061
38.1569514448
38.2333467013
38.6220382004
38.5573568615
38.3883339826
38.2947570291
38.0112182676
38.1024544778
38.4685058987
39.0570555661
39.4267554443
39.5166699846
39.9168716273
40.1515407137
40.3705550538
40.2268879647
40.2444082928
40.1237276868
40.1906631715
39.8646117218
39.8868041895
40.1158790407
40.0375523094
40.2681870176
40.2980052286
40.2025320465
40.3149648279
40.4931605696
40.4256387035
40.4428490048
40.3268133284
40.3249642148
40.1336515692
40.0390491897
39.9155255788
39.7787549145
39.564961304
39.5852058599
39.4477576938
39.4616702318
39.5388256979
39.5776440997
39.4395902458
39.2228134382
39.0416205791
38.9151602388
39.0578026986
39.0459679113
39.0503359905
39.3098288473
39.2861211245
39.195060053
38.9597428777
38.8321020809
38.5750777752
38.5382865929
38.6815727418
38.8292569776
38.976488912
39.165549553
39.3027671491
39.413467967
39.4835391794
39.4459700379
39.4273534122
39.489733226
39.4553067525
39.4954762988
39.4541356706
39.2667130155
39.33898897
39.3053976859
39.1930935109
39.0461005645
38.9450591898
38.9307486374
38.9431815481
39.0295887757
39.1056942733
39.1770139399
39.1872351605
39.3431304598
39.3904895825
39.3196007268
39.3993698048
39.4523020792
39.6624213343
39.6859453272
39.7250891571
39.8407454685
39.8928141912
39.9446417295
39.9794400304
39.9691661438
39.9684341896
39.9041933513
39.9016344191
39.8692624448
39.8408677731
39.7777112155
39.7741107485
39.7514737842
39.7938848741
39.7610849209
39.6198040322
39.5401810597
39.5023195158
39.6116657826
39.5386853514
39.4822610989
39.4181632804
39.2760303764
39.2784139854
39.3249754769
39.3000268341
39.2148774476
39.1331961784
39.1564061018
39.1674532353
39.1820576753
39.1460016469
39.0358099967
38.9706634674
38.8063736245
38.7471286467
38.6430330537
38.61920457
38.614127423
38.6660647389
38.721340419
38.6789825893
38.5928943379
38.5535659848
38.5528541228
38.5335452303
38.4223249751
38.2921443875
38.2410253402
38.1689000523
38.1289935509
38.1733385459
38.156837072
38.0829662835
38.0893173817
38.1125903736
38.1801952739
38.2358838677
38.301086644
38.3286199555
38.3262644992
38.3289721113
38.2996325244
38.3019185983
38.2459104004
38.2457007056
38.2716164437
38.2444143197
38.2948301747
38.397351413
38.4759277662
38.4779444627
38.5106741431
38.5204502386
38.5215910378
38.5541871494
38.6264804107
38.6448266405
38.6301041686
38.5555073102
38.5831751163
38.5885692309
38.5666678286
38.4773667313
38.5208672019
38.523346244
38.4801976066
38.5094795449
38.4289189371
38.3951001592
38.4033549929
38.3451692917
38.3072315359
38.263029505
38.228032333
38.1627940645
38.1545556134
38.1163696472
38.182577181
38.271867395
38.2799061371
38.3577937206
38.3648910129
38.3769665236
38.355259002
38.3438047343
38.3162713849
38.3102671261
38.3608828294
38.3767401392
38.3142888837
38.3306423596
38.3852776419
38.4439305869
38.3693609747
38.3545838825
38.3187987492
38.254799967
38.2170544658
38.1412929201
38.0954983492
37.9924001479
37.9055193621
37.9226585936
37.8813366915
37.8514230308
37.8561841255
37.8753177057
37.8357081228
37.8009949292
37.7284660077
37.6799060257
37.70211362
37.6870911277
37.7224731997
37.7610375091
37.6702935491
37.6905767632
37.7221766296
37.7126463104
37.7287987416
37.7116294959
37.6592917669
37.6305777753
37.6130018381
37.5846817648
37.5445539495
37.5041744921
37.4441509165
37.3490469217
37.3085983144
37.2467642721
37.2680318072
37.2949275697
37.2917819899
37.2863813067
37.3150076367
37.3817139284
37.4243426747
37.4393116192
37.425982507
37.4651304508
37.4674702879
37.403519112
37.3748523151
37.3555851116
37.3630438423
37.4126198695
37.3843480268
37.3661643401
37.3589450682
37.3352368242
37.253556562
37.231773232
37.2025043625
37.1937560311
37.2130440802
37.2215403629
37.247817424
37.283381411
37.3217739225
37.346915301
37.3192144311
37.3195910529
37.3334858738
37.309295
37.3083837777
37.3163636363
37.3143246209
37.2937234968
37.3465649225
37.4032915161
37.4699547552
37.5145690982
37.5202098015
37.5333250244
37.5292017083
37.5870653884
37.5824567264
37.6000647111
37.593693152
37.5856424206
37.6051148323
37.6199077512
37.6086132447
37.6163274041
37.5963927389
37.5794042989
37.5910779598
37.5447522939
37.5552937152
37.5123890715
37.5032706345
37.490768151
37.5198372861
37.5666739304
37.5955733364
37.6045375693
37.6244426507
37.5787656298
37.551178324
37.5162400186
37.532469666
37.5241720789
37.4818210363
37.4246533099
37.385435188
37.4366086557
37.4572474454
37.4940979033
37.4816967959
37.4695042177
37.4100868739
37.3589879236
37.3867997768
37.3572935021
37.3555807082
37.3366935709
37.3609020355
37.374551519
37.3946349158
37.4226488629
37.4355209546
37.4242295049
37.4083690311
37.3919000424
37.3982519699
37.3933905766
37.3707149508
37.3444460793
37.2793591008
37.2404055367
37.231838623
37.2201430261
37.2005314748
37.1751021605
37.1799728968
37.1763022496
37.1848564687
37.1937037485
37.2375213429
37.2591603589
37.2933228395
37.371395975
37.3802573562
37.4260392353
37.4248218467
37.4473723342
37.4732847416
37.4915548133
37.5062920749
37.4874774148
37.4783989412
37.4502345034
37.4177132771
37.3983718435

