34.910999383
23.084848526
18.4560594061
18.1239419598
16.8045774192
14.1510130772
13.1599880577
12.2576309781
12.0426822685
11.4656604102
10.6477506251
9.16616296063
9.12936788046
9.3291341913
9.65057623816
9.89424732562
10.0592015686
9.59805736574
9.61292504181
9.26384482862
8.67382860582
8.27859504609
8.31516141482
7.98632308925
7.66535870869
7.64346626796
7.67500050929
7.66451560039
7.60448098915
7.40630094857
7.26027414215
6.89416600133
6.75523524933
6.87051800401
6.87112918182
6.51576265821
6.66107296043
6.49358551375
6.73552985333
6.72599627453
6.70418631879
6.65840046235
6.61389345969
6.54792022592
6.52824104594
6.44479761783
6.29744273698
6.01256025635
6.20841964275
6.31652098401
6.30255152507
6.02182425537
5.9819713743
6.08571510384
6.30312760695
6.50058705895
6.48504606344
6.38118243398
6.3418144474
6.21817047675
6.13740513307
6.0446923191
5.99252276287
6.05544315336
6.05720271593
6.10867102714
6.20928967767
6.16188999289
6.09911527255
6.1885292721
