0.115994803317
0.137796239018
0.330832729765
0.256342247953  0.5846237721
0.10961090864
0.149791150016
0.308382732806
0.258961263473  0.567784791462
0.106283808466
0.144844763398
0.307285732842
0.258903106781  0.558414304706
0.10349892024
0.13996720288
0.305683177875
0.258727956295  0.549149300995
0.101134079917
0.135122735284
0.303687593219
0.258466586309  0.53994440842
0.0990950636223
0.130287500494
0.3013858521
0.258141955193  0.530768416217
0.0973089745953
0.125446368662
0.29884597633
0.257771368536  0.521601319588
0.0957192945116
0.120590687024
0.296121910957
0.257367978377  0.512431892493
0.0942821444105
0.115716630281
0.293256945049
0.256941844788  0.50325571974
0.0929635076004
0.110824362765
0.290286364996
0.256500787763  0.494074235361
0.0917367536415
0.105915542488
0.287238663761
0.256050604426  0.48489095989
0.0905814250346
0.100994950919
0.28413783157
0.255595994755  0.475714207523
0.0894816076742
0.096068377023
0.281003797436
0.255140536414  0.466553782133
0.0884250116812
0.0911425714188
0.277853352743
0.254687002913  0.457420935843
0.0874021872418
0.0862249013982
0.27470074684
0.254237542594  0.44832783548
0.0864059129191
0.0813230760171
0.271558142804
0.253793815607  0.43928713174
0.0854307173735
0.0764449262091
0.268435967903
0.253357099236  0.430311611486
0.0844725045287
0.0715982288445
0.265343184669
0.252928369241  0.421413918042
0.0835282591127
0.0667905664958
0.262287502103
0.252508362891  0.412606327711
0.0825958147601
0.0620292166968
0.259275541877
0.252097628003  0.403900573334
0.081673670893
0.0573210659227
0.256312970817
0.251696561225  0.395307707632
0.0807608477027
0.0526725445338
0.253404608246
0.251305438034  0.386838000482
0.0798567709537
0.0480895796485
0.250554514703
0.250924436353  0.378500865305
0.0789611801864
0.0435775634087
0.247766066898
0.250553655225  0.370304810493
0.0780740553357
0.0391413344668
0.245042022538
0.250193129668  0.362257412341
0.0771955578959
0.0347851707754
0.242384577667
0.249842842567  0.354365306338
0.0763259836256
0.0305127919605
0.239795418429
0.249502734251  0.346634194015
0.075465724455
0.026327369715
0.237275768582
0.249172710278  0.339068862752
0.0746152377737
0.0222315447823
0.234826433658
0.248852647803  0.331673216214
0.0737750216752
0.0182274492272
0.232447842363
0.248542400834  0.324450313266
0.0729455950409
0.0143167328071
0.230140085573
0.248241804612  0.317402413421
0.0721274815814
0.0105005923777
0.227902953116
0.247950679274  0.310531027075
0.0713211971356
0.00677980338222
0.225735968456
0.247668832951  0.303836968973
0.0705272396659
0.00315475259185
0.223638421295
0.247396064402  0.297320413553
0.0697460814958
0.000374528623446
0.221609398113
0.247132165258  0.291730008233
0.0689781634193
0.00380833110225
0.219647810622
0.246876921949  0.292434305144
0.0682238903751
0.00714723528338
0.217752422134
0.246630117353  0.293123547793
0.0674836284313
0.0103920795904
0.215921871855
0.246391532218  0.293797579877
0.0667577028624
0.0135439301285
0.214154697112
0.246160946386  0.294456330103
0.0660463971385
0.0166040519344
0.212449353574
0.245938139831  0.295099802647
0.0653499526665
0.0195738819482
0.210804233502
0.245722893563  0.295728068117
0.0646685691502
0.0224550038168
0.209217682132
0.245514990378  0.296341255099
0.0640024054523
0.025249124585
0.207688012248
0.245314215509  0.296939542286
0.0633515808565
0.0279580532891
0.206213517081
0.24512035716  0.297523151226
0.062716176643
0.030583681431
0.204792481605
0.244933206955  0.298092339679
0.0620962379028
0.0331279652833
0.203423192382
0.244752560302  0.298647395569
0.0614917755254
0.0355929099569
0.202103946042
0.244578216692  0.299188631524
0.0609027683047
0.0379805551423
0.200833056522
0.244409979928  0.299716379969
0.0603291651172
0.0402929624292
0.199608861195
0.244247658307  0.300230988741
0.0597708871327
0.0425322041009
0.198429725972
0.244091064747  0.300732817206
0.0592278300242
0.0447003532944
0.197294049502
0.24394001688  0.30122223282
0.0586998661512
0.0467994754201
0.196200266561
0.243794337108  0.301699608133
0.0581868466938
0.0488316207327
0.195146850733
0.24365385262  0.302165318159
0.057688603721
0.0507988179512
0.194132316447
0.243518395398  0.302619738119
0.0572049521796
0.0527030688275
0.193155220481
0.24338780219  0.303063241488
0.0567356917937
0.0545463435703
0.19221416298
0.243261914466  0.303496198344
0.0562806088681
0.0563305770343
0.191307788063
0.243140578364  0.303918973966
0.0558394779905
0.0580576655947
0.19043478408
0.243023644619  0.304331927666
0.0554120636312
0.0597294646277
0.189593883571
0.242910968481  0.304735411829
0.0549981216377
0.0613477865293
0.188783862966
0.242802409631  0.305129771133
0.0545974006265
0.062914399207
0.188003542089
0.242697832083  0.305515341923
0.0542096432732
0.0644310249858
0.187251783472
0.242597104086  0.305892451731
0.0538345875034
0.0658993398769
0.186527491538
0.242500098021  0.306261418918
0.053471967588
0.06732097316
0.185829611673
0.242406690297  0.306622552421
0.0531215151469
0.0686975072373
0.1851571292
0.242316761243  0.306976151584
0.0527829600653
0.0700304777205
0.184509068294
0.242230195004  0.307322506079
0.0524560313267
0.0713213737172
0.183884490846
0.242146879426  0.30766189589
0.0521404577677
0.0725716382855
0.183282495291
0.242066705961  0.307994591345
0.0518359687596
0.0737826690303
0.18270221542
0.24198956955  0.30832085321
0.0515422948206
0.0749558188181
0.182142819174
0.241915368528  0.308640932813
0.0512591681638
0.0760923965886
0.18160350745
0.241844004514  0.308955072202
0.0509863231857
0.0771936682449
0.181083512905
0.241775382317  0.309263504335
0.0507234968985
0.0782608576069
0.180582098778
0.24170940983  0.309566453284
0.0504704293127
0.0792951474129
0.180098557733
0.241645997943  0.309864134459
0.0502268637705
0.0802976803581
0.17963221072
0.241585060439  0.310156754848
0.0499925472374
0.0812695601592
0.179182405866
0.241526513909  0.310444513263
0.049767230553
0.0822118526355
0.178748517401
0.241470277662  0.310727600589
0.0495506686461
0.0831255867999
0.1783299446
0.241416273634  0.311006200046
0.0493426207154
0.0840117559519
0.177926110776
0.24136442631  0.311280487443
0.0491428503813
0.0848713187674
0.177536462292
0.241314662637  0.31155063144
0.0489511258091
0.0857052003811
0.177160467611
0.241266911946  0.311816793801
0.0487672198074
0.0865142934565
0.176797616388
0.241221105876  0.312079129652
0.0485909099046
0.0872994592404
0.176447418581
0.241177178299  0.312337787726
0.0484219784037
0.0880615286005
0.176109403609
0.241135065245  0.312592910614
0.0482602124202
0.0888013030412
0.175783119539
0.241094704837  0.312844635
0.0481054039025
0.089519555699
0.175468132298
0.241056037217  0.313093091899
0.047957349638
0.0902170323128
0.175164024931
0.241019004485  0.313338406882
0.0478158512457
0.0908944521714
0.174870396879
0.240983550634  0.313580700296
0.0476807151577
0.0915525090343
0.174586863289
0.240949621486  0.313820087481
0.0475517525894
0.0921918720278
0.174313054359
0.240917164635  0.314056678976
0.0474287795015
0.0928131865142
0.174048614701
0.24088612939  0.314290580717
0.0473116165531
0.0934170749355
0.173793202744
0.240856466715  0.314521894233
0.0472000890485
0.0940041376304
0.173546490151
0.240828129179  0.31475071683
0.0470940268769
0.0945749536254
0.173308161267
0.240801070901  0.314977141769
0.0469932644479
0.0951300814003
0.173077912592
0.240775247503  0.31520125844
0.0468976406217
0.095670059628
0.172855452277
0.240750616057  0.315423152527
0.0468069986358
0.0961954078896
0.172640499639
0.240727135038  0.315642906165
0.0467211860279
0.0967066273646
0.172432784698
0.240704764283  0.315860598091
0.046640054557
0.0972042014975
0.17223204774
0.240683464939  0.316076303795
0.0465634601218
0.0976885966408
0.172038038891
0.240663199427  0.316290095654
#alpha_true= [ 0.29399155  0.38311672  0.32289173]
#alpah_est = [ 0.27252091  0.28425576  0.44322333]
#beta_ture [ 0.66666667  1.33333333  2.        ]
#beta [ 0.62010321  1.23564474  1.82796196]
