0.121759398528
0.157357910229
0.30027691861
0.0239729241917 0.1036153217 0.127588245891 0.121759398528 0.157357910229 0.30027691861
0.121272983825
0.168840140236
0.270358691158
0.0230100101343 0.104258750578 0.127268760713 0.121272983825 0.168840140236 0.270358691158
0.12187337573
0.164257979177
0.261640103612
0.0207519581792 0.105134442297 0.125886400476 0.12187337573 0.164257979177 0.261640103612
0.121756309007
0.159418707208
0.253550855486
0.0186530908503 0.105941851893 0.124594942743 0.121756309007 0.159418707208 0.253550855486
0.121124561882
0.154419208933
0.245976028241
0.0166855144487 0.10669272929 0.123378243739 0.121124561882 0.154419208933 0.245976028241
0.120127585023
0.14933597601
0.238829087749
0.0148275404515 0.10739631332 0.122223853772 0.120127585023 0.14933597601 0.238829087749
0.118875049832
0.14422973164
0.232046226114
0.0130625380594 0.108059780742 0.121122318801 0.118875049832 0.14422973164 0.232046226114
0.117453005155
0.139149031171
0.225582049903
0.0113796172055 0.108688143728 0.120067760934 0.117453005155 0.139149031171 0.225582049903
0.115907495158
0.134132723065
0.219402475176
0.00976566268456 0.109286744228 0.119052406913 0.115907495158 0.134132723065 0.219402475176
0.114288373669
0.129212799861
0.213483945438
0.00821489431949 0.109858490286 0.118073384606 0.114288373669 0.129212799861 0.213483945438
0.112626821655
0.124414942472
0.207809900017
0.00672156395217 0.110406067004 0.117127630956 0.112626821655 0.124414942472 0.207809900017
0.110945625869
0.11975992854
0.202368480916
0.00528112189648 0.110931654954 0.116212776851 0.110945625869 0.11975992854 0.202368480916
0.10926145855
0.11526442943
0.197150955954
0.00388988282316 0.111437065921 0.115326948744 0.10926145855 0.11526442943 0.197150955954
0.107586533339
0.110941620049
0.192150569736
0.00254478162017 0.11192384165 0.11446862327 0.107586533339 0.110941620049 0.192150569736
0.10592980466
0.106801661784
0.187361726593
0.00124319746216 0.112393324556 0.113636522018 0.10592980466 0.106801661784 0.187361726593
0.104297834683
0.10285209945
0.182779426333
1.71713280074e-05 0.112846707614 0.112829536286 0.104297834683 0.10285209945 0.182779426333
0.102695419346
0.0990981990809
0.178398889119
0.00123839513729 0.113285069089 0.112046673952 0.102695419346 0.0990981990809 0.178398889119
0.10112604041
0.0955432434911
0.174215319376
0.00242237390375 0.113709396419 0.111287022515 0.10112604041 0.0955432434911 0.174215319376
0.0995921923364
0.0921887959732
0.170223769804
0.00357087861854 0.114120602464 0.110549723845 0.0995921923364 0.0921887959732 0.170223769804
0.0981002027086
0.0890350214274
0.166419949227
0.00468405763228 0.114519049613 0.109834991981 0.0981002027086 0.0890350214274 0.166419949227
0.0966503145765
0.0860805699162
0.162799049647
0.00576346013327 0.114905502027 0.109142041894 0.0966503145765 0.0860805699162 0.162799049647
0.0952293218039
0.0833227508951
0.159353202918
0.00681503943893 0.115282115345 0.108467075906 0.0952293218039 0.0833227508951 0.159353202918
0.0938483817853
0.0807589116661
0.156076801416
0.00783745348787 0.115648724373 0.107811270886 0.0938483817853 0.0807589116661 0.156076801416
0.0925074184214
0.0783851749298
0.152964058222
0.00883207075016 0.116005967786 0.107173897036 0.0925074184214 0.0783851749298 0.152964058222
0.0912061679805
0.0761970683161
0.150009042421
0.00980021060611 0.116354444983 0.106554234377 0.0912061679805 0.0761970683161 0.150009042421
0.0899442091389
0.0741896486648
0.147205739318
0.0107431430185 0.116694717118 0.105951574099 0.0899442091389 0.0741896486648 0.147205739318
0.0887246660687
0.0723577096523
0.14454886854
0.011660825453 0.117026890295 0.105366064842 0.0887246660687 0.0723577096523 0.14454886854
0.0875389264561
0.0706953585633
0.142031362501
0.0125568931095 0.117352257084 0.104795363975 0.0875389264561 0.0706953585633 0.142031362501
0.0863906555976
0.0691970488716
0.139647353567
0.0134312885211 0.117670896287 0.104239607766 0.0863906555976 0.0691970488716 0.139647353567
0.0852789719598
0.0678569180042
0.137391021711
0.0142850750784 0.117983225783 0.103698150704 0.0852789719598 0.0678569180042 0.137391021711
0.0842029430499
0.0666690481937
0.135256654176
0.0151192692648 0.118289633325 0.103170364061 0.0842029430499 0.0666690481937 0.135256654176
0.0831615942083
0.0656275167673
0.133238672195
0.0159348408673 0.118590477996 0.102655637129 0.0831615942083 0.0656275167673 0.133238672195
0.0821539171078
0.0647264378988
0.131331651512
0.0167327135806 0.118886091754 0.102153378173 0.0821539171078 0.0647264378988 0.131331651512
0.081178877813
0.0639599968518
0.129530337647
0.017513765921 0.119176781046 0.101663015125 0.081178877813 0.0639599968518 0.129530337647
0.0802354243042
0.0633224776749
0.127829656708
0.0182788323781 0.119462828439 0.101183996061 0.0802354243042 0.0633224776749 0.127829656708
0.0793224934053
0.062808285232
0.126224722507
0.0190287047459 0.119744494237 0.100715789491 0.0793224934053 0.062808285232 0.126224722507
0.0784390170855
0.0624119623661
0.12471084059
0.0197641335831 0.120022018056 0.100257884473 0.0784390170855 0.0624119623661 0.12471084059
0.0775839281272
0.0621282029145
0.123283509766
0.0204858297605 0.120295620354 0.0998097905939 0.0775839281272 0.0621282029145 0.123283509766
0.0767561651671
0.0619518612088
0.121938421589
0.0211944660641 0.120565503893 0.0993710378285 0.0767561651671 0.0619518612088 0.121938421589
0.0759546771331
0.0618779586205
0.120671458215
0.0218906788236 0.120831855119 0.098941176295 0.0759546771331 0.0618779586205 0.120671458215
0.0751784271051
0.0619016876376
0.119478688978
0.0225750695464 0.121094845474 0.0985197759279 0.0751784271051 0.0619016876376 0.119478688978
0.074426395635
0.0620184138972
0.118356365969
0.0232482065386 0.121354632621 0.0981064260821 0.074426395635 0.0620184138972 0.118356365969
0.073697583565
0.0622236765381
0.117300918876
0.0239106265 0.12161136158 0.0977007350799 0.073697583565 0.0622236765381 0.117300918876
0.0729910143841
0.0625131871852
0.116308949271
0.0245628360824 0.121865165797 0.0973023297144 0.0729910143841 0.0625131871852 0.116308949271
0.0723057361634
0.0628828278337
0.115377224527
0.0252053134032 0.122116168121 0.0969108547182 0.0723057361634 0.0628828278337 0.115377224527
0.07164082311
0.0633286478588
0.114502671491
0.0258385095092 0.122364481715 0.0965259722059 0.07164082311 0.0633286478588 0.114502671491
0.0709953767793
0.063846860342
0.113682370027
0.0264628497863 0.122610210885 0.096147361099 0.0709953767793 0.063846860342 0.113682370027
0.0703685269804
0.0644338378742
0.112913546522
0.0270787353134 0.122853451852 0.0957747165381 0.0703685269804 0.0644338378742 0.112913546522
0.0697594324123
0.0650861079712
0.112193567419
0.027686544158 0.123094293447 0.0954077492893 0.0697594324123 0.0650861079712 0.112193567419
0.0691672810592
0.0658003482116
0.111519932839
0.0282866326146 0.123332817763 0.0950461851481 0.0691672810592 0.0658003482116 0.111519932839
0.068591290379
0.0665733811918
0.110890270335
0.0288793363848 0.12356910073 0.0946897643455 0.068591290379 0.0665733811918 0.110890270335
0.0680307073082
0.067402169371
0.1103023288
0.0294649717015 0.123803212661 0.0943382409599 0.0680307073082 0.067402169371 0.1103023288
0.0674848081116
0.0682838098722
0.109753972574
0.030043836397 0.124035218733 0.093991382336 0.0674848081116 0.0682838098722 0.109753972574
0.0669528980968
0.0692155292854
0.109243175742
0.0306162109177 0.124265179432 0.0936489685147 0.0669528980968 0.0692155292854 0.109243175742
0.0664343112149
0.0701946785164
0.108768016653
0.0311823592864 0.124493150961 0.0933107916744 0.0664343112149 0.0701946785164 0.108768016653
0.0659284095654
0.071218727712
0.108326672662
0.031742530015 0.124719185601 0.0929766555862 0.0659284095654 0.071218727712 0.108326672662
0.0654345828217
0.0722852612863
0.107917415088
0.0322969569692 0.124943332052 0.0926463750829 0.0654345828217 0.0722852612863 0.107917415088
0.0649522475913
0.0733919730679
0.107538604402
0.0328458601867 0.125165635731 0.0923197755445 0.0649522475913 0.0733919730679 0.107538604402
0.0644808467236
0.0745366615824
0.10718868564
0.0333894466526 0.125386139051 0.0919966923981 0.0644808467236 0.0745366615824 0.10718868564
0.0640198485769
0.0757172254801
0.106866184022
0.0339279110321 0.125604881668 0.0916769706358 0.0640198485769 0.0757172254801 0.106866184022
0.0635687462535
0.0769316591162
0.106569700794
0.0344614363644 0.125821900713 0.0913604643483 0.0635687462535 0.0769316591162 0.106569700794
0.0631270568131
0.0781780482882
0.106297909275
0.0349901947184 0.126037230994 0.0910470362755 0.0631270568131 0.0781780482882 0.106297909275
0.0626943204706
0.0794545661326
0.106049551092
0.0355143478129 0.126250905187 0.0907365573744 0.0626943204706 0.0794545661326 0.106049551092
0.062270099785
0.0807594691808
0.105823432624
0.0360340476032 0.126462954006 0.0904289064028 0.062270099785 0.0807594691808 0.105823432624
0.0618539788466
0.0820910935745
0.105618421611
0.0365494368354 0.126673406356 0.0901239695203 0.0618539788466 0.0820910935745 0.105618421611
0.0614470783402
0.0834478978377
0.105433806066
0.03706006811 0.126882058596 0.0898219904861 0.0614470783402 0.0834478978377 0.105433806066
0.0610457592337
0.0848282193232
0.105268049176
0.0375672081952 0.127089386181 0.0895221779858 0.0610457592337 0.0848282193232 0.105268049176
0.0606514744513
0.0862307038553
0.105120261769
0.0380704251926 0.127295198892 0.0892247736995 0.0606514744513 0.0862307038553 0.105120261769
0.0602638686331
0.0876539752074
0.104989550277
0.0385698271119 0.127499518394 0.0889296912819 0.0602638686331 0.0876539752074 0.104989550277
0.0598826090802
0.0890967188786
0.104875061127
0.0390655159441 0.127702365514 0.0886368495702 0.0598826090802 0.0890967188786 0.104875061127
0.0595073835162
0.0905576795659
0.104775980315
0.039557587811 0.127903760223 0.0883461724121 0.0595073835162 0.0905576795659 0.104775980315
0.0591378983012
0.0920356586569
0.104691532525
0.0400461331655 0.128103721634 0.0880575884683 0.0591378983012 0.0920356586569 0.104691532525
0.0587738769713
0.0935295117731
0.104620979951
0.0405312370211 0.128302268021 0.0877710310004 0.0587738769713 0.0935295117731 0.104620979951
0.0584150590161
0.0950381463795
0.104563620941
0.0410129791992 0.128499416852 0.0874864376531 0.0584150590161 0.0950381463795 0.104563620941
0.0580611988315
0.0965605194731
0.104518788541
0.0414914345832 0.128695184817 0.0872037502339 0.0580611988315 0.0965605194731 0.104518788541
0.0577120648037
0.0980956353562
0.104485848998
0.0419666733731 0.128889587869 0.0869229144956 0.0577120648037 0.0980956353562 0.104485848998
0.0573674384919
0.0996425434982
0.10446420025
0.0424387613374 0.129082641261 0.0866438799235 0.0573674384919 0.0996425434982 0.10446420025
0.0570271138885
0.101200336486
0.104453270443
0.0429077600576 0.129274359586 0.0863665995287 0.0570271138885 0.101200336486 0.104453270443
0.0566922092779
0.102768174744
0.104452835736
0.0433732112582 0.1294645465 0.0860913352421 0.0566922092779 0.102768174744 0.104452835736
0.0563597160941
0.104345124884
0.104461921669
0.0438361817541 0.129653625779 0.0858174440246 0.0563597160941 0.104345124884 0.104461921669
0.0560310277205
0.105930471487
0.1044801099
0.0442962330871 0.129841413963 0.0855451808758 0.0560310277205 0.105930471487 0.1044801099
0.0557059663172
0.107523463736
0.104506955995
0.0447534098891 0.130027922232 0.0852745123424 0.0557059663172 0.107523463736 0.104506955995
0.0553843679387
0.109123384048
0.104542032918
0.0452077544222 0.130213161605 0.0850054071827 0.0553843679387 0.109123384048 0.104542032918
0.0550660807461
0.110729546803
0.104584931624
0.0456593065536 0.130397142877 0.0847378363236 0.0550660807461 0.110729546803 0.104584931624
0.0547509636225
0.112341297059
0.104635261179
0.0461081037823 0.130579876575 0.0844717727925 0.0547509636225 0.112341297059 0.104635261179
0.054438885078
0.113958009282
0.104692648582
0.0465541813022 0.130761372934 0.0842071916319 0.054438885078 0.113958009282 0.104692648582
0.0541297223661
0.1155790861
0.104756738375
0.0469975720856 0.13094164189 0.0839440698046 0.0541297223661 0.1155790861 0.104756738375
0.0538233607548
0.117203957084
0.10482719212
0.0474383069819 0.131120693076 0.0836823860939 0.0538233607548 0.117203957084 0.10482719212
0.0535196929114
0.118832077576
0.104903687794
0.0478764148224 0.131298535824 0.0834221210017 0.0535196929114 0.118832077576 0.104903687794
0.0532198140712
0.12046293894
0.104986214476
0.0483114437312 0.131474981397 0.0831635376662 0.0532198140712 0.12046293894 0.104986214476
0.0529210564637
0.122095968655
0.105074054778
0.0487443592776 0.131650424915 0.0829060656379 0.0529210564637 0.122095968655 0.105074054778
0.0526259362323
0.12373076286
0.105167292449
0.0491742575599 0.131824493961 0.0826502364007 0.0526259362323 0.12373076286 0.105167292449
0.0523341645743
0.125366815211
0.105265843173
0.0496011449604 0.131997188035 0.0823960430749 0.0523341645743 0.125366815211 0.105265843173
0.0520420172959
0.127003617555
0.105368698921
0.0500264428586 0.132169093568 0.0821426507091 0.0520420172959 0.127003617555 0.105368698921
0.0517521961459
0.12864087706
0.105475787259
0.0504492724579 0.132339851285 0.0818905788275 0.0517521961459 0.12864087706 0.105475787259
0.0514645915425
0.130278205926
0.105586939279
0.0508696446424 0.132509465613 0.0816398209707 0.0514645915425 0.130278205926 0.105586939279
0.0511791105308
0.131915232375
0.105701980686
0.0512875710918 0.132677941678 0.0813903705858 0.0511791105308 0.131915232375 0.105701980686
0.0508956729551
0.133551600467
0.105820736118
0.0517030637792 0.132845285053 0.0811422212735 0.0508956729551 0.133551600467 0.105820736118
0.0506142086884
0.135186969769
0.10594303207
0.0521161346364 0.133011501581 0.0808953669449 0.0506142086884 0.135186969769 0.10594303207
0.0503346556157
0.136821014924
0.106068698825
0.0525267953363 0.133176597253 0.0806498019167 0.0503346556157 0.136821014924 0.106068698825
#alpha_true= [ 0.29399155  0.38311672  0.32289173]
#alpah_est = [ 0.34651835  0.24994013  0.40354153]
#beta_ture [ 0.66666667  1.33333333  2.        ]
#beta [ 0.61633201  1.47015435  1.8939313 ]
