0.0137806455558
0.128276464247
0.0439796625793
0.145543268777
0.0750271126652
0.0129287364521
0.125716313013
0.0480218100842
0.145011073843
0.0802453073662
0.0117074292138
0.123558427426
0.0514364571405
0.143979475936
0.0835649348646
0.0104584077444
0.121704084866
0.0544387259939
0.142883507161
0.0860765560329
0.00931095775659
0.120118808741
0.0570763348484
0.141904103034
0.0881725868978
0.0082969300002
0.118772642953
0.0593738769855
0.141100895242
0.0899990592756
0.00740624354727
0.117632131741
0.0613632748488
0.140475843614
0.0916132302697
0.00661515573484
0.116663489944
0.0630832346221
0.140007575906
0.0930424763196
0.00589919916357
0.115835960215
0.0645735348661
0.139668725329
0.0943054991443
0.00524359065749
0.115116711114
0.0658947204133
0.139397416992
0.0954190169481
0.00461837976602
0.114496360825
0.0670325614027
0.139241175846
0.0963957561892
0.00402261230254
0.113952939797
0.0680356455395
0.139150996523
0.0972563145687
0.00344810890551
0.113472647411
0.068926275399
0.139112761432
0.0980144983255
0.00288936733037
0.11304453456
0.0697227249301
0.139115537865
0.0986830955654
0.00234274113843
0.112659867088
0.0704399660329
0.139150781103
0.099273621186
0.00180583924224
0.112311616423
0.0710903184054
0.139211706344
0.0997962475687
0.00127710520462
0.111994067224
0.0716839878349
0.139292822077
0.100259847892
0.000755530153928
0.111702520846
0.0722294951927
0.139389594184
0.100672098685
0.000240460283765
0.111433072896
0.072734011902
0.139498208021
0.101039607311
0.000268530603485
0.111182446382
0.0732036203165
0.139615400872
0.101368044203
0.000773754982122
0.110946188938
0.07365087375
0.139731523739
0.101662453569
0.00127225065916
0.110724840818
0.0740661660313
0.139856890757
0.101925965311
0.00176489698633
0.110515338656
0.074459745961
0.139983796705
0.102163307024
0.00225195348341
0.110315838606
0.074835095238
0.14011010496
0.102377408108
0.00273359738961
0.110124760279
0.0751952154544
0.14023396622
0.102570824005
0.00320995760424
0.109940738077
0.0755427110623
0.140353761499
0.10274577688
0.00368113476157
0.10976258456
0.0758798531896
0.140468062921
0.102904196789
0.00415177902992
0.10958793789
0.076214135865
0.14057371166
0.103048130605
0.00462268155361
0.109415678869
0.0765473601118
0.140669705563
0.103178705253
0.00508027874398
0.109248668449
0.0768655359621
0.140759311827
0.103295900597
0.00553233755851
0.109084451273
0.0771793446083
0.140839946507
0.103402502284
0.00598474309771
0.108921114417
0.0774949576446
0.14091066623
0.10349976636
0.00642705292624
0.108760065876
0.0778044845469
0.140969891488
0.103587257233
0.00686429674706
0.108599986632
0.0781130886942
0.141017697697
0.103666503012
0.00729665942876
0.108440372573
0.0784217129325
0.141053395431
0.103738076362
0.00773061346043
0.108279884703
0.0787351002928
0.141078465968
0.103803068096
0.00815389865683
0.108119841362
0.0790462617585
0.141088183513
0.103860705253
0.00857242621762
0.107959284859
0.0793592869129
0.141084655981
0.103912231817
0.00898630205613
0.10779792579
0.0796747088927
0.141067537794
0.10395801884
0.0093955950101
0.107635529085
0.0799929587768
0.141036580705
0.103998415386
0.00980034957243
0.107471903402
0.0803143844656
0.140991614453
0.104033745944
0.0102005934845
0.10730689397
0.0806392635952
0.140932534353
0.104064310493
0.0105963423021
0.107140377598
0.080967812682
0.140859293109
0.104090385891
0.0109876021854
0.106972259045
0.0813001938473
0.140771895235
0.104112227851
0.0113743716557
0.106802468292
0.0816365199579
0.140670393101
0.104130073111
0.0117566427572
0.106630958386
0.0819768587052
0.140554884006
0.104144141568
0.012134401884
0.106457703697
0.0823212359576
0.14042550791
0.104154638287
0.012507630424
0.106282698438
0.0826696386046
0.140282445586
0.104161755329
0.0128763053109
0.106105955387
0.0830220170395
0.140125917043
0.104165673385
0.0132403995324
0.105927504743
0.083378287385
0.139956180109
0.104166563219
0.0135998826269
0.105747393079
0.0837383335359
0.139773529103
0.104164586932
0.0139547211818
0.105565682365
0.0841020090774
0.139578293532
0.104159899063
0.0143048793414
0.105382449026
0.0844691391224
0.139370836777
0.104152647532
0.0146503193271
0.105197783038
0.0848395221058
0.139151554717
0.104142974457
0.0149910019684
0.105011787023
0.0852129315636
0.138920874268
0.104131016841
0.0153349529072
0.104824695668
0.0855900038985
0.138687391115
0.104117746438
0.0156817865601
0.104636770124
0.0859701346232
0.138451795949
0.104103373888
0.016007653928
0.104447764323
0.0863505636526
0.138190435891
0.104085581293
0.0163367269282
0.10425811786
0.0867335780077
0.137928076269
0.104066809488
0.0166527758861
0.104067618352
0.0871175406233
0.137648433735
0.10404558012
0.0169639525442
0.103876536963
0.087502903471
0.137360335038
0.104022749003
0.0172701747663
0.103685070147
0.0878892595238
0.13706443588
0.10399845049
0.0175713827657
0.103493406253
0.0882762163847
0.136761379933
0.1039728073
0.0178675316062
0.103301729634
0.0886633888818
0.136451806547
0.103945934189
0.0181585868819
0.103110222657
0.0890503955577
0.136136354077
0.103917940096
0.018451952502
0.102919599104
0.0894366297399
0.13582475031
0.103889828443
0.018732507205
0.102729146124
0.0898218470489
0.135499837125
0.103860030845
0.0190080175397
0.102539326431
0.0902059132041
0.135170798051
0.103829367284
0.0192784312832
0.102350346113
0.0905884039942
0.134838323394
0.103797949992
0.0195437196566
0.102162395817
0.090968925019
0.134503070648
0.103765880193
0.0198038699574
0.101975654815
0.0913471042445
0.134165671758
0.10373325123
0.0200654424011
0.101791007266
0.091721862135
0.133835646908
0.103701059376
0.020315039733
0.101607388533
0.0920939340148
0.133496201532
0.103667707281
0.0205596508307
0.101425371834
0.0924628299524
0.133156182789
0.103633990077
0.02079924503
0.101245139778
0.0928281764151
0.132816211153
0.10360000276
0.0210338189812
0.101066851509
0.0931896457577
0.132476852274
0.103565827541
0.0212633874871
0.100890648458
0.093546945441
0.132138628034
0.10353153753
0.0214934309754
0.10071749
0.0938987388451
0.131810279898
0.103498097769
0.0217127802769
0.100546043674
0.0942465214128
0.131476211745
0.103463909207
0.0219273705967
0.100376925206
0.0945896126833
0.131144416231
0.103429733112
0.0221371948051
0.100210268366
0.0949277406746
0.13081536565
0.103395643154
0.0223422737196
0.100046179901
0.0952606865159
0.1304894669
0.103361699795
0.0225471057849
0.0998856278404
0.0955870245263
0.130174539442
0.103328830343
0.0227425237561
0.099727141724
0.0959086793137
0.129856445581
0.103295459415
0.0229334833992
0.0995713350192
0.096224905433
0.129542228542
0.103262315556
0.0231199920727
0.099418297369
0.0965355221804
0.129232222568
0.103229455306
0.0233020846226
0.0992680911469
0.0968404024699
0.12892669563
0.10319692233
0.0234798129276
0.0991207593199
0.0971394577195
0.128625866046
0.103164751518
0.0236532395839
0.0989763303236
0.097432628441
0.128329912936
0.10313297147
0.0238224340505
0.0988348211655
0.0977198782215
0.128038983022
0.103101606027
0.0239874702573
0.0986962394743
0.0980011897179
0.127753195254
0.103070675241
0.0241484250855
0.098560584923
0.0982765618518
0.127472644166
0.103040196009
0.0243080078129
0.0984287107933
0.098544687275
0.127203012804
0.103010981473
0.0244607714358
0.0982990886443
0.0988078365765
0.12693358068
0.102981557176
0.0246098194004
0.0981722550502
0.0990653147594
0.126669332597
0.102952572906
0.0247551812709
0.0980482271012
0.0993170897428
0.12641037429
0.102924055661
0.0248969078312
0.0979270011675
0.0995631701449
0.126156761655
0.102896022801
0.0250350622557
0.097808560044
0.0998035914023
0.12590851633
0.102868485433
0.025169714815
0.0976928773653
0.100038407165
0.125665635473
0.102841450458
0.025300939683
0.0975799203851
0.100267683859
0.125428098044
0.102814921834
0.0254288129948
0.0974696517713
0.100491497153
0.125195868978
0.102788901365
0.0255548165034
0.0973627924856
0.100708732829
0.12497297564
0.10276409948
0.0256759934017
0.0972579550631
0.100921524954
0.124751608042
0.102739184531
0.0257941559032
0.0971555898765
0.101129285531
0.124535195966
0.102714735718
0.0259093357106
0.0970556858864
0.101332039732
0.124323747695
0.10269076583
0.0260215814909
0.0969582164589
0.101529843286
0.124117235046
0.102667280382
0.0261309514179
0.0968631455386
0.101722770425
0.123915606926
0.102644280395
0.0262375087381
0.0967704313935
0.101910906551
0.123718797632
0.102621764051
0.0263420749534
0.0966806946929
0.102093294497
0.123529841709
0.102600366559
0.026443013795
0.0965927127352
0.102271824924
0.123342781447
0.102578879841
0.0265414303338
0.0965068713715
0.102445999224
0.123160132599
0.102557830118
0.0266373526312
0.0964231531295
0.102615855317
0.122981874908
0.102537224465
0.026730823172
0.096341527755
0.102781456165
0.122807958835
0.102517064073
0.0268218923863
0.0962619576241
0.102942879166
0.122638317447
0.102497346603
0.0269106148147
0.0961844009874
0.103100209785
0.122472873596
0.102478067578
0.0269970468401
0.0961088139202
0.103253537726
0.122311544263
0.102459221229
0.0270812453498
0.0960351515022
0.103402954607
0.122154243236
0.102440800991
0.0271635045484
0.0959639116584
0.103547703388
0.122003064121
0.102423351303
0.0272432517507
0.0958940905226
0.103689324534
0.121853837075
0.102405819336
0.0273211613899
0.0958265193526
0.103826615503
0.121710265939
0.102389200699
0.0273968001419
0.0957602578407
0.103961007461
0.121568534418
0.102372483896
0.0274706612767
0.0956961168811
0.104091322575
0.121432095929
0.102356640347
0.0275424436216
0.0956332066085
0.104218907235
0.121297436182
0.102340693187
0.0276124675532
0.0955718299498
0.104343371905
0.121166011027
0.102325085429
0.0276807399393
0.0955119813627
0.104464730063
0.121037814881
0.102309823642
0.0277472676822
0.0954540904952
0.104582329328
0.120914419961
0.102295391112
0.0278119880371
0.0953973389715
0.104697401718
0.120792791321
0.10228086603
0.027875108288
0.0953419872696
0.104809628124
0.12067412779
0.102266660356
0.0279366420841
0.0952880236148
0.104919034008
0.12055840856
0.102252776869
0.0279965237221
0.095235831779
0.10502504449
0.120446975816
0.102239664805
0.0280548516001
0.095184670735
0.105128763788
0.120337218662
0.102226460115
0.0281117379819
0.0951347735327
0.105229914451
0.120230146682
0.102213549619
0.0281670639446
0.0950865046698
0.105327950477
0.120126981436
0.102201363299
0.02822101063
0.0950391814936
0.10542387823
0.120025394194
0.1021890803
0.0282736307373
0.094993022846
0.105517439505
0.119926285273
0.102177071194
0.0283247725318
0.0949483679822
0.105608129603
0.119830755795
0.102165744885
0.0283746810101
0.0949045861598
0.105696868653
0.119736719003
0.102154320486
0.0284233648992
0.0948618801968
0.105783421851
0.119644975219
0.102143151975
0.0284708327007
0.0948202422739
0.105867806166
0.119555510012
0.102132241203
0.0285171022479
0.0947796565913
0.105950054352
0.119468291302
0.102121586815
0.0285621965519
0.0947401029137
0.106030207919
0.119383277151
0.102111185605
0.0286061413534
0.094701558663
0.106108312989
0.119300420356
0.102101033328
0.0286489636846
0.0946640001494
0.10618441785
0.119219671156
0.102091125172
0.0286906910265
0.0946274032938
0.106258571529
0.119140978828
0.102081456036
0.0287313508203
0.0945917440487
0.106330822953
0.119064292613
0.102072020697
0.0287709701858
0.0945569986401
0.106401220474
0.118989562256
0.102062813904
0.0288093725139
0.0945234024736
0.106469437533
0.118917504214
0.10205416676
0.0288469169805
0.0944904777236
0.106536144603
0.118846676232
0.102045426132
0.0288833280017
0.0944586153362
0.106600841516
0.118778314934
0.102037213112
0.0289189589242
0.094427370858
0.106664141246
0.118711087929
0.102028899393
0.0289537229113
0.0943968888376
0.106725893126
0.118645492994
0.102020774371
0.0289876243607
0.0943671650317
0.106786106444
0.11858152221
0.102012839261
0.0290206749142
0.0943381889856
0.106844802829
0.118519153984
0.102005092914
0.0290528902574
0.0943099467796
0.106902010788
0.118458359074
0.101997532825
0.029084288234
0.0942824226477
0.106957762476
0.11839910414
0.101990155734
0.0291148877381
0.0942555999295
0.107012091813
0.118341353827
0.101982957973
0.0291447080653
0.0942294616278
0.107065033366
0.118285072
0.101975935673
0.0291737685349
0.0942039907334
0.107116621706
0.118230222447
0.101969084884
0.0292020882729
0.0941791704116
0.107166891035
0.118176769298
0.101962401649
0.029229686089
0.0941549841086
0.107215874979
0.118124677257
0.101955882039
0.0292565804093
0.0941314156086
0.107263606469
0.11807391173
0.101949522182
0.0292827892424
0.094108449064
0.107310117686
0.118024438893
0.101943318272
0.029308330164
0.0940860690082
0.107355440032
0.11797622572
0.101937266579
0.029333220313
0.094064260359
0.107399604128
0.117929239996
0.101931363452
0.029357476394
0.0940430084162
0.107442639816
0.117883450311
0.101925605317
0.0293811146836
0.0940222988567
0.107484576171
0.11783882605
0.101919988681
0.0294041510386
0.0940021177265
0.107525441517
0.11779533738
0.101914510132
0.0294266009056
0.0939824514333
0.107565263442
0.11775295523
0.101909166333
0.0294484793307
0.0939632867373
0.107604068815
0.117711651278
0.101903954025
0.0294698009694
0.093944610743
0.107641883808
0.11767139793
0.101898870026
0.0294905800969
0.0939264108898
0.10767873391
0.117632168302
0.101893911226
0.0295108306179
0.0939086749439
0.107714643946
0.117593936204
0.101889074588
0.0295305660764
0.0938913909892
0.107749638093
0.117556676119
0.101884357147
0.0295497996651
0.0938745474194
0.107783739902
0.11752036319
0.101879756007
0.0295685442348
0.0938581329298
0.107816972306
0.117484973197
0.101875268339
0.0295868123035
0.0938421365089
0.107849357647
0.117450482549
0.101870891383
0.0296046160649
0.0938265474315
0.107880917681
0.117416868257
0.101866622441
0.0296219673974
0.0938113552501
0.107911673601
0.117384107929
0.101862458882
0.0296388778718
0.0937965497886
0.107941646049
0.117352179747
0.101858398136
0.0296553587603
0.0937821211342
0.107970855132
0.117321062456
0.101854437693
0.0296714210437
0.0937680596314
0.107999320432
0.117290735347
0.101850575104
0.0296870754191
0.0937543558743
0.108027061027
0.117261178245
0.101846807979
0.0297023323077
0.0937410007008
0.108054095497
0.117232371493
0.101843133981
0.0297172018619
0.0937279851856
0.108080441942
0.11720429594
0.101839550835
0.0297316939722
0.0937153006344
0.108106117994
0.117176932927
0.101836056314
0.0297458182744
0.0937029385776
0.108131140825
0.117150264276
0.101832648249
0.0297595841559
0.0936908907645
0.108155527167
0.117124272276
0.101829324522
0.0297730007625
0.0936791491573
0.108179293315
0.117098939669
0.101826083064
0.0297860770045
0.093667705926
0.108202455145
0.117074249642
0.101822921856
0.029798821563
0.0936565534425
0.108225028123
0.117050185813
0.101819838931
0.0298112428959
0.0936456842756
0.108247027314
0.117026732222
0.101816832365
0.0298232464275
0.0936351662262
0.108268388277
0.11700408277
0.101814058393
0.0298350225612
0.0936248621918
0.108289243406
0.116981847307
0.10181120596
0.0298465108446
0.0936148105534
0.10830958723
0.116960155312
0.101808421144
0.0298577142304
0.0936050086542
0.108329425217
0.116939001212
0.101805703545
0.0298686373896
0.093595452355
0.108348765803
0.116918376194
0.101803052253
0.0298792859326
0.0935861367071
0.108367619047
0.116898269669
0.101800466076
0.0298895763766
0.0935771196911
0.108385933988
0.116878849162
0.101798087082
0.02989967419
0.0935682863036
0.108403811013
0.116859782457
0.101795632977
0.02990952584
0.0935596686859
0.108421251
0.116841180532
0.101793237006
0.0299191336407
0.0935512647528
0.108438258239
0.116823039022
0.101790898867
0.0299285014649
0.0935430710734
0.108454839723
0.116805350615
0.101788617799
0.0299376340415
0.0935350834783
0.108471003923
0.116788106385
0.101786392788
0.0299465365419
0.0935272974178
0.108486760071
0.116771296569
0.10178422268
0.0299552143381
0.0935197081709
0.108502117741
0.116754911027
0.101782106258
0.0299636728612
0.0935123109679
0.108517086601
0.116738939505
0.101780042277
0.0299718453124
0.0935051498602
0.108531635342
0.116723513255
0.101778153424
0.0299798655654
0.0934981362606
0.108545827823
0.116708369255
0.101776195252
0.0299876902366
0.0934912940038
0.108559673335
0.116693594546
0.10177428364
0.0299953212696
0.0934846213474
0.108573175452
0.11667918546
0.101772418294
0.030002761798
0.0934781155202
0.108586339813
0.116665136079
0.101770598574
0.0300100156075
0.0934717731888
0.108599173188
0.116651439258
0.101768823649
0.0300170243554
0.0934656317219
0.108611652764
0.116638208458
0.101767205145
0.0300239035975
0.0934596171615
0.108623822804
0.11662521889
0.101765520934
0.030030555503
0.0934537882516
0.108635668228
0.116612661427
0.1017639859
0.0300370884378
0.0934480767933
0.108647224771
0.116600325753
0.101762385293
0.0300434644814
0.0934425027499
0.108658503071
0.116588286322
0.101760822162
0.0300496842137
0.0934370655738
0.108669504281
0.116576542038
0.101759296531
0.0300556955066
0.0934317979983
0.108680210435
0.116565193454
0.101757910384
0.0300615975172
0.0934266388123
0.108690649064
0.116554049094
0.101756461828
0.0300673567568
0.0934216046387
0.108700834597
0.116543174315
0.101755047517
0.0300729742198
0.0934166945765
0.108710768892
0.116532567241
0.101753667336
0.0300784519523
0.0934119068155
0.108720455631
0.116522224007
0.10175232087
0.0300837448854
0.093407268637
0.108729884375
0.116512231185
0.101751102038
0.0300889410245
0.09340272719
0.10873907269
0.116502419661
0.101749824136
0.0300940110931
0.0933982961027
0.108748037601
0.116492846185
0.101748576589
0.0300989561529
0.0933939744223
0.10875678106
0.116483508753
0.101747359238
0.0301037781131
0.0933897604624
0.108765306496
0.116474403761
0.101746171681
0.0301084793509
0.0933856521324
0.108773618152
0.116465526719
0.101745013387
0.0301130624874
0.0933816471311
0.108781720691
0.116456872679
0.101743883751
0.0301175302569
0.09337774306
0.108789618971
0.116448436478
0.101742782132
0.03012188543
0.0933739374901
0.108797317914
0.116440212884
0.101741707878
0.0301261307694
0.0933702280002
0.108804822422
0.116432196681
0.101740660333
0.0301302690047
0.0933666121985
0.108812137338
0.116424382715
0.101739638849
0.0301343028176
0.0933630877356
0.108819267419
0.116416765922
0.101738642788
0.0301382348343
0.0933596523107
0.108826217323
0.116409341344
0.101737671522
0.0301420676222
0.0933563036751
0.108832991604
0.116402104133
0.10173672444
0.0301458036875
0.0933530396335
0.108839594705
0.116395049556
0.10173580094
0.0301494454756
0.0933498580443
0.108846030963
0.116388172997
0.10173490044
0.0301529634774
0.0933467748238
0.108852303362
0.116381530626
0.101734095687
0.0301564169471
0.0933437578559
0.108858406568
0.116375009655
0.101733241421
0.0301597864421
0.0933408143471
0.10886436111
0.116368647248
0.101732407569
0.0301630727945
0.0933379435572
0.108870168498
0.116362441834
0.10173159398
0.0301662773451
0.093335144305
0.108875831127
0.11635639088
0.101730800357
0.0301694017137
0.0933324151683
0.108881351881
0.116350491329
0.101730026329
0.0301724476633
0.0933297546013
0.108886733892
0.116344739852
0.10172927148
0.0301754170211
0.0933271610027
0.108891980401
0.116339132998
0.101728535375
0.0301783116322
0.0933246327566
0.108897094681
0.116333667283
0.101727817575
0.0301811333327
0.093322168255
0.108902079986
0.11632833924
0.101727117638
0.0301838839344
0.0933197659118
0.108906939527
0.116323145449
0.101726435129
0.0301865410383
0.0933174368012
0.108911680755
0.116318128404
0.101725831319
0.0301891495573
0.0933151586207
0.108916289119
0.116313202898
0.101725183839
0.0301916947152
0.0933129358455
0.108920785371
0.116308397033
0.101724551843
0.0301941771326
0.0933107679244
0.108925170633
0.116303709637
0.101723935213
0.0301965978163
0.0933086539713
0.108929446703
0.116299138809
0.101723333724
0.0301989579854
0.0933065929168
0.108933615748
0.116294682247
0.101722747092
0.0302012381636
0.0933045939583
0.108937686469
0.116290376855
0.101722231202
0.0302034364802
0.0933026590592
0.108941653583
0.116286226153
0.101721784197
0.0302056122842
0.0933007590503
0.108945496877
0.116282117716
0.101721243258
0.0302077188227
0.0932989121046
0.108949258938
0.116278140171
0.101720768182
0.0302097522744
0.0932971218658
0.10895293115
0.116274300725
0.101720357735
0.0302117672435
0.0932953623979
0.108956490122
0.116270495983
0.101719856463
0.0302137374264
0.0932936421095
0.108959969801
0.116266775807
0.101719366072
0.0302156615064
0.0932919621335
0.108963367908
0.116263142684
0.101718886952
0.0302175392035
0.0932903227037
0.108966683978
0.116259597144
0.101718419215
0.030219370837
0.0932887235344
0.108969918595
0.116256138582
0.101717962806
0.0302211570676
0.093287164044
0.108973072939
0.116252765752
0.101717517579
0.030222898745
0.0932856434866
0.10897614852
0.116249477049
0.101717083337
0.0302245968194
0.09328416103
0.108979147023
0.116246270679
0.101716659852
0.0302262522883
0.0932827158009
0.108982070216
0.116243144758
0.101716246885
0.0302278661664
0.0932813069113
0.108984919896
0.116240097371
0.101715844189
0.0302294252173
0.0932799395878
0.108987707391
0.116237153552
0.101715496138
0.0302309558972
0.0932786033642
0.108990410088
0.116234263263
0.10171511409
0.0302324494674
0.0932772995705
0.108993047177
0.116231443046
0.101714741185
0.0302339062825
0.0932760278925
0.108995619296
0.116228692231
0.101714377352
0.0302353269268
0.0932747878167
0.108998127486
0.116226009715
0.101714022457
0.0302367121105
0.0932735787206
0.109000573007
0.116223394157
0.101713676332
0.0302380626088
0.0932723999256
0.109002957232
0.116220844093
0.101713338791
0.0302393792263
0.0932712507276
0.109005281588
0.116218358004
0.101713009639
0.0302406627762
0.0932701304152
0.109007547513
0.116215934355
0.101712688677
0.0302419140682
0.0932690382805
0.109009756439
0.116213571617
0.101712375708
0.0302431339013
0.0932679736245
0.109011909782
0.116211268281
0.101712070537
0.0302443230604
0.0932669357609
0.109014008929
0.116209022864
0.101711772972
0.0302454823143
0.0932659240178
0.10901605524
0.116206833916
0.101711482824
0.0302466124139
0.0932649377384
0.109018050044
0.116204700017
0.101711199909
0.0302477140927
0.0932639762815
0.109019994638
0.116202619784
0.101710924048
0.0302487880663
0.0932630390217
0.109021890287
0.116200591865
0.101710655065
0.0302498350325
0.0932621253488
0.109023738227
0.116198614943
0.101710392788
0.0302508556719
0.0932612346679
0.109025539659
0.116196687732
0.101710137051
0.0302518506479
0.0932603663992
0.109027295758
0.116194808979
0.10170988769
0.0302528118032
0.0932595228448
0.109029018387
0.116192994099
0.101709677838
0.0302537554958
0.0932586993478
0.109030683932
0.116191212181
0.10170944127
0.0302546763283
0.0932578958181
0.109032309087
0.116189473429
0.10170921037
0.0302555663202
0.0932571146039
0.109033904911
0.11618779292
0.101709016907
0.0302564404855
0.0932563518174
0.109035447659
0.116186142287
0.101708797643
0.0302572936607
0.0932556073646
0.10903695332
0.116184531288
0.101708583583
0.0302581259717
0.0932548811329
0.109038422125
0.116182959686
0.101708374707
0.0302589377065
0.0932541728692
0.109039854586
0.116181426937
0.101708170947
0.0302597292432
0.0932534822422
0.109041251374
0.116179932326
0.101707972215
0.0302605010079
0.0932528088791
0.109042613242
0.11617847505
0.101707778405
0.0302612534499
0.093252152387
0.109043940987
0.11617705426
0.10170758941
0.030261987027
0.0932515123657
0.109045235418
0.116175669091
0.101707405116
0.0302627021972
0.0932508884147
0.109046497344
0.116174318678
0.10170722541
0.0302633930766
0.093250281675
0.109047738094
0.116173014137
0.10170707748
0.0302640714335
0.0932496898547
0.109048935037
0.116171733237
0.101706906985
0.0302647273019
0.0932491137869
0.10905011336
0.116170494804
0.101706767075
0.0302653716904
0.0932485516178
0.109051250331
0.116169278044
0.101706605067
0.0302659949137
0.0932480041555
0.109052370417
0.116168101252
0.1017064726
0.0302666073754
0.0932474698559
0.10905345102
0.116166944778
0.101706318567
0.0302672053066
0.0932469482447
0.109054505957
0.116165815741
0.101706168147
0.0302677887237
0.0932464393055
0.109055535264
0.11616471411
0.101706021345
0.0302683577861
0.0932459428979
0.109056539223
0.116163639584
0.101705878124
0.0302689127336
0.0932454588119
0.109057518262
0.116162591711
0.101705738428
0.0302694538497
0.0932449867993
0.109058472882
0.116161569954
0.101705602187
0.0302699814402
0.0932445265928
0.109059403623
0.116160573737
0.101705469327
0.0302704958205
0.0932440779168
0.109060311043
0.116159602464
0.10170533977
0.0302709927438
0.0932436411662
0.109061205606
0.116158664156
0.101705235852
0.0302714806807
0.0932432155645
0.10906206636
0.116157742814
0.101705112929
0.030271956824
0.0932428002582
0.10906290629
0.116156843742
0.101704992949
0.0302724212839
0.0932423951501
0.109063725594
0.11615596673
0.10170487589
0.0302728742441
0.0932420000789
0.109064524598
0.116155111433
0.101704761708
0.0302733159291
0.0932416148484
0.109065303698
0.116154277426
0.101704650347
0.0302737465841
0.0932412392442
0.10906606333
0.116153464247
0.101704541748
0.0302741664639
0.0932408730437
0.109066803942
0.116152671413
0.101704435848
0.0302745758263
0.0932405160216
0.109067525991
0.116151898439
0.101704332583
0.0302749749277
0.093240167954
0.10906822993
0.11615114484
0.101704231889
0.0302753640217
0.0932398286194
0.109068916207
0.116150410138
0.101704133704
0.0302757433571
0.0932394978005
0.109069585261
0.116149693862
0.101704037965
0.0302761131776
0.0932391752845
0.109070237522
0.116148995552
0.101703944612
0.0302764737214
0.0932388608632
0.109070873412
0.116148314759
0.101703853587
0.0302768252214
0.0932385543336
0.109071493341
0.116147651043
0.10170376483
0.0302771679044
0.0932382554975
0.109072097711
0.116147003976
0.101703678285
0.0302775019918
0.0932379641613
0.109072686912
0.116146373139
0.101703593898
0.0302778276997
0.0932376801367
0.109073261326
0.116145758125
0.101703511615
0.0302781452386
0.0932374032398
0.109073821325
0.116145158535
0.101703431382
0.0302784548136
0.0932371332913
0.109074367271
0.116144573984
0.101703353149
0.030278756625
0.0932368701166
0.109074899517
0.116144004092
0.101703276867
0.0302790508678
0.0932366135453
0.109075418408
0.116143448491
0.101703202486
0.0302793377322
0.0932363634114
0.10907592428
0.116142906822
0.101703129959
0.0302796174035
0.0932361195531
0.10907641746
0.116142378736
0.101703059239
0.0302798900625
0.0932358818125
0.109076898267
0.116141863891
0.101702990283
0.0302801558853
0.0932356500359
0.109077367013
0.116141361953
0.101702923045
0.0302804126816
0.0932354238684
0.109077832083
0.116140877061
0.101702872594
0.0302806602517
0.0932352035914
0.109078292534
0.11614040959
0.101702838281
0.0302808986399
0.0932349892692
0.109078747879
0.116139959456
0.101702819426
0.0302811367425
0.0932347816638
0.109079167742
0.116139509862
0.101702759197
0.0302813698787
0.0932345783947
0.109079578834
0.116139069645
0.101702700206
0.0302815977622
0.09323437971
0.109079980654
0.116138639346
0.101702642528
0.0302818202828
0.0932341857049
0.10908037301
0.116138219174
0.101702586197
0.0302820374319
0.093233996386
0.109080755888
0.116137809145
0.101702531215
0.0302822492603
0.093233811709
0.109081129378
0.116137409162
0.101702477571
0.0302824558516
0.0932336316004
0.109081493629
0.116137019068
0.101702425245
0.0302826573081
0.0932334559709
0.109081848821
0.11613663867
0.101702374213
0.0302828537413
0.0932332847231
0.109082195152
0.116136267757
0.101702324445
0.0302830452672
0.0932331177557
0.109082532826
0.116135906111
0.101702275914
0.0302832320029
0.0932329549665
0.10908286205
0.116135553509
0.10170222859
0.0302834140651
0.0932327962536
0.109083183031
0.116135209732
0.101702182444
0.0302835915689
0.0932326415165
0.10908349597
0.116134874562
0.101702137447
0.0302837646277
0.0932324906563
0.109083801069
0.116134547786
0.101702093571
0.0302839333522
0.0932323435764
0.109084098523
0.116134229194
0.101702050788
0.0302840978507
0.0932322001821
0.109084388522
0.116133918581
0.101702009071
0.0302842582292
0.0932320603813
0.109084671255
0.116133615749
0.101701968393
0.0302844145907
0.0932319240836
0.109084946903
0.116133320501
0.101701928729
0.030284567036
0.0932317912014
0.109085215643
0.116133032647
0.101701890053
0.0302847156634
0.0932316616488
0.10908547765
0.116132752003
0.101701852341
0.0302848605685
0.0932315353424
0.109085733091
0.116132478388
0.101701815568
0.0302850018448
0.0932314122005
0.109085982133
0.116132211624
0.101701779712
0.030285138326
0.0932312916654
0.109086231217
0.116131953915
0.101701755141
0.0302852723474
0.0932311748491
0.109086467466
0.116131700851
0.10170172112
0.0302854031361
0.0932310608523
0.109086698013
0.116131453891
0.101701687915
0.0302855307225
0.0932309496481
0.109086922912
0.116131212977
0.101701655518
0.0302856551574
0.0932308411924
0.109087142252
0.116130978014
0.101701623917
0.030285776502
0.0932307354313
0.109087356143
0.116130748886
0.101701593096
0.030285893742
0.0932306318068
0.109087570579
0.116130527509
0.10170157254
0.0302860088799
0.0932305314571
0.109087773526
0.116130310102
0.101701543291
0.0302861212465
0.0932304335241
0.109087971586
0.116130097926
0.101701514742
0.0302862308658
0.0932303379869
0.1090881648
0.116129890939
0.101701486886
0.0302863368
0.0932302443019
0.109088358857
0.11612969091
0.101701468665
0.030286440852
0.0932301536184
0.109088542256
0.116129494435
0.10170144222
0.0302865424091
0.0932300651106
0.109088721254
0.116129302671
0.101701416405
0.030286640578
0.0932299782541
0.109088901304
0.116129117304
0.101701399777
0.030286737022
0.0932298942039
0.109089071288
0.116128935195
0.101701375257
0.0302868311641
0.0932298121611
0.109089237212
0.116128757432
0.101701351319
0.0302869230161
0.0932297321151
0.109089399097
0.116128583994
0.101701327959
0.0302870126084
0.0932296540394
0.109089556998
0.116128414822
0.101701305172
0.0302870999818
0.0932295778983
0.109089710986
0.11612824984
0.101701282946
0.0302871851825
0.0932295036515
0.109089861143
0.116128088961
0.10170126127
0.0302872682594
0.0932294312563
0.109090007555
0.116127932092
0.101701240132
0.0302873485218
0.0932293601557
0.109090155254
0.116127780537
0.101701227113
0.0302874273433
0.0932292914698
0.109090294164
0.116127631703
0.101701207055
0.0302875035571
0.0932292239314
0.109090434547
0.116127487794
0.101701194852
0.0302875784488
0.0932291586712
0.10909056653
0.11612734638
0.10170117579
0.0302876515622
0.0932290949614
0.109090695377
0.116127208324
0.101701157178
0.0302877229029
0.0932290327973
0.109090821098
0.116127073616
0.101701139014
0.0302877924923
0.0932289721599
0.109090943732
0.116126942215
0.101701121295
0.0302878603606
0.0932289130229
0.109091063332
0.116126814063
0.101701104011
0.030287926543
0.0932288553557
0.109091179959
0.116126689095
0.101701087155
0.0302879910769
0.0932287991254
0.10909129368
0.11612656724
0.101701070717
0.0302880540008
0.0932287442986
0.109091404562
0.116126448424
0.101701054687
0.0302881153535
0.0932286908414
0.109091512675
0.116126332576
0.101701039056
0.0302881751733
0.0932286387204
0.109091618085
0.116126219622
0.101701023813
0.030288233498
0.0932285879026
0.10909172086
0.11612610949
0.10170100895
0.0302882903648
0.0932285383556
0.109091821065
0.116126002112
0.101700994457
0.03028834581
0.0932284900478
0.109091918764
0.116125897419
0.101700980325
0.0302883998689
0.0932284429482
0.109092014019
0.116125795342
0.101700966544
0.0302884525764
0.0932283970266
0.109092106892
0.116125695818
0.101700953107
0.0302885039661
0.0932283522536
0.109092197442
0.116125598782
0.101700940004
0.0302885536129
0.0932283081224
0.109092289645
0.116125505037
0.101700932947
0.0302886023677
0.0932282656457
0.109092375551
0.116125412976
0.101700920514
0.0302886499485
0.0932282241923
0.109092459388
0.116125323132
0.10170090838
0.0302886959393
0.0932281832849
0.109092544945
0.116125236291
0.101700902011
0.0302887411214
0.0932281439218
0.109092624554
0.116125150976
0.101700890487
0.0302887852252
0.0932281054988
0.109092702262
0.116125067698
0.101700879235
0.0302888282566
0.0932280680104
0.109092778079
0.116124986444
0.101700868256
0.0302888702302
0.093228031444
0.109092852032
0.116124907188
0.101700857546
0.0302889111652
0.0932279957827
0.109092924155
0.116124829893
0.1017008471
0.0302889510834
0.0932279610077
0.109092994485
0.116124754518
0.101700836912
0.0302889900076
0.093227927099
0.109093063063
0.11612468102
0.101700826977
0.0302890279611
0.0932278940361
0.109093129931
0.116124609354
0.101700817288
0.0302890649676
0.0932278617987
0.109093195129
0.116124539477
0.10170080784
0.0302891007197
0.093227829929
0.109093262022
0.116124471969
0.101700803341
0.0302891358306
0.0932277993432
0.10909332388
0.116124405671
0.101700794377
0.0302891697801
0.0932277690651
0.109093387483
0.116124341566
0.101700790204
0.0302892031419
0.0932277400035
0.109093446259
0.116124278571
0.101700781685
0.0302892357123
0.0932277116315
0.10909350364
0.11612421707
0.101700773366
0.030289267494
0.093227683947
0.10909355963
0.116124157059
0.101700765248
0.0302892982112
0.0932276565256
0.109093617322
0.116124099057
0.101700761642
0.030289328387
0.0932276302403
0.109093670482
0.116124042078
0.101700753933
0.0302893575692
0.0932276041752
0.109093725367
0.116123986975
0.101700750597
0.0302893857212
0.0932275783939
0.109093781741
0.116123933818
0.101700751443
0.0302894136108
0.0932275541004
0.109093830873
0.116123881155
0.101700744317
0.0302894408779
0.0932275303495
0.109093878908
0.116123829669
0.101700737349
0.0302894675077
0.093227507154
0.10909392582
0.116123779385
0.101700730543
0.0302894934982
0.0932274845157
0.109093971605
0.116123730309
0.1017007239
0.0302895188547
0.0932274624299
0.109094016272
0.11612368243
0.101700717418
0.0302895435869
0.093227440888
0.10909405984
0.116123635729
0.101700711095
0.0302895677067
0.0932274198797
0.109094102328
0.116123590186
0.101700704928
0.0302895910116
0.0932273990153
0.109094146428
0.11612354618
0.101700702581
0.0302896139007
0.0932273790792
0.109094186748
0.11612350296
0.101700696728
0.0302896362403
0.0932273596219
0.109094226099
0.116123460778
0.101700691015
0.0302896580352
0.0932273406393
0.109094264491
0.116123419624
0.10170068544
0.0302896790981
0.0932273217604
0.109094304467
0.116123379852
0.10170068346
0.0302896997886
0.0932273037399
0.109094340913
0.116123340783
0.101700678168
0.0302897199842
0.0932272861506
0.109094376487
0.116123302649
0.101700673001
0.0302897396884
0.0932272689895
0.109094411194
0.116123265443
0.101700667959
0.0302897589083
0.0932272522504
0.109094445049
0.116123229151
0.101700663041
0.0302897776527
0.0932272359254
0.109094478066
0.116123193757
0.101700658245
0.0302897959318
0.0932272200059
0.109094510262
0.116123159242
0.101700653566
0.0302898137562
0.0932272044827
0.109094541658
0.116123125585
0.101700649004
0.0302898311365
0.0932271893462
0.109094572271
0.116123092767
0.101700644555
0.0302898480834
0.0932271745873
0.109094602121
0.116123060767
0.101700640217
0.0302898646076
0.0932271601967
0.109094631225
0.116123029566
0.101700635987
0.0302898807196
0.0932271461652
0.109094659604
0.116122999142
0.101700631861
0.0302898964295
0.093227132484
0.109094687274
0.116122969478
0.101700627839
0.0302899117473
0.0932271191443
0.109094714253
0.116122940555
0.101700623916
0.0302899266829
0.0932271061377
0.109094740559
0.116122912353
0.101700620091
0.0302899412457
0.0932270934557
0.109094766208
0.116122884855
0.101700616361
0.030289955445
0.0932270810904
0.109094791217
0.116122858043
0.101700612724
0.03028996929
0.0932270690338
0.109094815601
0.1161228319
0.101700609177
0.0302899827895
0.0932270572781
0.109094839377
0.11612280641
0.101700605719
0.0302899958315
0.0932270455172
0.109094864519
0.116122781784
0.101700604953
0.0302900086399
0.0932270343635
0.109094887077
0.116122757598
0.101700601672
0.0302900211405
0.0932270234779
0.109094909093
0.116122733994
0.101700598469
0.0302900333362
0.093227012858
0.109094930572
0.116122710966
0.101700595343
0.0302900452316
0.0932270024996
0.109094951522
0.116122688504
0.101700592295
0.0302900568326
0.0932269923976
0.109094971953
0.116122666599
0.101700589321
0.0302900681456
0.0932269825466
0.109094991877
0.116122645237
0.101700586422
0.0302900791772
0.0932269729406
0.109095011305
0.116122624407
0.101700583594
0.0302900899341
0.093226963574
0.109095030249
0.116122604095
0.101700580836
0.0302901004229
0.0932269544409
0.109095048721
0.11612258429
0.101700578147
0.0302901106502
0.0932269455355
0.109095066732
0.116122564978
0.101700575525
0.0302901206224
0.0932269368523
0.109095084294
0.116122546148
0.101700572967
0.0302901303459
0.0932269283857
0.109095101418
0.116122527788
0.101700570474
0.030290139827
0.0932269201304
0.109095118114
0.116122509886
0.101700568042
0.0302901490715
0.093226912081
0.109095134394
0.11612249243
0.101700565671
0.0302901580854
0.0932269042325
0.109095150268
0.116122475409
0.101700563359
0.0302901668746
0.0932268965797
0.109095165746
0.116122458813
0.101700561105
0.0302901754445
0.0932268891179
0.109095180837
0.116122442631
0.101700558906
0.0302901838006
0.0932268818423
0.109095195552
0.116122426853
0.101700556762
0.0302901919484
0.0932268747482
0.1090952099
0.116122411468
0.101700554672
0.0302901998201
0.0932268675937
0.10909522538
0.116122396604
0.10170055457
0.0302902075509
0.0932268608626
0.109095238994
0.116122382007
0.101700552587
0.0302902150263
0.0932268540619
0.109095253729
0.116122367891
0.101700552532
0.0302902223727
0.0932268476657
0.109095266665
0.11612235402
0.101700550646
0.0302902295451
0.0932268414209
0.109095279295
0.116122340476
0.101700548805
0.0302902365442
0.0932268353272
0.10909529162
0.11612232726
0.101700547009
0.0302902433091
0.0932268291618
0.109095305014
0.116122314487
0.10170054703
0.0302902499552
0.0932268233755
0.109095316717
0.116122301937
0.101700545324
0.0302902563826
0.0932268175119
0.109095329475
0.116122289801
0.101700545381
0.0302902626999
0.0932268120119
0.109095340599
0.116122277872
0.101700543759
0.0302902688681
0.0932268066417
0.10909535146
0.116122266225
0.101700542175
0.0302902748875
0.0932268014012
0.109095362059
0.116122254859
0.10170054063
0.0302902807598
0.0932267962888
0.109095372399
0.116122243771
0.101700539122
0.0302902864346
0.0932267910995
0.109095383729
0.116122233055
0.101700539251
0.0302902920092
0.0932267862463
0.109095393545
0.116122222529
0.101700537819
0.0302902974505
0.0932267815091
0.109095403126
0.116122212255
0.101700536421
0.0302903027596
0.0932267768872
0.109095412474
0.11612220223
0.101700535058
0.0302903079383
0.0932267723787
0.109095421593
0.116122192451
0.101700533727
0.0302903129891
0.0932267679816
0.109095430486
0.116122182914
0.10170053243
0.0302903179147
0.0932267636936
0.109095439159
0.116122173613
0.101700531164
0.0302903227179
0.0932267595121
0.109095447616
0.116122164544
0.10170052993
0.0302903274017
0.0932267554347
0.109095455863
0.1161221557
0.101700528726
0.0302903319688
0.0932267514588
0.109095463905
0.116122147076
0.101700527553
0.0302903364222
0.093226747582
0.109095471746
0.116122138667
0.101700526408
0.0302903407647
0.0932267438017
0.109095479391
0.116122130467
0.101700525292
0.0302903449989
0.0932267401157
0.109095486847
0.116122122472
0.101700524204
0.0302903491277
0.0932267365216
0.109095494116
0.116122114676
0.101700523143
0.0302903531535
0.093226733017
0.109095501204
0.116122107074
0.101700522108
0.030290357079
0.0932267295998
0.109095508116
0.116122099662
0.101700521099
0.0302903609067
0.0932267262678
0.109095514855
0.116122092434
0.101700520114
0.0302903646391
0.0932267230189
0.109095521426
0.116122085387
0.101700519155
0.0302903682784
0.0932267198509
0.109095527834
0.116122078515
0.101700518219
0.030290371827
0.0932267167619
0.109095534081
0.116122071814
0.101700517307
0.0302903752872
0.0932267137499
0.109095540173
0.11612206528
0.101700516417
0.0302903786612
0.0932267108129
0.109095546114
0.11612205891
0.101700515549
0.0302903819511
0.0932267079492
0.109095551906
0.116122052697
0.101700514703
0.030290385159
0.0932267051568
0.109095557554
0.11612204664
0.101700513878
0.030290388287
0.093226702434
0.109095563061
0.116122040734
0.101700513073
0.0302903913371
0.0932266997791
0.10909556843
0.116122034974
0.101700512289
0.0302903943112
0.0932266971903
0.109095573666
0.116122029359
0.101700511523
0.0302903971845
0.0932266945221
0.109095579623
0.116122023933
0.10170051185
0.0302904000066
0.0932266920657
0.109095584592
0.116122018604
0.101700511124
0.0302904027609
0.0932266896682
0.109095589441
0.116122013403
0.101700510415
0.0302904054482
0.0932266873292
0.109095594172
0.116122008329
0.101700509724
0.0302904080453
0.093226684911
0.109095599591
0.116122003425
0.10170051006
0.0302904105966
0.0932266826903
0.109095604083
0.116121998608
0.101700509404
0.030290413064
0.0932266803896
0.10909560925
0.116121993949
0.101700509745
0.030290415489
0.0932266782788
0.109095613519
0.11612198937
0.101700509121
0.0302904178569
0.0932266762178
0.109095617687
0.116121984899
0.101700508511
0.0302904201676
0.0932266742066
0.109095621755
0.116121980535
0.101700507916
0.0302904224219
0.0932266722445
0.109095625724
0.116121976279
0.101700507336
0.0302904246207
0.0932266703307
0.109095629595
0.116121972127
0.10170050677
0.0302904267652
0.0932266684642
0.10909563337
0.116121968078
0.101700506218
0.0302904288564
0.0932266666441
0.109095637051
0.116121964129
0.10170050568
0.0302904308957
0.0932266648692
0.109095640641
0.116121960278
0.101700505155
0.0302904328843
0.0932266631384
0.109095644142
0.116121956523
0.101700504642
0.0302904348234
0.0932266614507
0.109095647555
0.116121952862
0.101700504143
0.0302904367142
0.093226659805
0.109095650884
0.116121949292
0.101700503656
0.030290438541
0.0932266580867
0.10909565479
0.116121945842
0.101700504004
0.0302904403353
0.0932266565251
0.109095657948
0.116121942454
0.101700503542
0.0302904420865
0.0932266550009
0.109095661031
0.116121939147
0.101700503091
0.0302904437951
0.0932266535139
0.109095664039
0.116121935921
0.101700502651
0.0302904454618
0.0932266520634
0.109095666972
0.116121932774
0.101700502221
0.0302904470873
0.0932266506487
0.109095669834
0.116121929705
0.101700501803
0.0302904486579
0.0932266491643
0.10909567323
0.116121926739
0.101700502147
0.0302904501723
0.093226647617
0.109095677128
0.116121923879
0.101700503218
0.0302904516721
0.0932266463117
0.109095679768
0.116121921047
0.101700502832
0.0302904531382
0.0932266450357
0.109095682349
0.116121918279
0.101700502454
0.0302904545699
0.0932266437897
0.109095684869
0.116121915576
0.101700502085
0.0302904559543
0.0932266424755
0.109095687894
0.116121912962
0.101700502425
0.0302904572898
0.0932266411001
0.109095691391
0.11612191044
0.101700503441
0.0302904586128
0.0932266399486
0.10909569372
0.116121907942
0.1017005031
0.0302904599064
0.0932266388229
0.109095695997
0.116121905499
0.101700502766
0.0302904611698
0.0932266377234
0.10909569822
0.116121903113
0.101700502441
0.030290462403
0.0932266366502
0.109095700391
0.116121900785
0.101700502123
0.030290463595
0.0932266355126
0.109095703028
0.116121898534
0.101700502454
0.0302904647663
0.0932266344933
0.10909570509
0.116121896322
0.101700502152
0.0302904659097
0.0932266334982
0.109095707102
0.116121894163
0.101700501858
0.0302904670255
0.0932266325272
0.109095709066
0.116121892057
0.10170050157
0.030290468114
0.09322663158
0.109095710982
0.116121890001
0.101700501289
0.0302904691756
0.0932266306561
0.109095712851
0.116121887997
0.101700501016
0.030290470211
0.0932266297551
0.109095714673
0.116121886042
0.101700500749
0.0302904712114
0.0932266287941
0.10909571692
0.116121884153
0.101700501067
0.030290472194
0.093226627939
0.109095718649
0.116121882297
0.101700500814
0.0302904731531
0.0932266271044
0.109095720338
0.116121880486
0.101700500566
0.0302904740889
0.09322662629
0.109095721985
0.116121878719
0.101700500325
0.0302904750018
0.0932266254956
0.109095723591
0.116121876995
0.101700500089
0.0302904758921
0.0932266247209
0.109095725159
0.116121875314
0.10170049986
0.0302904767604
0.0932266239653
0.109095726687
0.116121873675
0.101700499636
0.0302904776071
0.0932266232285
0.109095728177
0.116121872076
0.101700499418
0.0302904784328
0.09322662251
0.10909572963
0.116121870517
0.101700499205
0.030290479238
0.0932266218093
0.109095731048
0.116121868997
0.101700498997
0.0302904800231
0.0932266211261
0.10909573243
0.116121867514
0.101700498794
0.0302904807887
0.0932266204599
0.109095733777
0.116121866068
0.101700498597
0.0302904815284
0.0932266197405
0.109095735486
0.116121864672
0.101700498889
0.030290482255
0.0932266191083
0.109095736765
0.1161218633
0.101700498701
0.0302904829641
0.0932266184912
0.109095738013
0.116121861961
0.101700498518
0.030290483656
0.0932266178892
0.109095739231
0.116121860654
0.10170049834
0.0302904843246
0.0932266172359
0.109095740791
0.116121859392
0.101700498623
0.0302904849815
0.0932266166642
0.109095741948
0.116121858151
0.101700498453
0.0302904856228
0.0932266161063
0.109095743076
0.11612185694
0.101700498288
0.0302904862485
0.0932266155618
0.109095744178
0.116121855759
0.101700498126
0.0302904868589
0.0932266150307
0.109095745252
0.116121854606
0.101700497969
0.0302904874542
0.0932266145127
0.1090957463
0.116121853482
0.101700497815
0.0302904880348
0.0932266140075
0.109095747321
0.116121852386
0.101700497665
0.030290488601
0.0932266135148
0.109095748318
0.116121851317
0.101700497519
0.0302904891532
0.0932266130344
0.10909574929
0.116121850274
0.101700497376
0.0302904896867
0.0932266125076
0.109095750565
0.116121849267
0.101700497638
0.0302904902106
0.0932266120516
0.109095751487
0.116121848277
0.101700497502
0.0302904907221
0.0932266116066
0.109095752387
0.116121847312
0.10170049737
0.0302904912211
0.0932266111724
0.109095753266
0.116121846369
0.101700497241
0.0302904917079
0.0932266107489
0.109095754122
0.11612184545
0.101700497116
0.0302904921826
0.0932266103358
0.109095754958
0.116121844554
0.101700496993
0.0302904926456
0.093226609933
0.109095755773
0.11612184368
0.101700496874
0.030290493093
0.0932266094872
0.109095756863
0.116121842835
0.101700497118
0.0302904935324
0.0932266091049
0.109095757637
0.116121842005
0.101700497005
0.0302904939613
0.0932266087317
0.109095758392
0.116121841195
0.101700496894
0.030290494376
0.0932266083169
0.109095759412
0.116121840412
0.101700497131
0.0302904947759
0.0932266078635
0.109095760682
0.116121839657
0.1017004977
0.030290495161
0.093226607374
0.109095762189
0.11612183893
0.101700498584
0.030290495546
0.0932266070391
0.109095762867
0.116121838203
0.101700498485
0.030290495923
0.093226606711
0.109095763531
0.116121837491
0.101700498388
0.0302904962917
0.0932266063903
0.109095764179
0.116121836795
0.101700498292
0.0302904966517
0.093226606077
0.109095764813
0.116121836115
0.101700498199
0.0302904970032
0.0932266057713
0.109095765431
0.116121835452
0.101700498109
0.0302904973461
0.0932266054729
0.109095766035
0.116121834804
0.10170049802
0.0302904976806
0.0932266051819
0.109095766624
0.116121834172
0.101700497934
0.0302904980068
0.093226604898
0.109095767198
0.116121833556
0.101700497849
0.030290498325
0.0932266046212
0.109095767758
0.116121832956
0.101700497767
0.0302904986324
0.0932266043083
0.109095768543
0.116121832375
0.101700497977
0.0302904989344
0.0932266040456
0.109095769074
0.116121831805
0.101700497899
0.0302904992291
0.0932266037892
0.109095769593
0.116121831248
0.101700497823
0.0302904995167
0.093226603539
0.109095770099
0.116121830705
0.101700497748
0.0302904997947
0.0932266032543
0.109095770818
0.116121830181
0.10170049795
0.0302905000678
0.0932266030167
0.109095771299
0.116121829665
0.101700497879
0.0302905003343
0.0932266027848
0.109095771768
0.116121829162
0.10170049781
0.0302905005944
0.0932266025585
0.109095772225
0.11612182867
0.101700497743
0.0302905008482
0.0932266023378
0.109095772672
0.116121828191
0.101700497677
0.0302905010957
0.0932266021224
0.109095773107
0.116121827724
0.101700497613
0.030290501337
0.0932266019125
0.109095773532
0.116121827268
0.101700497551
0.0302905015724
0.0932266017077
0.109095773946
0.116121826824
0.10170049749
0.030290501802
0.093226601508
0.10909577435
0.11612182639
0.101700497431
0.0302905020258
0.0932266013132
0.109095774744
0.116121825968
0.101700497373
0.0302905022441
0.0932266011233
0.109095775128
0.116121825555
0.101700497316
0.030290502457
0.0932266009381
0.109095775503
0.116121825153
0.101700497261
0.0302905026645
0.0932266007575
0.109095775868
0.116121824762
0.101700497208
0.030290502867
0.0932266005814
0.109095776224
0.116121824379
0.101700497155
0.0302905030625
0.0932266003765
0.109095776756
0.11612182401
0.101700497327
0.0302905032546
0.0932266002094
0.109095777094
0.116121823647
0.101700497277
0.0302905034404
0.0932266000139
0.109095777603
0.116121823297
0.101700497445
0.0302905036229
0.0932265998551
0.109095777924
0.116121822952
0.101700497398
0.0302905038012
0.0932265997
0.109095778237
0.116121822615
0.101700497352
0.0302905039751
0.0932265995487
0.109095778544
0.116121822287
0.101700497307
0.0302905041448
0.0932265994011
0.109095778842
0.116121821966
0.101700497263
0.0302905043104
0.093226599257
0.109095779134
0.116121821654
0.10170049722
0.0302905044704
0.0932265990869
0.109095779582
0.116121821352
0.101700497376
0.0302905046275
0.0932265989502
0.109095779858
0.116121821055
0.101700497335
0.0302905047809
0.0932265988167
0.109095780128
0.116121820765
0.101700497296
0.0302905049306
0.0932265986865
0.109095780391
0.116121820483
0.101700497257
0.0302905050766
0.0932265985595
0.109095780648
0.116121820207
0.101700497219
0.030290505219
0.0932265984356
0.109095780899
0.116121819938
0.101700497182
0.0302905053579
0.0932265983148
0.109095781143
0.116121819676
0.101700497146
0.0302905054933
0.093226598197
0.109095781382
0.11612181942
0.101700497111
0.0302905056254
0.0932265980821
0.109095781614
0.116121819171
0.101700497077
0.0302905057542
0.09322659797
0.109095781841
0.116121818928
0.101700497044
0.0302905058798
0.0932265978608
0.109095782062
0.11612181869
0.101700497011
0.0302905060023
0.0932265977542
0.109095782277
0.116121818459
0.10170049698
0.0302905061217
0.0932265976503
0.109095782487
0.116121818234
0.101700496949
0.0302905062382
0.093226597549
0.109095782692
0.116121818014
0.101700496919
0.0302905063518
0.0932265974502
0.109095782892
0.116121817799
0.101700496889
0.0302905064625
0.0932265973539
0.109095783087
0.11612181759
0.101700496861
0.0302905065705
0.0932265972599
0.109095783277
0.116121817386
0.101700496833
0.0302905066749
0.093226597145
0.10909578359
0.116121817189
0.101700496959
0.0302905067774
0.0932265970559
0.109095783771
0.116121816996
0.101700496933
0.0302905068774
0.0932265969688
0.109095783947
0.116121816807
0.101700496907
0.0302905069741
0.0932265968616
0.109095784241
0.116121816624
0.101700497029
0.0302905070692
0.093226596779
0.109095784408
0.116121816445
0.101700497004
0.0302905071619
0.0932265966983
0.109095784571
0.116121816269
0.10170049698
0.0302905072525
0.0932265966195
0.109095784731
0.116121816098
0.101700496957
0.0302905073408
0.0932265965427
0.109095784886
0.116121815932
0.101700496934
0.0302905074269
0.0932265964677
0.109095785038
0.116121815769
0.101700496912
0.0302905075109
0.0932265963947
0.109095785185
0.11612181561
0.10170049689
0.0302905075929
0.0932265963234
0.10909578533
0.116121815456
0.101700496869
0.0302905076728
0.0932265962539
0.10909578547
0.116121815305
0.101700496848
0.0302905077507
0.0932265961861
0.109095785607
0.116121815158
0.101700496828
0.0302905078267
0.09322659612
0.109095785741
0.116121815014
0.101700496808
0.0302905079008
0.0932265960555
0.109095785871
0.116121814874
0.101700496789
0.0302905079731
0.0932265959927
0.109095785998
0.116121814738
0.10170049677
0.0302905080435
0.0932265959314
0.109095786122
0.116121814605
0.101700496752
0.0302905081116
0.0932265958534
0.109095786343
0.116121814476
0.101700496854
0.0302905081785
0.0932265957952
0.109095786461
0.11612181435
0.101700496837
0.0302905082432
0.0932265957207
0.109095786673
0.116121814228
0.101700496937
0.0302905083067
0.0932265956654
0.109095786785
0.116121814108
0.10170049692
0.0302905083688
0.0932265956115
0.109095786894
0.116121813991
0.101700496904
0.0302905084293
0.0932265955588
0.109095787
0.116121813876
0.101700496888
0.0302905084884
0.0932265955074
0.109095787104
0.116121813765
0.101700496873
0.0302905085461
0.0932265954572
0.109095787206
0.116121813656
0.101700496858
0.0302905086023
0.0932265954083
0.109095787305
0.11612181355
0.101700496844
0.0302905086571
0.0932265953607
0.109095787401
0.116121813446
0.101700496829
0.0302905087106
0.0932265953142
0.109095787495
0.116121813345
0.101700496816
0.0302905087627
0.0932265952688
0.109095787587
0.116121813247
0.101700496802
0.0302905088136
0.0932265952246
0.109095787676
0.116121813151
0.101700496789
0.0302905088631
0.0932265951814
0.109095787764
0.116121813057
0.101700496776
0.0302905089115
0.0932265951394
0.109095787849
0.116121812966
0.101700496763
0.0302905089587
0.0932265950984
0.109095787932
0.116121812877
0.101700496751
0.0302905090046
0.0932265950584
0.109095788012
0.11612181279
0.101700496739
0.0302905090495
0.0932265950194
0.109095788091
0.116121812705
0.101700496728
0.0302905090928
0.0932265949673
0.109095788245
0.116121812623
0.101700496808
0.0302905091346
0.0932265949028
0.10909578847
0.116121812545
0.101700496977
0.0302905091759
0.0932265948669
0.109095788542
0.116121812466
0.101700496966
0.0302905092164
0.0932265948317
0.109095788614
0.11612181239
0.101700496956
0.0302905092559
0.0932265947973
0.109095788683
0.116121812316
0.101700496945
0.0302905092944
0.0932265947638
0.109095788751
0.116121812243
0.101700496935
0.030290509332
0.0932265947311
0.109095788817
0.116121812172
0.101700496926
0.0302905093684
0.0932265946865
0.109095788951
0.116121812103
0.101700496999
0.0302905094041
0.0932265946554
0.109095789014
0.116121812036
0.10170049699
0.0302905094389
0.0932265946251
0.109095789075
0.11612181197
0.101700496981
0.030290509473
0.0932265945955
0.109095789135
0.116121811906
0.101700496972
0.0302905095061
0.0932265945666
0.109095789193
0.116121811843
0.101700496963
0.0302905095385
0.0932265945385
0.10909578925
0.116121811782
0.101700496955
0.0302905095701
0.093226594511
0.109095789306
0.116121811722
0.101700496947
0.0302905096006
0.0932265944727
0.109095789423
0.116121811665
0.101700497014
0.03029050963
0.0932265944242
0.109095789597
0.116121811609
0.101700497152
0.0302905096583
0.0932265943661
0.109095789828
0.116121811556
0.101700497359
0.0302905096866
0.0932265943414
0.109095789877
0.116121811502
0.101700497351
0.0302905097144
0.0932265943173
0.109095789926
0.11612181145
0.101700497344
0.0302905097415
0.0932265942937
0.109095789974
0.116121811399
0.101700497337
0.030290509768
0.0932265942707
0.10909579002
0.116121811349
0.10170049733
0.0302905097938
0.0932265942482
0.109095790066
0.1161218113
0.101700497324
0.030290509819
0.0932265942263
0.10909579011
0.116121811252
0.101700497317
0.0302905098436
0.0932265942049
0.109095790153
0.116121811206
0.101700497311
0.0302905098676
0.0932265941841
0.109095790196
0.11612181116
0.101700497304
0.030290509891
0.0932265941637
0.109095790237
0.116121811116
0.101700497298
0.0302905099138
0.0932265941439
0.109095790277
0.116121811073
0.101700497292
0.0302905099361
0.0932265941245
0.109095790316
0.116121811031
0.101700497287
0.0302905099578
0.0932265941056
0.109095790354
0.11612181099
0.101700497281
0.0302905099789
0.0932265940872
0.109095790392
0.11612181095
0.101700497276
0.0302905099996
0.0932265940693
0.109095790428
0.116121810911
0.10170049727
0.0302905100197
0.0932265940518
0.109095790463
0.116121810873
0.101700497265
0.0302905100393
0.0932265940347
0.109095790498
0.116121810836
0.10170049726
0.0302905100585
0.0932265940181
0.109095790531
0.1161218108
0.101700497255
0.0302905100771
0.0932265940018
0.109095790564
0.116121810765
0.10170049725
0.0302905100953
0.093226593986
0.109095790596
0.11612181073
0.101700497245
0.0302905101131
0.0932265939706
0.109095790628
0.116121810697
0.101700497241
0.0302905101304
0.0932265939555
0.109095790658
0.116121810664
0.101700497236
0.0302905101473
0.0932265939408
0.109095790688
0.116121810632
0.101700497232
0.0302905101636
0.0932265939185
0.10909579076
0.116121810602
0.10170049728
0.0302905101796
0.0932265939046
0.109095790788
0.116121810571
0.101700497275
0.0302905101951
0.0932265938832
0.109095790858
0.116121810542
0.101700497322
0.0302905102103
0.0932265938699
0.109095790885
0.116121810513
0.101700497318
0.0302905102252
0.093226593857
0.109095790911
0.116121810485
0.101700497314
0.0302905102397
0.0932265938444
0.109095790937
0.116121810458
0.10170049731
0.0302905102537
0.0932265938247
0.109095791001
0.116121810431
0.101700497354
0.0302905102675
0.0932265938128
0.109095791026
0.116121810405
0.101700497351
0.0302905102809
0.0932265938011
0.109095791049
0.11612181038
0.101700497347
0.0302905102941
0.0932265937896
0.109095791072
0.116121810355
0.101700497344
0.0302905103068
0.0932265937716
0.109095791132
0.116121810331
0.101700497385
0.0302905103192
0.0932265937607
0.109095791154
0.116121810308
0.101700497382
0.0302905103314
0.0932265937501
0.109095791176
0.116121810285
0.101700497379
0.0302905103433
0.0932265937398
0.109095791197
0.116121810262
0.101700497376
0.0302905103549
0.0932265937297
0.109095791217
0.11612181024
0.101700497373
0.0302905103661
0.0932265937135
0.109095791272
0.116121810219
0.101700497412
0.0302905103771
0.0932265937039
0.109095791291
0.116121810198
0.101700497409
0.0302905103878
0.0932265936946
0.10909579131
0.116121810178
0.101700497406
0.0302905103982
0.0932265936793
0.109095791362
0.116121810159
0.101700497443
0.0302905104084
0.0932265936704
0.10909579138
0.116121810139
0.10170049744
0.0302905104183
0.0932265936617
0.109095791397
0.116121810121
0.101700497438
0.0302905104281
0.0932265936533
0.109095791415
0.116121810102
0.101700497435
0.0302905104375
0.093226593645
0.109095791431
0.116121810084
0.101700497433
0.0302905104468
0.093226593637
0.109095791447
0.116121810067
0.10170049743
0.0302905104558
0.0932265936292
0.109095791463
0.11612181005
0.101700497428
0.0302905104646
0.0932265936215
0.109095791479
0.116121810033
0.101700497426
0.0302905104732
0.093226593614
0.109095791494
0.116121810017
0.101700497424
0.0302905104815
0.0932265936014
0.109095791538
0.116121810001
0.101700497456
0.0302905104896
0.0932265935943
0.109095791552
0.116121809986
0.101700497454
0.0302905104976
0.0932265935874
0.109095791566
0.116121809971
0.101700497452
0.0302905105053
0.0932265935806
0.10909579158
0.116121809956
0.10170049745
0.0302905105129
0.093226593574
0.109095791593
0.116121809942
0.101700497448
0.0302905105203
0.0932265935676
0.109095791606
0.116121809928
0.101700497446
0.0302905105275
0.0932265935614
0.109095791619
0.116121809914
0.101700497444
0.0302905105345
0.0932265935553
0.109095791631
0.116121809901
0.101700497443
0.0302905105413
0.0932265935493
0.109095791643
0.116121809888
0.101700497441
0.030290510548
0.0932265935435
0.109095791655
0.116121809876
0.101700497439
0.0302905105545
0.0932265935378
0.109095791666
0.116121809863
0.101700497437
0.0302905105609
0.0932265935323
0.109095791678
0.116121809851
0.101700497436
0.030290510567
0.0932265935224
0.109095791713
0.11612180984
0.101700497463
0.0302905105729
0.0932265935083
0.109095791772
0.116121809829
0.101700497519
0.0302905105788
0.0932265935032
0.109095791782
0.116121809818
0.101700497518
0.0302905105845
0.0932265934982
0.109095791792
0.116121809807
0.101700497516
0.03029051059
0.0932265934891
0.109095791825
0.116121809796
0.101700497542
0.0302905105955
0.0932265934843
0.109095791835
0.116121809786
0.101700497541
0.0302905106008
0.0932265934797
0.109095791844
0.116121809776
0.101700497539
0.0302905106059
0.0932265934711
0.109095791875
0.116121809766
0.101700497565
0.030290510611
0.0932265934667
0.109095791884
0.116121809757
0.101700497563
0.0302905106159
0.0932265934624
0.109095791893
0.116121809747
0.101700497562
0.0302905106208
0.0932265934582
0.109095791901
0.116121809738
0.101700497561
0.0302905106255
0.0932265934541
0.10909579191
0.116121809729
0.10170049756
0.03029051063
0.0932265934501
0.109095791918
0.116121809721
0.101700497558
0.0302905106345
0.0932265934462
0.109095791926
0.116121809712
0.101700497557
0.0302905106389
0.0932265934424
0.109095791933
0.116121809704
0.101700497556
0.0302905106431
0.0932265934387
0.109095791941
0.116121809696
0.101700497555
0.0302905106473
0.0932265934351
0.109095791948
0.116121809688
0.101700497554
0.0302905106513
0.0932265934316
0.109095791955
0.116121809681
0.101700497553
0.0302905106553
0.0932265934282
0.109095791962
0.116121809673
0.101700497552
0.0302905106591
0.0932265934214
0.109095791988
0.116121809666
0.101700497573
0.0302905106628
0.0932265934181
0.109095791994
0.116121809659
0.101700497572
0.0302905106665
0.0932265934149
0.109095792001
0.116121809652
0.101700497571
0.0302905106701
0.0932265934118
0.109095792007
0.116121809645
0.10170049757
0.0302905106735
0.0932265934088
0.109095792013
0.116121809639
0.101700497569
0.0302905106769
0.0932265934059
0.109095792019
0.116121809632
0.101700497568
0.0302905106802
0.093226593403
0.109095792025
0.116121809626
0.101700497567
0.0302905106835
0.0932265934002
0.10909579203
0.11612180962
0.101700497567
0.0302905106866
0.0932265933974
0.109095792036
0.116121809614
0.101700497566
0.0302905106897
0.0932265933948
0.109095792041
0.116121809608
0.101700497565
0.0302905106927
0.0932265933922
0.109095792047
0.116121809602
0.101700497564
0.0302905106956
0.0932265933896
0.109095792052
0.116121809597
0.101700497563
0.0302905106984
0.0932265933872
0.109095792057
0.116121809592
0.101700497563
0.0302905107012
0.0932265933847
0.109095792062
0.116121809586
0.101700497562
0.0302905107039
0.0932265933824
0.109095792066
0.116121809581
0.101700497561
0.0302905107066
0.0932265933801
0.109095792071
0.116121809576
0.101700497561
0.0302905107091
0.0932265933779
0.109095792076
0.116121809571
0.10170049756
0.0302905107117
0.0932265933757
0.10909579208
0.116121809567
0.101700497559
0.0302905107141
0.0932265933735
0.109095792084
0.116121809562
0.101700497559
0.0302905107165
0.0932265933689
0.109095792103
0.116121809558
0.101700497575
0.0302905107188
0.0932265933668
0.109095792107
0.116121809553
0.101700497574
0.0302905107211
0.0932265933649
0.109095792111
0.116121809549
0.101700497574
0.0302905107233
0.0932265933629
0.109095792115
0.116121809545
0.101700497573
0.0302905107254
0.0932265933611
0.109095792118
0.116121809541
0.101700497572
0.0302905107275
0.0932265933592
0.109095792122
0.116121809537
0.101700497572
0.0302905107296
0.0932265933574
0.109095792126
0.116121809533
0.101700497571
0.0302905107316
0.0932265933557
0.109095792129
0.116121809529
0.101700497571
0.0302905107336
0.093226593354
0.109095792133
0.116121809525
0.10170049757
0.0302905107355
0.0932265933523
0.109095792136
0.116121809522
0.10170049757
0.0302905107373
0.0932265933507
0.109095792139
0.116121809518
0.101700497569
0.0302905107391
0.0932265933492
0.109095792142
0.116121809515
0.101700497569
0.0302905107409
0.0932265933476
0.109095792146
0.116121809511
0.101700497568
0.0302905107426
0.0932265933461
0.109095792149
0.116121809508
0.101700497568
0.0302905107443
0.0932265933425
0.109095792163
0.116121809505
0.101700497581
0.0302905107459
0.0932265933411
0.109095792166
0.116121809502
0.101700497581
0.0302905107475
0.0932265933397
0.109095792169
0.116121809499
0.10170049758
0.0302905107491
0.0932265933384
0.109095792171
0.116121809496
0.10170049758
0.0302905107506
0.093226593337
0.109095792174
0.116121809493
0.10170049758
0.0302905107521
0.0932265933358
0.109095792177
0.11612180949
0.101700497579
0.0302905107535
0.0932265933345
0.109095792179
0.116121809488
0.101700497579
0.0302905107549
0.0932265933333
0.109095792182
0.116121809485
0.101700497578
0.0302905107563
0.0932265933321
0.109095792184
0.116121809482
0.101700497578
0.0302905107576
0.0932265933309
0.109095792186
0.11612180948
0.101700497578
0.030290510759
0.0932265933298
0.109095792189
0.116121809477
0.101700497577
0.0302905107602
0.0932265933269
0.109095792201
0.116121809475
0.101700497589
0.0302905107615
0.0932265933258
0.109095792203
0.116121809473
0.101700497588
0.0302905107627
0.0932265933247
0.109095792205
0.11612180947
0.101700497588
0.0302905107639
0.0932265933237
0.109095792207
0.116121809468
0.101700497588
0.030290510765
0.0932265933227
0.109095792209
0.116121809466
0.101700497587
0.0302905107661
0.0932265933217
0.109095792211
0.116121809464
0.101700497587
0.0302905107672
0.0932265933208
0.109095792213
0.116121809462
0.101700497587
0.0302905107683
0.0932265933182
0.109095792224
0.11612180946
0.101700497597
0.0302905107693
0.0932265933141
0.109095792243
0.116121809458
0.101700497617
0.0302905107703
0.0932265933132
0.109095792245
0.116121809456
0.101700497617
0.0302905107713
0.0932265933124
0.109095792246
0.116121809454
0.101700497617
0.0302905107723
0.0932265933115
0.109095792248
0.116121809452
0.101700497616
0.0302905107732
0.0932265933107
0.10909579225
0.11612180945
0.101700497616
0.0302905107741
0.0932265933099
0.109095792251
0.116121809449
0.101700497616
0.030290510775
0.0932265933091
0.109095792253
0.116121809447
0.101700497616
0.0302905107759
0.0932265933069
0.109095792262
0.116121809445
0.101700497625
0.0302905107768
0.0932265933062
0.109095792264
0.116121809444
0.101700497625
0.0302905107776
0.0932265933054
0.109095792265
0.116121809442
0.101700497624
0.0302905107784
0.0932265933047
0.109095792267
0.116121809441
0.101700497624
0.0302905107792
0.0932265933041
0.109095792268
0.116121809439
0.101700497624
0.03029051078
0.0932265933034
0.109095792269
0.116121809438
0.101700497624
0.0302905107807
0.0932265933027
0.109095792271
0.116121809436
0.101700497623
0.0302905107815
0.0932265933021
0.109095792272
0.116121809435
0.101700497623
0.0302905107822
0.0932265933015
0.109095792273
0.116121809433
0.101700497623
0.0302905107829
0.0932265933009
0.109095792274
0.116121809432
0.101700497623
0.0302905107835
0.093226593299
0.109095792282
0.116121809431
0.101700497631
0.0302905107842
0.0932265932984
0.109095792284
0.11612180943
0.101700497631
0.0302905107849
0.0932265932979
0.109095792285
0.116121809428
0.10170049763
0.0302905107855
0.0932265932973
0.109095792286
0.116121809427
0.10170049763
0.0302905107861
0.0932265932968
0.109095792287
0.116121809426
0.10170049763
0.0302905107867
0.0932265932951
0.109095792294
0.116121809425
0.101700497637
0.0302905107873
0.0932265932946
0.109095792295
0.116121809424
0.101700497637
0.0302905107879
0.0932265932941
0.109095792296
0.116121809423
0.101700497637
0.0302905107884
0.0932265932936
0.109095792297
0.116121809422
0.101700497637
0.030290510789
0.0932265932931
0.109095792298
0.116121809421
0.101700497637
0.0302905107895
0.0932265932927
0.109095792299
0.11612180942
0.101700497637
0.03029051079
0.0932265932912
0.109095792306
0.116121809419
0.101700497643
0.0302905107905
0.0932265932907
0.109095792307
0.116121809418
0.101700497643
0.030290510791
0.0932265932903
0.109095792308
0.116121809417
0.101700497643
0.0302905107915
0.0932265932899
0.109095792308
0.116121809416
0.101700497643
0.030290510792
0.0932265932895
0.109095792309
0.116121809415
0.101700497643
0.0302905107924
0.0932265932881
0.109095792315
0.116121809414
0.101700497649
0.0302905107928
0.0932265932877
0.109095792316
0.116121809413
0.101700497649
0.0302905107933
0.0932265932873
0.109095792317
0.116121809413
0.101700497649
0.0302905107937
0.093226593286
0.109095792323
0.116121809412
0.101700497655
0.0302905107941
0.0932265932856
0.109095792324
0.116121809411
0.101700497655
0.0302905107945
0.0932265932853
0.109095792324
0.11612180941
0.101700497655
0.0302905107949
0.0932265932849
0.109095792325
0.116121809409
0.101700497655
0.0302905107953
0.0932265932846
0.109095792326
0.116121809409
0.101700497654
0.0302905107957
0.0932265932834
0.109095792331
0.116121809408
0.10170049766
0.030290510796
0.0932265932831
0.109095792332
0.116121809407
0.10170049766
0.0302905107964
0.0932265932828
0.109095792332
0.116121809407
0.10170049766
0.0302905107967
0.0932265932825
0.109095792333
0.116121809406
0.10170049766
0.0302905107971
0.0932265932822
0.109095792334
0.116121809405
0.10170049766
0.0302905107974
0.0932265932819
0.109095792334
0.116121809405
0.10170049766
0.0302905107977
0.0932265932816
0.109095792335
0.116121809404
0.101700497659
0.030290510798
0.0932265932813
0.109095792335
0.116121809404
0.101700497659
0.0302905107983
0.0932265932811
0.109095792336
0.116121809403
0.101700497659
0.0302905107986
0.09322659328
0.10909579234
0.116121809402
0.101700497664
0.0302905107989
0.0932265932798
0.109095792341
0.116121809402
0.101700497664
0.0302905107992
0.0932265932788
0.109095792346
0.116121809401
0.101700497669
0.0302905107995
0.0932265932785
0.109095792346
0.116121809401
0.101700497669
0.0302905107997
0.0932265932783
0.109095792346
0.1161218094
0.101700497669
0.0302905108
0.0932265932781
0.109095792347
0.1161218094
0.101700497669
0.0302905108003
0.0932265932779
0.109095792347
0.116121809399
0.101700497669
0.0302905108005
0.0932265932776
0.109095792348
0.116121809399
0.101700497669
0.0302905108008
0.0932265932774
0.109095792348
0.116121809398
0.101700497668
0.030290510801
0.0932265932765
0.109095792352
0.116121809398
0.101700497673
0.0302905108012
0.0932265932763
0.109095792353
0.116121809398
0.101700497673
0.0302905108015
0.0932265932761
0.109095792353
0.116121809397
0.101700497673
0.0302905108017
0.093226593276
0.109095792354
0.116121809397
0.101700497673
0.0302905108019
0.0932265932758
0.109095792354
0.116121809396
0.101700497672
0.0302905108021
0.0932265932756
0.109095792354
0.116121809396
0.101700497672
0.0302905108023
0.0932265932754
0.109095792355
0.116121809395
0.101700497672
0.0302905108025
0.0932265932752
0.109095792355
0.116121809395
0.101700497672
0.0302905108027
0.0932265932751
0.109095792355
0.116121809395
0.101700497672
0.0302905108029
0.0932265932749
0.109095792356
0.116121809394
0.101700497672
0.0302905108031
0.0932265932747
0.109095792356
0.116121809394
0.101700497672
0.0302905108033
0.0932265932746
0.109095792356
0.116121809394
0.101700497672
0.0302905108034
0.0932265932744
0.109095792357
0.116121809393
0.101700497672
0.0302905108036
0.0932265932743
0.109095792357
0.116121809393
0.101700497672
0.0302905108038
0.0932265932741
0.109095792357
0.116121809393
0.101700497672
0.0302905108039
0.093226593274
0.109095792357
0.116121809392
0.101700497672
0.0302905108041
0.0932265932739
0.109095792358
0.116121809392
0.101700497672
0.0302905108043
0.0932265932737
0.109095792358
0.116121809392
0.101700497672
0.0302905108044
0.0932265932736
0.109095792358
0.116121809392
0.101700497672
0.0302905108046
0.0932265932735
0.109095792359
0.116121809391
0.101700497672
0.0302905108047
0.0932265932733
0.109095792359
0.116121809391
0.101700497672
0.0302905108048
0.0932265932732
0.109095792359
0.116121809391
0.101700497672
0.030290510805
0.0932265932731
0.109095792359
0.11612180939
0.101700497672
0.0302905108051
0.093226593273
0.10909579236
0.11612180939
0.101700497672
0.0302905108052
0.0932265932729
0.10909579236
0.11612180939
0.101700497672
0.0302905108054
0.0932265932728
0.10909579236
0.11612180939
0.101700497672
0.0302905108055
0.0932265932722
0.109095792363
0.116121809389
0.101700497675
0.0302905108056
0.0932265932721
0.109095792363
0.116121809389
0.101700497674
0.0302905108057
0.093226593272
0.109095792363
0.116121809389
0.101700497674
0.0302905108058
0.0932265932719
0.109095792363
0.116121809389
0.101700497674
0.030290510806
0.0932265932718
0.109095792364
0.116121809389
0.101700497674
0.0302905108061
0.0932265932717
0.109095792364
0.116121809388
0.101700497674
0.0302905108062
0.0932265932712
0.109095792366
0.116121809388
0.101700497677
0.0302905108063
0.0932265932711
0.109095792366
0.116121809388
0.101700497677
0.0302905108064
0.093226593271
0.109095792367
0.116121809388
0.101700497677
0.0302905108065
0.0932265932709
0.109095792367
0.116121809388
0.101700497677
0.0302905108066
0.0932265932708
0.109095792367
0.116121809387
0.101700497677
0.0302905108067
0.0932265932707
0.109095792367
0.116121809387
0.101700497677
0.0302905108068
0.0932265932707
0.109095792367
0.116121809387
0.101700497677
0.0302905108068
0.0932265932706
0.109095792367
0.116121809387
0.101700497677
0.0302905108069
0.0932265932705
0.109095792368
0.116121809387
0.101700497677
0.030290510807
0.0932265932704
0.109095792368
0.116121809387
0.101700497677
0.0302905108071
0.0932265932704
0.109095792368
0.116121809386
0.101700497677
0.0302905108072
0.0932265932703
0.109095792368
0.116121809386
0.101700497677
0.0302905108073
0.0932265932699
0.10909579237
0.116121809386
0.101700497679
0.0302905108073
0.0932265932698
0.10909579237
0.116121809386
0.101700497679
0.0302905108074
0.0932265932697
0.10909579237
0.116121809386
0.101700497679
0.0302905108075
0.0932265932693
0.109095792372
0.116121809386
0.101700497681
0.0302905108076
0.0932265932693
0.109095792372
0.116121809386
0.101700497681
0.0302905108076
0.0932265932692
0.109095792372
0.116121809385
0.101700497681
0.0302905108077
0.0932265932691
0.109095792373
0.116121809385
0.101700497681
0.0302905108078
0.0932265932691
0.109095792373
0.116121809385
0.101700497681
0.0302905108078
0.093226593269
0.109095792373
0.116121809385
0.101700497681
0.0302905108079
0.093226593269
0.109095792373
0.116121809385
0.101700497681
0.0302905108079
0.0932265932689
0.109095792373
0.116121809385
0.101700497681
0.030290510808
0.0932265932689
0.109095792373
0.116121809385
0.101700497681
0.0302905108081
0.0932265932688
0.109095792373
0.116121809385
0.101700497681
0.0302905108081
0.0932265932688
0.109095792373
0.116121809384
0.101700497681
0.0302905108082
0.0932265932687
0.109095792373
0.116121809384
0.101700497681
0.0302905108082
0.0932265932687
0.109095792374
0.116121809384
0.101700497681
0.0302905108083
0.0932265932686
0.109095792374
0.116121809384
0.101700497681
0.0302905108083
0.0932265932686
0.109095792374
0.116121809384
0.101700497681
0.0302905108084
0.0932265932685
0.109095792374
0.116121809384
0.101700497681
0.0302905108084
0.0932265932685
0.109095792374
0.116121809384
0.101700497681
0.0302905108085
0.0932265932685
0.109095792374
0.116121809384
0.101700497681
0.0302905108085
0.0932265932684
0.109095792374
0.116121809384
0.101700497681
0.0302905108086
0.0932265932684
0.109095792374
0.116121809384
0.101700497681
0.0302905108086
0.0932265932683
0.109095792374
0.116121809384
0.101700497681
0.0302905108087
0.0932265932683
0.109095792374
0.116121809383
0.101700497681
0.0302905108087
0.0932265932683
0.109095792374
0.116121809383
0.101700497681
0.0302905108087
0.0932265932682
0.109095792374
0.116121809383
0.101700497681
0.0302905108088
0.0932265932682
0.109095792375
0.116121809383
0.101700497681
0.0302905108088
0.0932265932679
0.109095792376
0.116121809383
0.101700497682
0.0302905108089
0.0932265932679
0.109095792376
0.116121809383
0.101700497682
0.0302905108089
0.0932265932679
0.109095792376
0.116121809383
0.101700497682
0.0302905108089
0.0932265932678
0.109095792376
0.116121809383
0.101700497682
0.030290510809
0.0932265932678
0.109095792376
0.116121809383
0.101700497682
0.030290510809
0.0932265932678
0.109095792376
0.116121809383
0.101700497682
0.030290510809
0.0932265932675
0.109095792377
0.116121809383
0.101700497684
0.0302905108091
0.0932265932671
0.10909579238
0.116121809383
0.101700497686
0.0302905108091
0.093226593267
0.10909579238
0.116121809383
0.101700497686
0.0302905108091
0.093226593267
0.10909579238
0.116121809383
0.101700497686
0.0302905108092
0.093226593267
0.10909579238
0.116121809383
0.101700497686
0.0302905108092
0.093226593267
0.10909579238
0.116121809382
0.101700497686
0.0302905108092
0.0932265932669
0.10909579238
0.116121809382
0.101700497686
0.0302905108093
0.0932265932669
0.10909579238
0.116121809382
0.101700497686
0.0302905108093
0.0932265932669
0.10909579238
0.116121809382
0.101700497686
0.0302905108093
0.0932265932667
0.109095792381
0.116121809382
0.101700497687
0.0302905108093
0.0932265932667
0.109095792381
0.116121809382
0.101700497687
0.0302905108094
0.0932265932666
0.109095792381
0.116121809382
0.101700497687
0.0302905108094
0.0932265932664
0.109095792382
0.116121809382
0.101700497689
0.0302905108094
0.0932265932664
0.109095792382
0.116121809382
0.101700497689
0.0302905108094
0.0932265932664
0.109095792382
0.116121809382
0.101700497689
0.0302905108095
0.0932265932664
0.109095792382
0.116121809382
0.101700497689
0.0302905108095
0.0932265932663
0.109095792382
0.116121809382
0.101700497689
0.0302905108095
0.0932265932663
0.109095792382
0.116121809382
0.101700497689
0.0302905108095
0.0932265932661
0.109095792383
0.116121809382
0.10170049769
0.0302905108095
0.0932265932661
0.109095792383
0.116121809382
0.10170049769
0.0302905108096
0.0932265932661
0.109095792383
0.116121809382
0.10170049769
0.0302905108096
0.0932265932661
0.109095792384
0.116121809382
0.10170049769
0.0302905108096
0.0932265932661
0.109095792384
0.116121809382
0.10170049769
0.0302905108096
0.0932265932661
0.109095792384
0.116121809382
0.10170049769
0.0302905108096
0.093226593266
0.109095792384
0.116121809382
0.10170049769
0.0302905108097
0.093226593266
0.109095792384
0.116121809382
0.10170049769
0.0302905108097
0.093226593266
0.109095792384
0.116121809382
0.10170049769
#alpha_true= [ 0.19356424  0.25224431  0.21259213  0.19217803  0.14942128]
#alpah_est = [ 0.16327373  0.15901772  0.32168793  0.30829984  0.04772079]
#beta_ture [ 0.4  0.8  1.2  1.6  2. ]
#beta [ 1.61849382  0.49528977  0.49528978  1.61849382  0.49528969]
