1 -7.78902757773 -5.41555864202
2 -6.1767103708 -5.3248542866
3 -5.28724488836 -4.52661413093
4 -3.51229590369 -3.63320260297
5 -3.30876255258 -2.32357134178
6 -1.56125933436 -1.97847407876
7 -1.40727589433 -0.83018144515
8 -0.36018484237 -0.317316629951
9 -0.284865081874 -0.358175253003
10 0.0687799247075 0.468225431787
11 0.53006908917 0.317184913882
12 0.652152662674 0.0305239672893
13 1.01134738755 0.450625481769
14 0.545079763439 -0.0214492992412
15 0.1358706356 -0.0533108218481
16 0.794138151562 0.726712402996
17 1.2647357296 0.172856792391
18 1.28198712165 0.570299582836
19 0.643375883735 -0.0844615385132
20 0.275528030798 0.434215174333
21 -0.395703564814 0.531887583508
22 -0.596470884253 0.859621172982
23 0.151353169253 0.681200943494
24 1.12579510394 0.928003321658
25 1.94703280249 0.0562614674267
26 0.767134289038 0.948124313932
27 0.950419993836 0.852990970122
28 0.566196735156 0.970872433587
29 0.809622629235 1.12257317516
30 1.2285073382 0.724740987296
31 1.37805135564 0.990381379135
32 0.152029280174 1.89169097641
33 0.278464928954 1.02285168649
34 1.63903116609 1.71956969887
35 2.5222084559 0.617824573279
36 2.1513148884 0.69486213806
37 1.02328018681 0.973065424509
38 0.85493591631 1.18569867907
39 0.603796991068 2.60752092041
40 0.202986823774 2.6483584464
41 1.07220777463 1.69415022256
42 0.62354481841 1.33768397303
43 0.248192394927 2.27711588205
44 -0.394675973228 2.19443030185
45 0.804269391731 1.08340082554
46 1.0605558617 0.285425103682
47 1.53315489816 2.05376318828
48 1.45942545764 1.79860566045
49 0.476518022573 1.13082744409
50 0.98790690612 0.515578317437
51 1.02744767123 0.507950942816
52 1.24496910421 0.460496926178
53 1.10321879779 0.733052644096
54 0.274823431409 0.814737792144
55 0.0333432878767 0.201239189538
56 0.990652712519 0.20837493729
57 1.02084385403 1.17092883429
58 -0.0797381302859 1.10525154815
59 0.342824761652 1.07067780594
60 0.200399438096 1.87681306534
61 -0.203562439528 2.7069161632
62 -0.243673341295 1.31696330284
63 -0.237879738774 1.37522867499
64 0.030741770174 0.784047233903
65 1.12901190151 1.17678989092
66 0.86622732987 0.908476518964
67 -0.0325336819373 0.813222767082
68 0.266462902986 2.07732082418
69 0.755778974723 1.08283869051
70 0.544591856366 1.03012652736
71 0.329475042775 1.95119453346
72 0.378319938628 1.64711316776
73 0.951863315832 2.19380499993
74 1.64401428851 2.3265491064
75 1.04879070546 1.55605446279
76 0.823942457523 1.047158386
77 1.14810948832 1.19040419864
78 -0.238003169318 1.08234268423
79 -0.404927515777 1.2227390462
80 0.226878223445 0.726209324458
81 -0.483237034446 0.731306126892
82 -0.145911919682 0.992903298994
83 0.929717827551 0.535873818322
84 1.10476242444 -0.314975675071
85 0.846782902833 -0.832315299014
86 1.13031693313 -0.831016112189
87 2.22669490157 -1.88470066154
88 1.89299550758 -1.03172673333
89 1.8602409909 -0.274892523638
90 2.15941866091 -0.172895209497
91 2.02750176425 -0.224490885525
92 1.52536446588 -0.495864529702
93 0.925746421471 0.323908499199
94 0.301694456256 -0.000163945714292
95 1.07493725052 0.325975354528
96 1.54757984278 0.791265187984
97 1.56736904185 1.55080847523
98 1.69950784231 1.4955062593
99 1.18736059759 1.5198740772
100 0.383245024425 1.18504270716
101 1.60504888456 1.00561788023
102 0.594258129096 0.50686926949
103 0.898192038251 1.93714292702
104 0.888817063474 1.39500594367
105 1.57214348282 0.821379620389
106 1.22382696771 1.24221978996
107 0.44453904319 1.8702194056
108 0.892011853583 1.22725695734
109 0.582900677219 0.962365089307
110 0.6140991396 1.26962987904
111 1.58429033913 2.53490538042
112 1.8419260624 1.8092319857
113 2.6835763454 1.82234712002
114 2.26639789183 1.39254427947
115 1.93035349842 0.850917851393
116 1.56940592419 0.32212699599
117 2.07060672385 0.875885430359
118 2.11569785053 0.0930706933712
119 2.56683813725 -0.291796738269
120 1.59270693685 0.558518876009
121 1.57275638454 1.68174326526
122 0.279068404717 1.43306029477
123 1.19491623761 1.00237257284
124 0.935790018791 1.72584189549
125 0.219798419595 0.924714313555
126 1.11215342804 0.483871544343
127 1.11403760616 0.832291834474
128 0.612387530024 0.193915003551
129 1.34680974047 0.68142900013
130 1.5855825298 0.195771606699
131 1.86766041729 0.164507611111
132 2.1965586164 1.47102379537
133 2.46121044064 2.45605233379
134 1.27295076651 2.22621486056
135 1.34340124364 2.35594298294
136 1.19858104273 2.16542553422
137 1.60987945073 1.36784939716
138 1.15885411471 1.65201440719
139 0.89843710238 1.48285525736
140 0.778519416031 2.1107665583
141 0.505265747045 2.38603886684
142 1.58890367258 1.8085279229
143 1.62522671141 1.12693201152
144 1.24890501836 0.771547335349
145 0.734686919927 1.21011179533
146 1.26725615577 0.0768896903976
147 0.397008002461 0.741535798461
148 0.573475027777 0.976769806557
149 1.30512184205 -0.90334344517
150 2.12532000975 0.721635448012
151 1.81880976115 0.678062677693
152 1.18479710606 0.17562875454
153 0.968998116637 1.09658556963
154 0.519732554688 1.30687782551
155 0.726401153387 2.0497822075
156 0.406058533994 1.53997145935
157 -0.307882697803 0.550024526511
158 1.22454338577 0.692696264767
159 1.22886118987 1.13198154759
160 1.91183321391 0.882470354888
161 1.49346871674 0.907384907788
162 2.20757572937 0.516526668286
163 1.07940963099 1.46684714508
164 1.12988837074 0.620192831905
165 0.421874394402 -0.0699456046008
166 0.462363519065 -0.273069635229
167 0.471244787317 0.326010287218
168 -0.483121875345 0.99544101898
169 0.127164066048 0.609557397235
170 0.153674331637 1.26291422812
171 -0.302661403692 1.58513722714
172 0.953924281948 1.2390186038
173 0.574388496901 0.75119377413
174 0.593576173365 0.26817448686
175 -0.006581946367 1.10959575335
176 1.01973361313 0.91730968051
177 1.45876614765 1.67034959515
178 0.746384339903 2.02289303171
179 1.42687187184 1.19298563094
180 1.08623523007 0.570980264102
181 1.48687008023 0.582561816307
182 1.14014818199 0.130972544116
183 0.935570889519 -0.0447113845133
184 0.835942687316 -0.487266769296
185 1.56306774151 -0.314747382501
186 0.570452262909 1.24318494285
187 1.16424736673 0.793352972835
188 0.4388758302 0.863941048338
189 0.790195441139 0.496425132451
190 1.72184870868 1.06405011083
191 2.38058909411 1.75417716753
192 1.44446968425 1.7051833683
193 1.84435135001 1.108887171
194 0.450030596581 0.857949006105
195 -0.731503008401 1.25507720025
196 0.0914774616795 0.799585028907
197 0.629549642451 -0.0343031009365
198 1.72364015291 0.477533449176
199 1.22260437816 0.711286317162
200 1.47339662505 0.611690690293
201 1.29842200005 0.665066891049
202 0.799552924854 0.929009700779
203 1.62923098552 0.110274478561
204 1.27669745017 0.0509905736622
205 0.868984566751 0.434168909665
206 0.265039218676 0.372074064101
207 1.22125830883 0.407270266111
208 1.65309023245 0.663531179006
209 0.50706767239 2.11585078672
210 0.16139597324 2.16854193791
211 0.392060217026 1.78531965925
212 1.1930629224 0.395097998522
213 0.40317827768 0.443413811005
214 0.510574613372 1.099706797
215 1.13006648678 0.759138578471
216 0.65407475749 0.839342633315
217 0.05210385836 0.30401897797
218 0.403481174177 1.11217324526
219 1.05047349581 1.43094554712
220 1.12441052202 1.00174375564
221 0.683546599658 1.28311381445
222 1.61452665461 1.85090562274
223 1.5231216728 1.9224966947
224 1.40237416638 1.45749559016
225 1.69677621201 0.675206850535
226 1.29595278809 1.27519356695
227 1.32606211845 1.1423544575
228 1.39788583509 1.42627524258
229 0.796783574548 1.60110757209
230 -0.264444476207 1.86835573439
231 0.816519695494 2.09542509411
232 0.769227916086 1.01804894534
233 0.702067041783 -0.377039862884
234 1.05079543585 0.41202466558
235 1.66693646341 -0.365293150058
236 2.36009789462 -0.847387585586
237 1.67300566325 -0.8792607089
238 1.18519866267 0.234868501765
239 0.748086991398 0.41148721193
240 1.66777801522 0.843720113625
241 2.36814566754 1.1286645315
242 2.12376845241 0.561650621305
243 1.94735981871 1.11058906299
244 1.24964808464 1.14999985954
245 0.594424095636 1.37613043787
246 1.06281749952 1.35747608586
247 0.789617819291 0.596746443253
248 1.2549871179 0.365924762117
249 0.0950184929451 0.8366579701
250 1.76753308267 1.60607099951
251 1.43790378597 1.11928609966
252 0.314682517872 0.917472936395
253 1.5871212489 -0.392907344035
254 0.967314340657 -0.268422985761
255 0.2629184299 0.556761016958
256 -0.107642357653 0.886901740435
257 0.312163413422 1.67858470856
258 0.672978339692 1.48829771873
259 0.763286485639 0.995976759225
260 0.317155316535 1.25519551118
261 0.818006477779 0.968363855355
262 1.03059243835 1.34698850678
263 2.23744901797 1.35541574747
264 0.686380458507 0.977362523251
265 1.49290174401 0.699998546341
266 1.23988417812 1.67281885867
267 1.35360047713 1.05951983891
268 1.57935963214 2.1988376479
269 2.69605060301 1.33699426917
270 2.69736958899 1.43085011483
271 2.32101303456 1.58762294396
272 2.3267101164 1.6289840314
273 2.62264395496 1.90941713134
274 2.03202377393 0.671468501396
275 0.580538771833 1.43843811642
276 0.590965447174 1.77648852089
277 0.3953917282 0.718882189415
278 1.12083003542 -0.134655245734
279 0.279667643467 0.608134704901
280 0.897745328165 0.772054823434
281 0.858826001672 0.912768914665
282 1.08630371107 0.799152611305
283 0.24681700618 1.61114026155
284 0.920352445116 1.4161937744
285 -0.455409320498 0.560360646678
286 0.656410890477 0.338093187584
287 0.678404645435 0.183383961392
288 1.56092521702 0.424899264911
289 0.481494696978 0.685659400033
290 0.546161801878 1.2229870512
291 0.986288847726 1.79445833378
292 1.57516829487 2.38099933288
293 0.210529186734 1.01314132722
294 0.438173945592 0.997983496694
295 0.828476655166 1.1481288498
296 0.481403251277 1.32791281588
297 0.660935018913 0.688697697523
298 0.850747599345 0.514673589836
299 1.00439044308 0.980546863653
300 0.762232001563 1.3523623139
301 -0.0492577398939 1.72469717026
302 1.03802609809 1.63286743988
303 1.18382298313 0.518029354055
304 1.22183780846 1.03524116148
305 2.3878204559 1.75406554888
306 1.67422641134 1.19878323779
307 2.34838306408 1.56614954046
308 1.71730658811 0.626416880112
309 2.36389656241 0.465755859171
310 2.76320738351 1.36913010059
311 1.18685079012 1.51565076196
312 0.66595682947 1.1459722328
313 0.65751130368 1.12025842843
314 0.493150554525 0.609878216221
315 -0.829421641989 1.25930124164
316 -0.25497468515 0.545212683505
317 0.172499267024 0.00701457159984
318 0.921481127331 -0.276184969323
319 1.54856356727 0.522092658684
320 0.464394494395 0.548217775051
321 0.140394419856 0.0908969005806
322 -0.518225655464 0.756711312984
323 0.467439087117 0.308688029137
324 1.00621356638 -0.250076061597
325 0.317089561698 0.359398292
326 -0.484285060788 0.420113800128
327 0.978301028026 0.809497712071
328 0.788865469159 0.285235385855
329 0.220859785016 1.01986293341
330 -0.269427577164 1.0793228164
331 0.0164392873923 1.01317990065
332 0.592772951572 0.986943057558
333 0.536866896027 1.53155203189
334 0.872154340183 0.997036347923
335 0.849472328164 0.799622356484
336 -0.0492224843681 1.80841974702
337 0.860955353585 1.64512540594
338 0.530155794258 1.55806024194
339 0.511014829638 1.34386205297
340 0.536085149284 1.34522885089
341 0.526397438847 1.50965554114
342 -0.024460424928 2.08198604403
343 -0.174144132924 0.559017064472
344 0.30711930509 0.99795362727
345 0.480083396022 0.109328809815
346 1.10620876392 0.888181208102
347 0.742214949057 1.77073220851
348 0.836592063779 0.699755722475
349 1.42269898818 0.639408525553
350 2.56970381951 1.15263118799
351 2.63351237756 0.869258810661
352 0.923963723794 1.57651904961
353 -0.404404745019 1.30555543313
354 -0.39102946686 1.09763019988
355 0.551576675237 1.99518056232
356 0.263489832783 1.52206339988
357 -0.0136107761647 0.933977587514
358 0.797596142614 0.637891085434
359 1.25340673422 1.03371831279
360 0.833195686115 1.27047993144
361 0.487834367608 1.02648766769
362 1.23195254835 1.74289402566
363 0.774179311173 1.80799550603
364 0.780829711618 1.14233581374
365 0.77614777573 0.459751493865
366 1.30212167392 1.26417025088
367 0.782731592741 2.20444555668
368 0.722896595991 1.5261991212
369 1.20106159447 2.06478811141
370 0.517130690398 1.8359201897
371 1.21090933833 0.829289158434
372 1.31551634054 1.99246360968
373 1.20952196146 1.64998743797
374 0.392835681451 1.59357956696
375 0.575213756165 1.59553401882
376 1.53803646241 1.34388096246
377 0.624303975878 1.2695041414
378 1.50205027567 1.22900861422
379 0.83700356458 1.1836724052
380 0.800958355228 0.179535336834
381 -0.0424361019059 -0.296597900288
382 0.642185135743 0.600698669653
383 0.726195424697 1.79874214771
384 0.893076825633 1.92908193123
385 0.0865795742694 0.0992835989709
386 0.862325023171 -0.096754826396
387 1.56734589856 0.717676888722
388 1.9970120519 1.43539678443
389 1.57629661974 1.37466282593
390 2.3469899411 1.49071793831
391 2.32733850545 1.79854097558
392 2.23039800208 0.963476442251
393 1.90310995874 0.984496598413
394 2.26855269825 1.28136343968
395 0.785730030451 1.23205786903
396 0.982008306085 1.10744838468
397 0.446016629189 1.52171524379
398 0.599653457099 1.59957898531
399 1.168765592 0.515198294561
400 0.964898783711 0.889609780255
401 0.648154671636 1.27203792008
402 1.10652136971 0.508240056486
403 1.10728606495 0.263327982301
404 0.921991904206 1.30875823462
405 1.34129933402 0.970357389216
406 1.48770436127 1.30399699582
407 0.667948846999 -0.134633676328
408 0.735544223403 -0.292898430474
409 -0.0298429189842 0.11427165523
410 0.0687674902332 0.0194121405691
411 0.715440558208 0.224774765067
412 0.649202813229 0.478100381329
413 0.795894699049 0.760934745812
414 2.30588447558 1.85094259277
415 1.33525090377 1.60467766912
416 2.15440374871 1.36850254556
417 1.07568976759 1.03597170068
418 0.0410169035718 0.924046967527
419 0.111286454386 0.792635286802
420 -0.595547045686 1.2273223394
421 -0.270446003027 0.726790332705
422 0.0208665748772 0.381189091039
423 1.15894102671 0.722652703568
424 1.38221796934 0.79148007346
425 0.965551763823 1.38829771947
426 1.26998857653 1.27007797965
427 2.11066179113 0.441042501525
428 2.00359199127 1.5893942417
429 0.842915879233 1.19995538551
430 0.774971686759 1.22720122853
431 0.0504535841727 0.749703516431
432 0.226981127951 1.22830465443
433 0.909373139258 0.200556986286
434 0.705939562426 0.14160644126
435 -0.0253206895346 0.196946249417
436 0.155524221588 0.483289323768
437 1.29537196166 0.71986565007
438 0.711922066581 1.02763828721
439 -0.369401688107 1.69624534047
440 0.848209425263 0.667402532892
441 1.51627790924 0.593925469409
442 0.835047864442 0.898383560331
443 0.450858707158 1.30954505765
444 0.972154171746 0.192908834675
445 1.22583203918 -0.524292841798
446 1.49950957678 0.375957444079
447 1.01971618305 0.610648313112
448 0.313309488516 1.03017907629
449 0.923771920839 1.53504911634
450 1.3235491885 1.73530344807
451 1.72845268517 1.41238830817
452 1.04469701201 1.37611437116
453 0.882702899457 0.357457834381
454 1.23287573615 0.126667219582
455 1.10009474803 1.10457075468
456 1.56453338564 1.1207726256
457 1.59210955951 0.573492915311
458 1.44149544783 0.953844486152
459 0.881262217207 0.0959141372731
460 0.429123532919 -0.223356962549
461 1.06865549646 -0.330407630766
462 1.98678501825 -0.120965592266
463 1.61441207149 0.778968103804
464 2.35314803374 0.644059169063
465 2.72545764172 -0.0608898514997
466 2.25061813477 0.364752804126
467 1.94425193454 0.866380183174
468 1.28367610721 1.17776558312
469 0.133959128181 1.60445809267
470 0.701631346367 1.14598165344
471 1.65959810109 0.286219199628
472 1.28582675596 0.287238236036
473 0.784174963779 1.14529138048
474 0.327920505859 1.05649587032
475 0.613530511318 0.421390784239
476 1.06571306628 1.27955665533
477 1.29926064898 1.58414012194
478 1.57370605744 1.48747330585
479 0.808832196763 0.726322614764
480 1.19891962866 1.76193312666
481 0.389806776746 0.334717330756
482 0.903364598532 0.660372792824
483 1.66973518154 0.293834398779
484 1.01702635698 0.117023371063
485 0.97845012465 1.9168323242
486 0.978567988121 1.23237907815
487 0.51745297435 0.82549812057
488 0.784542471276 0.248319687651
489 1.62669126567 1.09657242201
490 0.80960817804 1.77467268166
491 1.43458727521 2.06299972996
492 0.848775959648 1.94636990054
493 1.17616717241 1.50587570302
494 0.91125487949 0.902488209374
495 -0.530617860169 0.552227162858
496 -0.0443950092115 0.782770918503
497 -0.794268014629 0.587858444348
498 -0.602392456057 1.30365775694
499 -0.250906308355 0.736171878112
500 0.0210345548933 0.144803215826
501 1.2530176905 0.681455564292
502 0.328876093113 0.444392350204
503 0.368628399557 1.14438077876
504 0.0317950214255 1.27514994474
505 0.957383988319 0.962163652872
506 0.722405986442 0.963377868613
507 0.484546989126 0.896943509043
508 0.473193078807 1.13773868907
509 1.46356561218 1.89979133511
510 1.47568424677 1.37503458515
511 1.38657180854 0.786844579354
512 0.987084100513 0.749235765088
513 0.609743171805 0.683152432184
514 1.66819643327 0.885554974497
515 0.201118195872 0.648557724554
516 0.803488912201 0.0281011802515
517 0.999107354552 0.708785743326
518 1.41954122392 0.37029657938
519 1.5216743885 0.0301013051436
520 1.10305213205 1.01750406749
521 1.75894288033 1.6191101973
522 1.84363377217 1.33057840988
523 1.45363435887 1.25845620326
524 0.808124393492 1.33225665449
525 0.871326315975 1.35136516231
526 1.97321114794 1.06554887231
527 2.03572279043 1.0850474771
528 1.59113124518 0.637674840054
529 2.14334677437 0.447884516209
530 1.79871103382 0.877944482343
531 2.0810086322 0.540605025991
532 2.14179661566 0.550595127031
533 1.65703761093 1.45058389604
534 0.819906511465 1.11351768035
535 1.55862339234 1.15657872058
536 1.46143438112 0.459324439358
537 1.39853781496 0.532048210959
538 0.61946952944 0.195618672649
539 1.87565327042 1.44764493918
540 2.13904647764 1.09852874977
541 2.2009101881 0.108222959239
542 1.08484426157 -0.529002687351
543 1.67024147471 0.0827943931612
544 0.998221594227 1.15795079663
545 1.05973575115 1.38757371042
546 1.53183440407 1.56207175502
547 1.57255904673 2.14488351383
548 -0.403586167821 1.4761541394
549 0.309907331832 1.24156736959
550 0.578471361323 1.17076761773
551 0.151396813624 0.860522857856
552 1.35884065722 0.903761442582
553 1.89566645947 0.489435181335
554 1.8594478009 0.555158214871
555 1.95636440848 0.576829148714
556 1.80572401961 1.13480580026
557 2.25167949338 1.49385715767
558 1.08601629138 1.32657901898
559 1.83035135472 0.943216038595
560 1.34836805971 0.0534629978102
561 1.14660793632 1.54958257107
562 1.85216406802 1.3176978417
563 0.987496392836 1.27572720411
564 1.36548061903 1.85448244712
565 2.23725264849 1.9403070054
566 1.43980786546 1.70431106737
567 1.46648678249 1.25113880077
568 0.809468123646 0.194695782468
569 1.34842613597 0.296062962588
570 1.58063904672 1.07956873834
571 1.14386201289 1.36271684333
572 0.759186702348 1.08779092814
573 0.837609974061 0.530422525582
574 0.667358648969 1.92574168577
575 0.734775789178 1.91604592399
576 0.737538192085 1.53898057999
577 1.11419173714 0.464125786163
578 1.16212296439 0.549899599132
579 0.155877027591 0.709579188023
580 0.842402055992 0.771126696066
581 1.45668139959 0.741349855532
582 1.74070890787 1.26961855185
583 1.40225193548 1.06765033619
584 1.02483102454 0.707877466303
585 0.850174894687 0.662147196625
586 0.592409188984 0.269994331698
587 0.0194191313526 0.670157000367
588 0.0812439063366 0.825887986831
589 0.633150829675 0.600648196971
590 0.115124724369 1.52196258544
591 1.16826774445 0.701592975673
592 1.10261732718 0.735400233883
593 2.56110088092 0.854499273108
594 1.87900973731 0.286291125147
595 1.66669397556 1.63610891617
596 1.57097559296 1.8113043262
597 1.65742077481 2.00670225017
598 1.1131865938 1.75183840534
599 1.15803172384 1.10040323223
600 1.59945683868 1.77759482039
601 1.20279860061 1.29325362235
602 0.907672941509 -0.286362820008
603 1.28943486353 0.495814503413
604 1.18604361962 2.09389752294
605 1.93793840563 1.48124477873
606 1.35854570204 1.58196511652
607 1.56300620169 1.45411695665
608 1.08013576801 0.611321324382
609 1.3748860194 1.61586315238
610 1.68373700474 0.998222079228
611 1.09257008437 0.91275473
612 0.851517167376 0.86833143915
613 0.660560057981 0.482368210857
614 1.57284249884 1.58112841092
615 1.61810967148 1.53540862627
616 1.56159556763 2.09230659764
617 1.79573367087 0.615540331113
618 1.69963883127 0.567889556588
619 1.23231277424 1.48118177167
620 1.3532541161 1.36437585712
621 1.27978462406 1.82228403619
622 1.54262451949 1.28682286927
623 1.26882548777 0.712767128978
624 1.1651502459 -0.21564131622
625 0.839418902692 0.4398519857
626 0.64393626741 0.763163738649
627 0.261098761143 2.53246633808
628 1.66988885578 1.84799331465
629 0.615731940388 1.19060923098
630 1.27850293193 0.663033816248
631 1.3747644912 0.925363791503
632 1.8981678051 0.266207694916
633 1.26791988217 0.552214202516
634 0.486017299507 1.22229455539
635 1.0310490676 0.751546257813
636 1.14883383778 1.21633568504
637 0.519964342302 1.22815335562
638 -0.0957789961385 1.03258096029
639 1.02947308542 1.21156123569
640 1.75044372033 1.56597324332
641 1.12556985663 0.794713112763
642 1.19489781312 0.393812786719
643 1.53294152458 0.405875967623
644 1.76138430079 0.192779737823
645 0.802806386636 -0.0103734396308
646 0.202708948371 0.199248243653
647 0.513330824527 1.87344149171
648 0.768224220421 1.56348626991
649 0.360073239163 0.712299771438
650 -0.13204788254 1.21332448926
651 0.199524897873 1.75230763273
652 0.490211743917 1.76046845033
653 0.935962618359 1.513247444
654 -0.0958501529982 0.376371905112
655 0.45829662118 1.53950565444
656 1.64451219416 1.22502499505
657 0.835601386904 1.30188592451
658 0.272531743798 0.693045218923
659 0.320019493137 2.25918650819
660 0.0270032548052 2.25602329001
661 0.383519864903 2.36300573766
662 0.294337468767 1.84235521232
663 1.43672187744 1.01401191112
664 1.30704406423 1.20068443881
665 1.90823711694 1.99502785481
666 2.22452935686 2.29006256599
667 3.39299044146 1.84883687818
668 2.47038525459 1.67007619917
669 2.09572429795 1.09356251248
670 1.78355434695 1.43999648993
671 1.36602830618 1.22661270955
672 1.01574234271 0.185787855721
673 0.868901844686 0.353196595895
674 1.03221384104 -0.069506275108
675 1.30778609933 -0.800138852215
676 1.39711403948 0.00300933927803
677 2.08505301415 -0.783478854188
678 1.46118457031 -0.267452427691
679 0.87876124971 0.645691249053
680 0.461757820195 0.725400161689
681 1.31529291973 1.44935860857
682 1.44093759194 1.9910434134
683 1.39121517952 2.72147679245
684 0.490335196073 2.24431467834
685 1.12245547195 1.72038143928
686 0.422149466824 1.58597723548
687 1.80204307274 1.0848947756
688 1.70881920991 1.05627136613
689 2.02513207631 1.46618428525
690 1.6758084833 1.02037082897
691 0.840102682896 1.44948602437
692 2.48504825064 1.97242694259
693 2.36770004103 3.13081617611
694 1.77241391102 2.44927158684
695 1.06821998672 2.2611596413
696 1.55245654211 0.640373795024
697 1.16668955228 0.167153120806
698 0.584484164383 0.648124371805
699 1.46251550791 1.30579041407
700 1.40046557218 0.849646576844
701 1.32871189324 0.768212662222
702 1.96946177488 0.72746861941
703 0.765904756355 0.702928091888
704 1.46398700526 1.31443450057
705 0.863774177819 0.904352010845
706 0.8584944039 0.0908382846015
707 0.838203777243 0.869094585352
708 0.705253539415 1.26003887173
709 1.29437868928 1.15882784431
710 0.954585908603 1.49957353042
711 1.19218818373 1.55207055246
712 1.62564763225 1.43573649603
713 1.28523466091 0.226442659151
714 1.65434477295 0.699170243227
715 0.650806262015 0.990692528278
716 1.05100238243 0.847556133448
717 0.0400543146504 1.24034543183
718 0.658922655155 1.86761616885
719 1.71821453969 1.7630409879
720 1.65656855995 2.08662472691
721 0.793667902295 1.23620328699
722 1.03389212734 1.26304846315
723 1.64111380293 0.685226673021
724 1.64916112864 0.618908184402
725 2.15672547688 1.55747179198
726 0.907257605233 1.21476691181
727 1.35067997993 1.79995623484
728 1.48026859254 1.97132457293
729 1.5798255869 1.99309191244
730 1.11747595892 1.59317911494
731 0.519769647414 0.553502093844
732 1.21342816646 -0.241817348711
733 0.497798157289 0.0368843495243
734 0.665303738861 0.895248153552
735 1.40366697221 1.68161474842
736 1.90211764144 0.898177072424
737 1.53240684167 1.18190738263
738 1.13283077292 1.32506957599
739 0.485074406619 1.44438836689
740 0.313120139643 0.619375206514
741 1.11061127655 1.20210251066
742 1.78603257271 0.298636750944
743 1.45567441118 0.488046793284
744 1.05839229036 0.414254514432
745 1.13819548427 0.0799186362018
746 0.509059004043 0.611759195385
747 0.969858441278 2.16375931249
748 2.09979124039 1.05269924638
749 1.45914305883 1.18414365338
750 2.01661448918 1.06661445304
751 1.37868395138 1.09050346162
752 0.463304159729 1.74055121836
753 0.208058276484 0.74645968782
754 -0.529786089211 0.742214265774
755 0.39977494675 0.229861494005
756 0.781130151298 1.2667589002
757 1.0515892377 1.31792432138
758 0.253352745644 0.339936127099
759 -0.559514694796 0.745667354233
760 0.139208705059 -0.334624021755
761 1.16183969455 0.0227063114175
762 1.30656555754 0.351291742991
763 1.21918585434 0.541308625293
764 0.982420694962 0.756780027643
765 1.11244385459 1.37395078276
766 1.15194394322 1.5923185395
767 0.191217513843 1.66162296265
768 0.0583691323323 0.17427065896
769 0.901113599199 1.24429591469
770 0.185817899033 1.02821161457
771 0.455913386269 1.47839984807
772 0.431317369352 2.03782878009
773 0.725029636983 0.923685038363
774 0.523030335272 1.06089324583
775 0.470986254538 0.614438104624
776 -0.54262316045 1.26039118543
777 -0.712078998836 0.240780004896
778 0.277665432344 0.172288013394
779 0.0872548302499 0.564332469145
780 1.08065877563 1.39681264972
781 0.605244208942 0.948010950491
782 1.04810946928 1.26247841723
783 0.434343563449 2.14515653249
784 0.46183454398 0.705168867184
785 0.792201319514 1.01770582993
786 0.838284274272 0.574225628623
787 1.56222750431 -0.329062357144
788 1.62265653057 0.104490853249
789 2.4653648581 0.543197259928
790 1.89824876072 1.72712493248
791 1.47787189637 1.58833161324
792 0.78349217379 1.64332948104
793 1.37578061657 1.47207798148
794 1.34915243795 1.57629303268
795 1.91655208614 1.23501535791
796 1.58448989523 0.776773168572
797 1.42566538235 1.35115763092
798 1.74965301296 1.79947417719
799 2.14679149228 1.01162587248
800 2.5657035204 0.712685331497
801 1.62484188349 1.19384826983
802 1.48876505975 2.02903955584
803 1.21292869526 0.891870680543
804 1.68146217202 0.114764237019
805 0.88373666687 1.46298152255
806 1.03130259577 1.65550645073
807 1.21325895001 1.41057712313
808 1.55604800901 1.16091567704
809 1.12584536835 1.16778743846
810 2.31801231412 1.18811002906
811 1.04530645571 0.712861404026
812 1.07868431573 0.817357150027
813 0.3829571182 0.938296719589
814 0.408495051283 1.344794379
815 1.05108818468 1.35749438267
816 1.25599306628 1.02480756954
817 1.13212119867 0.848454139186
818 -0.0340487948307 1.03380828381
819 1.16914453454 1.01342474879
820 0.642554868698 1.13516335327
821 0.276568068111 0.862340671193
822 0.823616978585 0.48025556314
823 0.0271124599175 0.900981699129
824 1.06574893261 1.72075141723
825 0.395071559296 1.57164730883
826 1.059129701 1.40277801663
827 0.716351543962 1.74684963164
828 1.30298004061 1.36919813797
829 -0.0181457458269 1.21781173503
830 0.908697313172 1.02426726781
831 0.765038118592 1.57318075219
832 1.00240366292 2.1602913393
833 0.396093109259 2.07439097301
834 -0.421559401315 2.49170493805
835 -0.160235089526 0.832807593758
836 0.811408237739 1.14065027336
837 1.67712661882 0.0978525225368
838 1.09304375936 0.513634978394
839 0.265680250459 0.399100824955
840 1.45701850986 -0.292890081278
841 0.930112347018 -0.512486510029
842 0.701853541728 1.25138497139
843 0.825654740165 0.666611372866
844 0.935041009532 0.383073937372
845 0.809474498997 0.783882644784
846 1.11704065802 1.32851220265
847 1.84436685734 1.16240050985
848 0.439097309671 0.290606097145
849 0.247582790801 0.0415315938866
850 0.499829344863 -0.410889878895
851 0.987429442187 0.465165295103
852 1.79609683665 0.298838419164
853 2.65567021379 0.931435648292
854 2.37479278183 1.45260726432
855 3.03415928255 1.30146813671
856 2.98228494917 0.944526575206
857 2.11819571641 0.887184601603
858 2.29485741405 -0.0456685103183
859 2.20490731725 0.192887125092
860 1.80097171359 0.445261760349
861 1.94968368642 0.305268806219
862 0.22076573702 0.633974344008
863 0.113267732194 0.526359598498
864 -0.42337066705 0.920336723895
865 0.0579123390442 0.202000726997
866 0.840253253011 0.705282525991
867 1.19569548251 0.946460199376
868 1.29110352843 0.661666472806
869 0.746639225292 1.75665144612
870 0.516369316191 1.18258851698
871 0.970807956431 0.154691600631
872 0.790622960288 0.207869576024
873 1.41971832605 1.59534886656
874 0.692937452188 1.48034157943
875 1.33923930628 1.47500043817
876 0.884632698293 1.62259646909
877 1.11721921745 0.698101643577
878 1.64459572009 1.16020215417
879 0.836644434885 1.09901795576
880 1.29566926195 -0.268764463039
881 0.875464989919 1.18918826814
882 1.4100181362 1.71720179172
883 0.791331606265 1.31515175265
884 0.277581481576 1.29448325718
885 0.0808233379205 0.594883225825
886 -0.386320285477 1.36047656625
887 1.00407875503 1.98724954505
888 0.0568037789979 0.846841677926
889 0.470515722433 0.604817704519
890 1.82679036536 0.87455566888
891 2.62435129597 1.49320794038
892 1.78859412851 1.05537033014
893 1.47075871284 1.07922693978
894 1.68910916192 1.55792084821
895 1.8191463089 0.489077199866
896 1.12922936175 -0.414952177588
897 0.639940648003 1.16611842341
898 0.684286798458 0.738596876064
899 1.49192468822 1.22246948086
900 1.66507785427 0.874018297823
901 1.34496980127 1.51221282754
902 1.39492483787 0.531635058845
903 1.35987523821 0.124656874193
904 0.853175293044 0.698713059076
905 0.467925720754 0.00948271169258
906 1.28984104333 0.640186271468
907 0.849771881496 1.22548231109
908 0.474611995128 1.88343801815
909 0.272489675576 2.28242884534
910 0.469164587575 1.56515019557
911 -0.125663137757 0.865328360515
912 -0.101697030989 1.21644032297
913 1.15854101613 1.04957141551
914 1.21652839409 1.47961619902
915 0.621065562119 0.816199140246
916 0.849930064613 0.831634912731
917 0.865387149436 0.779003721824
918 0.513840217327 0.783905303574
919 0.511008420365 1.70580105683
920 1.03557951381 1.56863617894
921 0.721714345207 2.03560395878
922 1.3914231484 1.79643306968
923 1.42348400242 2.46092257723
924 0.780231348883 1.7827963967
925 1.72877219204 1.13211227452
926 1.99039429301 0.823056821135
927 1.04156939227 0.99106442626
928 0.682575280922 0.807129272376
929 0.672679153435 0.672768962986
930 0.214549535212 1.32953345324
931 0.786033690725 1.74392116063
932 1.06524890989 1.47248636004
933 1.2582285323 1.97643589549
934 1.26961082878 2.00755779122
935 0.832160848967 1.12868796012
936 1.07315835809 0.526002787122
937 1.19630786787 0.24302738564
938 1.46058087889 1.32015158648
939 1.42796174269 1.00840300315
940 0.11161955754 1.01180359711
941 0.398540072703 1.34059639684
942 0.167451233215 0.849884795613
943 1.09365514403 -0.0316076730793
944 1.61231317649 0.0464905630033
945 1.69530793709 0.369433834236
946 1.88508958156 0.743977556994
947 1.47751562136 0.789200765625
948 0.850652304425 0.168908592098
949 0.889460448507 -0.112354357553
950 0.919646282525 0.334339783323
951 -0.0871224427082 0.94208096984
952 -0.160079066846 0.262013470088
953 0.612821805175 0.335661076124
954 1.13299607051 0.954360845386
955 0.296140488551 0.293317008582
956 0.11784787433 0.687973027742
957 0.234779737178 0.353829312133
958 0.320261684683 0.217741490262
959 1.38169156888 0.0280939234616
960 1.80104288848 -0.836603172535
961 1.61591032799 1.0109104166
962 1.54408987174 0.487784678961
963 1.05921983507 1.41901924863
964 1.28904246596 1.51530544772
965 1.35041720261 1.05962594687
966 1.19124600769 1.33221840702
967 1.04372055517 1.02531630512
968 0.328038886089 0.781336337445
969 1.81766087091 1.05430777597
970 2.10975937466 1.10196734301
971 1.86761295425 1.4646160501
972 2.29225396996 0.684296631394
973 1.44416180951 1.71230851127
974 0.901711235404 1.83568398753
975 1.66259118815 1.38434842941
976 1.53318780366 0.822012262622
977 0.972574371008 1.12099568061
978 1.30409273298 1.12483032458
979 0.979079777479 1.19599938768
980 0.704143236285 0.77274050735
981 0.19288015094 1.53553697643
982 -0.286994813177 0.940801419726
983 0.339500476095 0.396765299489
984 1.1460431705 0.794552100664
985 2.15241957156 0.807502270901
986 2.11169257577 1.05596164932
987 1.41665218438 1.00145831547
988 1.5676304157 -0.0883973640325
989 2.23696436719 1.15088856204
990 2.2364523719 0.734281522243
991 1.72059646682 0.466055314562
992 2.50533434997 0.370962575115
993 2.06555438438 0.361247123624
994 2.03609664191 0.11553695893
995 1.16755399085 0.977234996631
996 0.812092428841 2.12590210646
997 1.43199857215 2.17224657243
998 1.47978997519 1.7756562855
999 1.62570946572 2.23487041018
