0 0.734661794046
1 0.7307135434
2 0.726795840507
3 0.722908303882
4 0.719050560146
5 0.715222243793
6 0.711422996961
7 0.707652469207
8 0.703910317301
9 0.700196205015
10 0.696509802931
11 0.692850788248
12 0.689218844602
13 0.685613661883
14 0.682034936071
15 0.678482369068
16 0.674955668541
17 0.671454547765
18 0.667978725478
19 0.664527925737
20 0.661101877781
21 0.657700315892
22 0.654322979271
23 0.650969611912
24 0.647639962478
25 0.644333784187
26 0.641050834696
27 0.637790875994
28 0.634553674294
29 0.631338999929
30 0.628146627254
31 0.624976334551
32 0.621827903929
33 0.618701121241
34 0.615595775991
35 0.612511661249
36 0.60944857357
37 0.606406312913
38 0.603384682562
39 0.600383489051
40 0.59740254209
41 0.594441654496
42 0.591500642118
43 0.588579323778
44 0.585677521198
45 0.58279505894
46 0.579931764344
47 0.577087467467
48 0.574262001026
49 0.57145520034
50 0.568666903276
51 0.565896950193
52 0.563145183891
53 0.560411449563
54 0.55769559474
55 0.554997469246
56 0.552316925152
57 0.549653816728
58 0.547008000399
59 0.544379334702
60 0.541767680247
61 0.539172899667
62 0.536594857589
63 0.534033420587
64 0.531488457145
65 0.528959837623
66 0.52644743422
67 0.523951120934
68 0.521470773536
69 0.519006269526
70 0.516557488109
71 0.51412431016
72 0.511706618191
73 0.50930429632
74 0.506917230247
75 0.504545307219
76 0.502188416001
77 0.499846446856
78 0.497519291507
79 0.495206843119
80 0.492908996272
81 0.490625646929
82 0.488356692419
83 0.486102031412
84 0.483861563888
85 0.481635191125
86 0.479422815665
87 0.477224341303
88 0.475039673055
89 0.472868717144
90 0.470711380978
91 0.468567573126
92 0.466437203302
93 0.464320182345
94 0.462216422198
95 0.460125835893
96 0.458048337529
97 0.455983842255
98 0.453932266254
99 0.451893526725
100 0.449867541866
101 0.447854230858
102 0.445853513849
103 0.443865311937
104 0.441889547156
105 0.439926142459
106 0.437975021705
107 0.436036109644
108 0.4341093319
109 0.432194614963
110 0.430291886168
111 0.428401073686
112 0.42652210651
113 0.42465491444
114 0.422799428073
115 0.420955578788
116 0.419123298736
117 0.417302520826
118 0.415493178713
119 0.413695206787
120 0.411908540163
121 0.410133114667
122 0.408368866825
123 0.406615733856
124 0.404873653655
125 0.403142564788
126 0.401422406481
127 0.399713118604
128 0.398014641668
129 0.396326916814
130 0.394649885798
131 0.392983490987
132 0.391327675349
133 0.38968238244
134 0.388047556399
135 0.386423141938
136 0.38480908433
137 0.383205329407
138 0.381611823543
139 0.380028513653
140 0.37845534718
141 0.37689227209
142 0.375339236862
143 0.373796190479
144 0.372263082423
145 0.370739862667
146 0.369226481663
147 0.367722890342
148 0.366229040099
149 0.364744882791
150 0.363270370727
151 0.361805456663
152 0.360350093794
153 0.358904235745
154 0.357467836569
155 0.356040850734
156 0.354623233123
157 0.353214939024
158 0.35181592412
159 0.350426144492
160 0.349045556603
161 0.347674117298
162 0.346311783795
163 0.344958513679
164 0.343614264898
165 0.342278995756
166 0.340952664904
167 0.339635231342
168 0.338326654403
169 0.337026893757
170 0.335735909399
171 0.334453661647
172 0.333180111133
173 0.331915218804
174 0.330658945907
175 0.329411253993
176 0.328172104908
177 0.326941460787
178 0.325719284048
179 0.324505537392
180 0.323300183793
181 0.322103186495
182 0.320914509007
183 0.319734115099
184 0.318561968794
185 0.317398034368
186 0.316242276343
187 0.315094659481
188 0.313955148782
189 0.312823709477
190 0.311700307026
191 0.310584907112
192 0.309477475637
193 0.308377978719
194 0.307286382684
195 0.306202654065
196 0.3051267596
197 0.30405866622
198 0.302998341054
199 0.301945751419
200 0.300900864817
201 0.299863648933
202 0.298834071629
203 0.297812100943
204 0.29679770508
205 0.295790852414
206 0.29479151148
207 0.293799650974
208 0.292815239745
209 0.291838246795
210 0.290868641273
211 0.289906392474
212 0.288951469833
213 0.288003842924
214 0.287063481452
215 0.286130355257
216 0.285204434304
217 0.284285688682
218 0.283374088603
219 0.282469604395
220 0.281572206501
221 0.280681865476
222 0.279798551984
223 0.278922236793
224 0.278052890774
225 0.277190484897
226 0.276334990231
227 0.275486377936
228 0.274644619264
229 0.273809685556
230 0.272981548235
231 0.272160178812
232 0.271345548873
233 0.270537630085
234 0.269736394189
235 0.268941812997
236 0.268153858392
237 0.267372502325
238 0.266597716811
239 0.265829473928
240 0.265067745815
241 0.264312504669
242 0.263563722742
243 0.262821372341
244 0.262085425825
245 0.261355855601
246 0.260632634124
247 0.259915733895
248 0.25920512746
249 0.258500787404
250 0.257802686353
251 0.257110796971
252 0.25642509196
253 0.255745544053
254 0.255072126019
255 0.254404810656
256 0.253743570795
257 0.25308837929
258 0.252439209027
259 0.251796032913
260 0.251158823881
261 0.250527554887
262 0.249902198905
263 0.249282728933
264 0.248669117984
265 0.24806133909
266 0.2474593653
267 0.246863169677
268 0.2462727253
269 0.245688005258
270 0.245108982656
271 0.244535630608
272 0.243967922239
273 0.243405830685
274 0.242849329088
275 0.242298390602
276 0.241752988385
277 0.241213095605
278 0.240678685435
279 0.240149731052
280 0.239626205642
281 0.239108082394
282 0.2385953345
283 0.238087935158
284 0.23758585757
285 0.23708907494
286 0.236597560476
287 0.236111287389
288 0.235630228893
289 0.235154358205
290 0.234683648544
291 0.234218073132
292 0.233757605194
293 0.233302217957
294 0.232851884651
295 0.232406578509
296 0.231966272769
297 0.231530940668
298 0.23110055545
299 0.230675090362
300 0.230254518655
301 0.229838813584
302 0.22942794841
303 0.229021896397
304 0.228620630816
305 0.228224124946
306 0.227832352069
307 0.227445285477
308 0.22706289847
309 0.226685164353
310 0.226312056445
311 0.22594354807
312 0.225579612566
313 0.22522022328
314 0.224865353571
315 0.224514976813
316 0.22416906639
317 0.223827595702
318 0.223490538166
319 0.223157867212
320 0.222829556288
321 0.22250557886
322 0.222185908414
323 0.221870518453
324 0.221559382503
325 0.221252474112
326 0.220949766848
327 0.220651234307
328 0.220356850106
329 0.220066587891
330 0.219780421333
331 0.219498324131
332 0.219220270016
333 0.218946232746
334 0.218676186113
335 0.21841010394
336 0.218147960087
337 0.217889728444
338 0.217635382943
339 0.217384897549
340 0.217138246267
341 0.216895403143
342 0.216656342263
343 0.216421037756
344 0.216189463795
345 0.215961594595
346 0.21573740442
347 0.215516867581
348 0.215299958437
349 0.215086651396
350 0.214876920918
351 0.214670741514
352 0.214468087751
353 0.214268934249
354 0.214073255684
355 0.21388102679
356 0.213692222358
357 0.213506817241
358 0.213324786351
359 0.213146104663
360 0.212970747215
361 0.212798689111
362 0.212629905519
363 0.212464371675
364 0.212302062884
365 0.212142954518
366 0.211987022021
367 0.21183424091
368 0.211684586774
369 0.211538035274
370 0.211394562149
371 0.211254143214
372 0.21111675436
373 0.210982371557
374 0.210850970855
375 0.210722528386
376 0.210597020361
377 0.210474423076
378 0.210354712909
379 0.210237866326
380 0.210123859876
381 0.210012670195
382 0.209904274009
383 0.209798648131
384 0.209695769464
385 0.209595615003
386 0.209498161833
387 0.209403387132
388 0.209311268172
389 0.209221782319
390 0.209134907035
391 0.209050619875
392 0.208968898494
393 0.208889720643
394 0.208813064173
395 0.208738907031
396 0.208667227267
397 0.208598003029
398 0.208531212569
399 0.208466834239
400 0.208404846494
401 0.208345227893
402 0.208287957098
403 0.208233012876
404 0.208180374099
405 0.208130019745
406 0.208081928899
407 0.20803608075
408 0.207992454598
409 0.207951029849
410 0.207911786016
411 0.207874702724
412 0.207839759704
413 0.207806936799
414 0.207776213961
415 0.207747571253
416 0.207720988848
417 0.207696447031
418 0.207673926198
419 0.207653406858
420 0.20763486963
421 0.207618295247
422 0.207603664555
423 0.207590958511
424 0.207580158188
425 0.207571244771
426 0.207564199557
427 0.20755900396
428 0.207555639505
429 0.207554087832
430 0.207554330697
#:600 0.207554330697 0.9802491664886475
