0 0.708124634219
1 0.704742788593
2 0.701384767044
3 0.698050312443
4 0.694739172331
5 0.691451098802
6 0.688185848381
7 0.684943181917
8 0.681722864471
9 0.678524665212
10 0.675348357314
11 0.67219371786
12 0.669060527743
13 0.665948571575
14 0.662857637598
15 0.659787517598
16 0.656738006817
17 0.653708903877
18 0.650700010694
19 0.64771113241
20 0.644742077309
21 0.641792656753
22 0.638862685106
23 0.63595197967
24 0.633060360617
25 0.630187650925
26 0.627333676316
27 0.624498265196
28 0.621681248595
29 0.618882460111
30 0.616101735855
31 0.613338914394
32 0.610593836702
33 0.607866346109
34 0.605156288247
35 0.602463511007
36 0.599787864488
37 0.597129200956
38 0.594487374792
39 0.591862242458
40 0.589253662446
41 0.586661495244
42 0.58408560329
43 0.581525850939
44 0.578982104419
45 0.5764542318
46 0.573942102953
47 0.571445589517
48 0.568964564865
49 0.566498904069
50 0.56404848387
51 0.561613182645
52 0.559192880373
53 0.556787458612
54 0.55439680046
55 0.552020790536
56 0.549659314944
57 0.54731226125
58 0.544979518453
59 0.54266097696
60 0.540356528563
61 0.538066066407
62 0.535789484973
63 0.533526680049
64 0.531277548712
65 0.529041989299
66 0.52681990139
67 0.524611185784
68 0.522415744478
69 0.520233480645
70 0.518064298618
71 0.515908103864
72 0.51376480297
73 0.511634303623
74 0.509516514587
75 0.50741134569
76 0.505318707805
77 0.503238512831
78 0.501170673678
79 0.499115104248
80 0.497071719423
81 0.495040435041
82 0.493021167892
83 0.49101383569
84 0.489018357069
85 0.48703465156
86 0.485062639583
87 0.483102242428
88 0.481153382244
89 0.479215982026
90 0.477289965599
91 0.475375257606
92 0.473471783497
93 0.471579469515
94 0.469698242685
95 0.467828030799
96 0.465968762408
97 0.464120366809
98 0.462282774031
99 0.460455914829
100 0.45863972067
101 0.456834123721
102 0.455039056844
103 0.453254453578
104 0.451480248135
105 0.449716375389
106 0.447962770862
107 0.446219370722
108 0.444486111767
109 0.442762931418
110 0.441049767711
111 0.439346559287
112 0.437653245385
113 0.43596976583
114 0.434296061028
115 0.432632071955
116 0.430977740153
117 0.429333007717
118 0.427697817291
119 0.426072112057
120 0.424455835731
121 0.422848932553
122 0.421251347282
123 0.419663025186
124 0.418083912035
125 0.4165139541
126 0.414953098136
127 0.413401291384
128 0.411858481562
129 0.410324616856
130 0.408799645916
131 0.407283517848
132 0.405776182212
133 0.40427758901
134 0.402787688684
135 0.401306432108
136 0.399833770587
137 0.398369655842
138 0.396914040013
139 0.395466875652
140 0.394028115713
141 0.39259771355
142 0.391175622914
143 0.389761797943
144 0.388356193159
145 0.386958763464
146 0.385569464134
147 0.384188250814
148 0.382815079514
149 0.381449906603
150 0.380092688807
151 0.3787433832
152 0.377401947202
153 0.376068338578
154 0.374742515427
155 0.373424436182
156 0.372114059604
157 0.370811344779
158 0.369516251113
159 0.368228738328
160 0.36694876646
161 0.36567629585
162 0.364411287147
163 0.363153701297
164 0.361903499545
165 0.360660643428
166 0.359425094773
167 0.358196815692
168 0.356975768579
169 0.355761916108
170 0.354555221225
171 0.353355647151
172 0.352163157373
173 0.350977715644
174 0.349799285978
175 0.348627832647
176 0.347463320179
177 0.346305713353
178 0.345154977199
179 0.344011076989
180 0.34287397824
181 0.341743646711
182 0.340620048392
183 0.339503149512
184 0.338392916529
185 0.337289316129
186 0.336192315223
187 0.335101880945
188 0.334017980649
189 0.332940581906
190 0.331869652502
191 0.330805160432
192 0.329747073905
193 0.328695361332
194 0.32764999133
195 0.32661093272
196 0.325578154518
197 0.32455162594
198 0.323531316393
199 0.322517195481
200 0.321509232992
201 0.320507398906
202 0.319511663385
203 0.318521996776
204 0.317538369605
205 0.316560752576
206 0.315589116571
207 0.314623432646
208 0.313663672028
209 0.312709806114
210 0.311761806468
211 0.310819644823
212 0.309883293073
213 0.308952723275
214 0.308027907645
215 0.307108818557
216 0.306195428544
217 0.305287710289
218 0.304385636629
219 0.303489180554
220 0.302598315199
221 0.301713013847
222 0.300833249928
223 0.299958997013
224 0.299090228818
225 0.298226919194
226 0.297369042136
227 0.296516571771
228 0.295669482365
229 0.294827748316
230 0.293991344151
231 0.293160244533
232 0.29233442425
233 0.291513858217
234 0.290698521478
235 0.289888389198
236 0.289083436666
237 0.288283639294
238 0.287488972613
239 0.28669941227
240 0.285914934034
241 0.285135513787
242 0.284361127525
243 0.283591751359
244 0.282827361512
245 0.282067934314
246 0.28131344621
247 0.280563873749
248 0.279819193588
249 0.279079382491
250 0.278344417323
251 0.277614275056
252 0.276888932762
253 0.276168367615
254 0.275452556888
255 0.274741477954
256 0.274035108281
257 0.273333425437
258 0.272636407083
259 0.271944030975
260 0.271256274964
261 0.27057311699
262 0.269894535088
263 0.269220507381
264 0.268551012083
265 0.267886027496
266 0.267225532008
267 0.266569504097
268 0.265917922323
269 0.265270765333
270 0.264628011858
271 0.263989640712
272 0.263355630791
273 0.262725961072
274 0.262100610613
275 0.261479558551
276 0.260862784105
277 0.260250266569
278 0.259641985315
279 0.259037919794
280 0.25843804953
281 0.257842354124
282 0.257250813252
283 0.256663406662
284 0.256080114178
285 0.255500915693
286 0.254925791175
287 0.254354720662
288 0.253787684263
289 0.253224662157
290 0.252665634591
291 0.252110581882
292 0.251559484417
293 0.251012322647
294 0.250469077093
295 0.249929728341
296 0.249394257045
297 0.248862643921
298 0.248334869755
299 0.247810915392
300 0.247290761746
301 0.246774389791
302 0.246261780566
303 0.245752915173
304 0.245247774774
305 0.244746340595
306 0.244248593922
307 0.243754516103
308 0.243264088547
309 0.242777292721
310 0.242294110154
311 0.241814522433
312 0.241338511206
313 0.240866058177
314 0.24039714511
315 0.239931753827
316 0.239469866209
317 0.239011464192
318 0.23855652977
319 0.238105044995
320 0.237656991975
321 0.237212352873
322 0.236771109911
323 0.236333245363
324 0.235898741561
325 0.235467580893
326 0.2350397458
327 0.234615218779
328 0.234193982381
329 0.233776019212
330 0.233361311932
331 0.232949843256
332 0.232541595952
333 0.232136552841
334 0.231734696799
335 0.231336010753
336 0.230940477687
337 0.230548080635
338 0.230158802684
339 0.229772626977
340 0.229389536705
341 0.229009515114
342 0.228632545504
343 0.228258611224
344 0.227887695677
345 0.227519782319
346 0.227154854656
347 0.226792896246
348 0.226433890702
349 0.226077821686
350 0.225724672911
351 0.225374428143
352 0.225027071201
353 0.224682585953
354 0.224340956319
355 0.224002166273
356 0.223666199836
357 0.223333041084
358 0.223002674144
359 0.222675083191
360 0.222350252456
361 0.222028166217
362 0.221708808807
363 0.221392164607
364 0.221078218051
365 0.220766953625
366 0.220458355863
367 0.220152409354
368 0.219849098736
369 0.219548408699
370 0.219250323983
371 0.218954829381
372 0.218661909737
373 0.218371549945
374 0.218083734951
375 0.217798449752
376 0.217515679398
377 0.217235408988
378 0.216957623675
379 0.21668230866
380 0.216409449199
381 0.216139030598
382 0.215871038213
383 0.215605457454
384 0.215342273782
385 0.215081472708
386 0.214823039798
387 0.214566960666
388 0.21431322098
389 0.21406180646
390 0.213812702876
391 0.213565896053
392 0.213321371864
393 0.213079116238
394 0.212839115153
395 0.21260135464
396 0.212365820783
397 0.212132499717
398 0.211901377631
399 0.211672440765
400 0.21144567541
401 0.211221067912
402 0.210998604668
403 0.210778272128
404 0.210560056795
405 0.210343945223
406 0.210129924019
407 0.209917979844
408 0.209708099412
409 0.209500269486
410 0.209294476887
411 0.209090708486
412 0.208888951206
413 0.208689192025
414 0.208491417974
415 0.208295616134
416 0.208101773643
417 0.20790987769
418 0.207719915518
419 0.207531874421
420 0.207345741749
421 0.207161504904
422 0.206979151341
423 0.206798668569
424 0.206620044149
425 0.206443265698
426 0.206268320883
427 0.206095197427
428 0.205923883104
429 0.205754365745
430 0.205586633231
431 0.205420673498
432 0.205256474535
433 0.205094024385
434 0.204933311145
435 0.204774322964
436 0.204617048046
437 0.204461474646
438 0.204307591077
439 0.204155385701
440 0.204004846936
441 0.203855963253
442 0.203708723177
443 0.203563115285
444 0.20341912821
445 0.203276750635
446 0.2031359713
447 0.202996778997
448 0.202859162571
449 0.202723110921
450 0.202588612998
451 0.20245565781
452 0.202324234415
453 0.202194331924
454 0.202065939505
455 0.201939046375
456 0.201813641807
457 0.201689715126
458 0.201567255712
459 0.201446252994
460 0.201326696458
461 0.201208575642
462 0.201091880137
463 0.200976599585
464 0.200862723684
465 0.200750242183
466 0.200639144883
467 0.20052942164
468 0.20042106236
469 0.200314057005
470 0.200208395585
471 0.200104068167
472 0.200001064867
473 0.199899375854
474 0.199798991352
475 0.199699901632
476 0.199602097022
477 0.199505567899
478 0.199410304693
479 0.199316297886
480 0.199223538011
481 0.199132015652
482 0.199041721447
483 0.198952646083
484 0.1988647803
485 0.198778114887
486 0.198692640687
487 0.198608348593
488 0.198525229547
489 0.198443274545
490 0.198362474631
491 0.198282820901
492 0.198204304502
493 0.19812691663
494 0.198050648532
495 0.197975491505
496 0.197901436897
497 0.197828476103
498 0.197756600572
499 0.197685801799
500 0.197616071331
501 0.197547400762
502 0.197479781737
503 0.197413205951
504 0.197347665146
505 0.197283151113
506 0.197219655694
507 0.197157170776
508 0.197095688298
509 0.197035200245
510 0.196975698651
511 0.196917175598
512 0.196859623216
513 0.196803033682
514 0.196747399222
515 0.196692712108
516 0.196638964659
517 0.196586149244
518 0.196534258276
519 0.196483284215
520 0.196433219569
521 0.196384056892
522 0.196335788785
523 0.196288407893
524 0.196241906909
525 0.196196278572
526 0.196151515665
527 0.196107611018
528 0.196064557506
529 0.196022348049
530 0.195980975613
531 0.195940433206
532 0.195900713884
533 0.195861810746
534 0.195823716936
535 0.195786425641
536 0.195749930092
537 0.195714223567
538 0.195679299382
539 0.195645150902
540 0.195611771532
541 0.195579154722
542 0.195547293962
543 0.195516182789
544 0.195485814778
545 0.195456183551
546 0.195427282769
547 0.195399106135
548 0.195371647397
549 0.19534490034
550 0.195318858795
551 0.195293516631
552 0.195268867761
553 0.195244906135
554 0.195221625748
555 0.195199020633
556 0.195177084865
557 0.195155812556
558 0.195135197862
559 0.195115234977
560 0.195095918134
561 0.195077241607
562 0.195059199708
563 0.195041786787
564 0.195024997237
565 0.195008825485
566 0.194993266
567 0.194978313287
568 0.194963961889
569 0.19495020639
570 0.194937041409
571 0.194924461602
572 0.194912461665
573 0.194901036328
574 0.194890180362
575 0.194879888571
576 0.194870155798
577 0.194860976921
578 0.194852346855
579 0.19484426055
580 0.194836712994
581 0.194829699209
582 0.194823214252
583 0.194817253218
584 0.194811811233
585 0.194806883461
586 0.194802465099
587 0.194798551381
588 0.194795137573
589 0.194792218975
590 0.194789790923
591 0.194787848784
592 0.194786387962
593 0.194785403892
594 0.194784892041
595 0.194784847913
596 0.194785267042
#:400 0.194785267042 0.6547520160675049
