0 0.580533520416
1 0.577651617433
2 0.574791045755
3 0.571951572861
4 0.569132970839
5 0.566335016246
6 0.563557489989
7 0.5608001772
8 0.558062867119
9 0.55534535298
10 0.552647431903
11 0.549968904786
12 0.547309576207
13 0.544669254323
14 0.542047750778
15 0.539444880607
16 0.536860462152
17 0.534294316973
18 0.531746269768
19 0.529216148293
20 0.526703783282
21 0.524209008376
22 0.521731660045
23 0.519271577527
24 0.51682860275
25 0.514402580274
26 0.511993357225
27 0.509600783232
28 0.507224710367
29 0.504864993091
30 0.502521488195
31 0.500194054745
32 0.497882554032
33 0.495586849516
34 0.493306806783
35 0.491042293491
36 0.488793179327
37 0.486559335958
38 0.48434063699
39 0.482136957925
40 0.479948176117
41 0.477774170733
42 0.475614822713
43 0.473470014735
44 0.47133963117
45 0.469223558057
46 0.467121683056
47 0.465033895424
48 0.462960085975
49 0.460900147049
50 0.458853972482
51 0.456821457576
52 0.454802499065
53 0.452796995089
54 0.450804845166
55 0.448825950161
56 0.446860212264
57 0.444907534959
58 0.442967823
59 0.441040982389
60 0.439126920346
61 0.43722554529
62 0.435336766812
63 0.433460495657
64 0.431596643696
65 0.429745123912
66 0.42790585037
67 0.426078738205
68 0.424263703595
69 0.422460663746
70 0.420669536872
71 0.418890242173
72 0.417122699822
73 0.415366830943
74 0.413622557595
75 0.411889802756
76 0.410168490304
77 0.408458545003
78 0.406759892484
79 0.405072459234
80 0.403396172577
81 0.401730960659
82 0.400076752436
83 0.398433477658
84 0.396801066854
85 0.39517945132
86 0.393568563108
87 0.391968335004
88 0.390378700527
89 0.388799593906
90 0.387230950075
91 0.385672704656
92 0.38412479395
93 0.382587154925
94 0.381059725203
95 0.379542443049
96 0.378035247364
97 0.376538077668
98 0.375050874095
99 0.373573577378
100 0.372106128844
101 0.370648470399
102 0.369200544522
103 0.367762294251
104 0.366333663181
105 0.364914595447
106 0.363505035719
107 0.362104929194
108 0.360714221582
109 0.359332859105
110 0.357960788483
111 0.356597956927
112 0.355244312132
113 0.353899802268
114 0.352564375973
115 0.351237982345
116 0.349920570933
117 0.348612091732
118 0.347312495174
119 0.346021732123
120 0.344739753863
121 0.343466512098
122 0.342201958939
123 0.340946046902
124 0.339698728898
125 0.338459958228
126 0.337229688577
127 0.336007874006
128 0.33479446895
129 0.333589428205
130 0.33239270693
131 0.331204260634
132 0.330024045175
133 0.328852016754
134 0.327688131906
135 0.326532347497
136 0.32538462072
137 0.324244909087
138 0.323113170424
139 0.321989362869
140 0.320873444861
141 0.319765375142
142 0.318665112747
143 0.317572617002
144 0.316487847517
145 0.315410764183
146 0.314341327167
147 0.313279496906
148 0.312225234107
149 0.311178499737
150 0.310139255022
151 0.309107461441
152 0.308083080725
153 0.307066074848
154 0.306056406027
155 0.305054036719
156 0.304058929609
157 0.303071047618
158 0.302090353889
159 0.301116811789
160 0.300150384904
161 0.299191037034
162 0.29823873219
163 0.297293434594
164 0.29635510867
165 0.295423719043
166 0.294499230537
167 0.293581608171
168 0.292670817154
169 0.291766822884
170 0.290869590943
171 0.289979087098
172 0.289095277291
173 0.288218127643
174 0.287347604447
175 0.286483674166
176 0.285626303432
177 0.284775459039
178 0.283931107946
179 0.283093217269
180 0.282261754282
181 0.281436686413
182 0.280617981242
183 0.279805606496
184 0.278999530051
185 0.278199719927
186 0.277406144285
187 0.276618771426
188 0.27583756979
189 0.27506250795
190 0.274293554612
191 0.273530678616
192 0.272773848927
193 0.272023034639
194 0.27127820497
195 0.270539329261
196 0.269806376975
197 0.269079317693
198 0.268358121112
199 0.267642757047
200 0.266933195425
201 0.266229406285
202 0.265531359777
203 0.264839026159
204 0.264152375796
205 0.263471379159
206 0.262796006822
207 0.262126229463
208 0.261462017859
209 0.260803342888
210 0.260150175526
211 0.259502486845
212 0.258860248013
213 0.258223430293
214 0.257592005039
215 0.2569659437
216 0.256345217813
217 0.255729799005
218 0.255119658991
219 0.254514769575
220 0.253915102647
221 0.253320630179
222 0.252731324232
223 0.252147156948
224 0.251568100551
225 0.250994127347
226 0.250425209723
227 0.249861320147
228 0.249302431164
229 0.248748515398
230 0.248199545552
231 0.247655494403
232 0.247116334809
233 0.246582039698
234 0.246052582077
235 0.245527935026
236 0.2450080717
237 0.244492965324
238 0.2439825892
239 0.2434769167
240 0.242975921269
241 0.242479576421
242 0.241987855745
243 0.241500732897
244 0.241018181605
245 0.240540175668
246 0.240066688952
247 0.239597695394
248 0.239133169001
249 0.238673083847
250 0.238217414076
251 0.237766133899
252 0.237319217597
253 0.236876639518
254 0.236438374078
255 0.236004395762
256 0.235574679122
257 0.235149198778
258 0.234727929416
259 0.234310845791
260 0.233897922727
261 0.233489135113
262 0.233084457907
263 0.232683866134
264 0.232287334887
265 0.231894839327
266 0.231506354683
267 0.231121856249
268 0.230741319392
269 0.230364719543
270 0.229992032203
271 0.229623232941
272 0.229258297394
273 0.228897201269
274 0.228539920341
275 0.228186430454
276 0.227836707522
277 0.227490727528
278 0.227148466524
279 0.226809900634
280 0.226475006051
281 0.226143759037
282 0.225816135927
283 0.225492113126
284 0.225171667112
285 0.224854774431
286 0.224541411704
287 0.224231555623
288 0.223925182952
289 0.22362227053
290 0.223322795266
291 0.223026734145
292 0.222734064225
293 0.222444762637
294 0.222158806587
295 0.221876173358
296 0.221596840305
297 0.22132078486
298 0.22104798453
299 0.220778416901
300 0.220512059632
301 0.22024889046
302 0.219988887201
303 0.219732027746
304 0.219478290067
305 0.219227652211
306 0.218980092307
307 0.218735588561
308 0.21849411926
309 0.218255662768
310 0.218020197533
311 0.217787702082
312 0.217558155021
313 0.217331535041
314 0.217107820911
315 0.216886991484
316 0.216669025697
317 0.216453902565
318 0.216241601191
319 0.216032100759
320 0.215825380536
321 0.215621419875
322 0.215420198212
323 0.215221695068
324 0.215025890051
325 0.214832762852
326 0.214642293247
327 0.214454461102
328 0.214269246366
329 0.214086629075
330 0.213906589353
331 0.213729107411
332 0.213554163546
333 0.213381738146
334 0.213211811684
335 0.213044364722
336 0.212879377912
337 0.212716831994
338 0.212556707797
339 0.212398986239
340 0.212243648328
341 0.212090675162
342 0.211940047929
343 0.211791747907
344 0.211645756465
345 0.211502055062
346 0.211360625248
347 0.211221448664
348 0.211084507043
349 0.210949782208
350 0.210817256076
351 0.210686910652
352 0.210558728037
353 0.21043269042
354 0.210308780086
355 0.210186979409
356 0.210067270858
357 0.209949636992
358 0.209834060465
359 0.209720524023
360 0.209609010503
361 0.209499502836
362 0.209391984048
363 0.209286437256
364 0.209182845669
365 0.209081192591
366 0.208981461418
367 0.208883635641
368 0.208787698842
369 0.208693634697
370 0.208601426975
371 0.20851105954
372 0.208422516346
373 0.208335781444
374 0.208250838974
375 0.208167673173
376 0.208086268368
377 0.208006608982
378 0.207928679529
379 0.207852464615
380 0.207777948943
381 0.207705117303
382 0.207633954584
383 0.207564445763
384 0.207496575911
385 0.207430330191
386 0.20736569386
387 0.207302652266
388 0.207241190849
389 0.20718129514
390 0.207122950764
391 0.207066143436
392 0.207010858964
393 0.206957083245
394 0.20690480227
395 0.206854002118
396 0.206804668963
397 0.206756789065
398 0.206710348778
399 0.206665334543
400 0.206621732895
401 0.206579530457
402 0.206538713939
403 0.206499270146
404 0.206461185967
405 0.206424448383
406 0.206389044462
407 0.206354961363
408 0.20632218633
409 0.206290706697
410 0.206260509886
411 0.206231583405
412 0.206203914851
413 0.206177491907
414 0.206152302341
415 0.20612833401
416 0.206105574857
417 0.206084012909
418 0.20606363628
419 0.206044433168
420 0.206026391857
421 0.206009500716
422 0.205993748196
423 0.205979122835
424 0.205965613252
425 0.205953208151
426 0.205941896319
427 0.205931666624
428 0.205922508019
429 0.205914409537
430 0.205907360293
431 0.205901349484
432 0.205896366388
433 0.205892400363
434 0.205889440847
435 0.205887477359
436 0.205886499497
437 0.205886496939
438 0.205887459441
#:300 0.205887459441 0.49136900901794434
