0 0.674173175295
1 0.666001304926
2 0.657993295751
3 0.650143863273
4 0.642448022089
5 0.63490106222
6 0.627498527809
7 0.620236197913
8 0.613110069129
9 0.606116339855
10 0.599251395995
11 0.592511797949
12 0.585894268748
13 0.579395683217
14 0.573013058049
15 0.566743542709
16 0.560584411076
17 0.554533053751
18 0.548586970973
19 0.542743766078
20 0.537001139449
21 0.531356882924
22 0.525808874606
23 0.520355074046
24 0.514993517769
25 0.509722315107
26 0.504539644318
27 0.499443748966
28 0.494432934535
29 0.489505565273
30 0.484660061227
31 0.479894895467
32 0.475208591491
33 0.470599720775
34 0.466066900475
35 0.461608791271
36 0.457224095326
37 0.452911554371
38 0.44866994789
39 0.444498091413
40 0.440394834899
41 0.436289454055
42 0.432254447032
43 0.428283814458
44 0.424385268333
45 0.420548507797
46 0.416777106879
47 0.41307003862
48 0.409426302732
49 0.405844924459
50 0.402329049752
51 0.398869509026
52 0.395469539018
53 0.392128256954
54 0.388844800659
55 0.385618327709
56 0.382448014617
57 0.379336845076
58 0.376024115936
59 0.372770359987
60 0.36957468096
61 0.366436203724
62 0.363378516779
63 0.360377845913
64 0.357433302023
65 0.354544016044
66 0.351709138099
67 0.348953146582
68 0.346223730875
69 0.343546299982
70 0.340920072713
71 0.338344283438
72 0.33581818145
73 0.333341030373
74 0.330912107582
75 0.328530703667
76 0.32619612191
77 0.32390767779
78 0.321664698518
79 0.319488061272
80 0.31731992925
81 0.315197444226
82 0.313119923668
83 0.311086695077
84 0.309097095634
85 0.307150471866
86 0.305246179331
87 0.30338358232
88 0.301562053574
89 0.29978097402
90 0.298039732521
91 0.296337725639
92 0.294674357413
93 0.293049039153
94 0.291461189243
95 0.289910232957
96 0.288395602292
97 0.286916735803
98 0.285473078457
99 0.284064081496
100 0.282689202305
101 0.281347904292
102 0.280039656782
103 0.27876393491
104 0.277520219529
105 0.276307997124
106 0.275126759733
107 0.273976004872
108 0.272855235471
109 0.271763959812
110 0.270701691478
111 0.269667949299
112 0.268662257308
113 0.267684144704
114 0.266733145815
115 0.265808800064
116 0.26491065194
117 0.264038250975
118 0.263191151722
119 0.26236891373
120 0.261571101532
121 0.260797284626
122 0.260047037461
123 0.259319939427
124 0.258615574843
125 0.257933532944
126 0.257273407877
127 0.256634798689
128 0.25601730932
129 0.255420548594
130 0.254844130215
131 0.254287672754
132 0.253750799648
133 0.253233139183
134 0.252734324495
135 0.252253993553
136 0.251791789154
137 0.25134735891
138 0.250920355237
139 0.250510435342
140 0.250117261214
141 0.249740499601
142 0.249379822002
143 0.249034904649
144 0.248549953831
145 0.24823693408
146 0.247935634491
147 0.247499486375
148 0.247227182359
149 0.246968319756
150 0.246576006859
151 0.246288099276
152 0.246014805279
153 0.245612236724
154 0.24536818743
155 0.245137781896
156 0.244778882148
157 0.244575825558
158 0.244385497354
159 0.244067522799
160 0.243902752611
161 0.243749847451
162 0.243470204255
163 0.243341166371
164 0.243223179815
165 0.242979417308
166 0.242883702981
167 0.242798273653
168 0.242588077907
169 0.242523417079
170 0.242468320065
171 0.242289507668
172 0.242253762486
173 0.242226902908
174 0.242077414893
175 0.242068573392
176 0.242067980149
177 0.241945876089
178 0.241962046039
#:100 0.241962046039 0.23508000373840332
