0 0.685577773692
1 0.678854205026
2 0.672257265818
3 0.665783752708
4 0.65943060499
5 0.653194895598
6 0.647073822797
7 0.641064702534
8 0.635164961361
9 0.629372129897
10 0.62368383677
11 0.618097802997
12 0.61261183677
13 0.607223828607
14 0.60193174683
15 0.596733633365
16 0.591627599814
17 0.586611823783
18 0.58168454546
19 0.576844064403
20 0.572088736532
21 0.567416971309
22 0.562827229095
23 0.558318018657
24 0.553887894834
25 0.549535456333
26 0.545259343656
27 0.541127989346
28 0.537067487038
29 0.533076677653
30 0.529154433231
31 0.525329585009
32 0.521567908227
33 0.517868439464
34 0.514230239044
35 0.510652390066
36 0.507133997485
37 0.503674187228
38 0.500272105363
39 0.496926917298
40 0.493322329194
41 0.489784068187
42 0.486310886634
43 0.482901579211
44 0.479554980524
45 0.476269962883
46 0.473045434239
47 0.469880336262
48 0.466773642549
49 0.46369905916
50 0.460681955629
51 0.457721321329
52 0.454816175288
53 0.451965564639
54 0.449168563189
55 0.446424270065
56 0.443731808463
57 0.441090324468
58 0.438498985951
59 0.435956981535
60 0.433463519629
61 0.431017827509
62 0.428619150472
63 0.426266751024
64 0.423959908123
65 0.42169791647
66 0.419480085835
67 0.417305740423
68 0.415174218276
69 0.413084870714
70 0.411037061797
71 0.409030167829
72 0.407063576879
73 0.405136688333
74 0.403248912475
75 0.401399670077
76 0.399588392029
77 0.397814518977
78 0.396077500979
79 0.394376797193
80 0.392711875564
81 0.39108221254
82 0.389487292801
83 0.387926608995
84 0.386399661501
85 0.384905958189
86 0.383445014207
87 0.38201635177
88 0.380619499963
89 0.379253994554
90 0.377919377817
91 0.376615198365
92 0.37534101099
93 0.374096376514
94 0.372880861643
95 0.371694038833
96 0.370535486162
97 0.369404787208
98 0.368301530934
99 0.367225311575
100 0.366175728538
101 0.365152386301
102 0.364154894321
103 0.363182866942
104 0.362235923314
105 0.361313687309
106 0.360415787447
107 0.359541856823
108 0.358691533038
109 0.357864458131
110 0.357160551623
111 0.35637600059
112 0.355613727283
113 0.354873388873
114 0.354154646738
115 0.353457166418
116 0.352873660757
117 0.352214977743
118 0.35157664984
119 0.350958356843
120 0.35035978253
121 0.349780614613
122 0.349306896052
123 0.348763045183
124 0.348237755208
125 0.347730727406
126 0.347241666842
127 0.346851865678
128 0.34639541321
129 0.345956130836
130 0.345533736714
131 0.345127952663
132 0.34481560269
133 0.344439873419
134 0.344080003864
135 0.343735728498
136 0.34348100033
137 0.343164857648
138 0.342863594515
139 0.342576957746
140 0.342304697603
141 0.342116729965
142 0.341870315758
143 0.341637607726
144 0.341418368053
145 0.341279958851
146 0.341084848839
147 0.340902570411
148 0.340732897345
149 0.340640753757
150 0.340493581069
151 0.340358409726
152 0.340235024778
153 0.340186022936
154 0.340083593644
155 0.339992378528
156 0.339912173561
157 0.339903353769
158 0.339842641765
159 0.339792398499
160 0.339752430514
161 0.33978099221
#:50 0.33978099221 0.11720395088195801
