theta = 
#[0 1 0 0 0 0 0 1]
#[1 0 1 0 0 0 0 0]
#[0 1 0 1 0 0 0 0]
#[0 0 1 0 1 0 0 0]
#[0 0 0 1 0 1 0 0]
#[0 0 0 0 1 0 1 0]
#[0 0 0 0 0 1 0 1]
#[1 0 0 0 0 0 1 0]
theta = 
#[ 0.          1.01337962  0.15497463  0.50125947  0.22632103 -0.08461601
 -0.05416085  0.86067121]
#[ 1.01337962  0.          1.11756402  0.36554974  0.34649741 -0.02599033
 -0.04600289 -0.17808846]
#[ 0.15497463  1.11756402  0.          1.15166712  0.3932316   0.20373565
 -0.11798305  0.09113322]
#[ 0.50125947  0.36554974  1.15166712  0.          1.20612422  0.10065098
  0.12646983  0.43162619]
#[ 0.22632103  0.34649741  0.3932316   1.20612422  0.          1.20478759
  0.26999497  0.06322683]
#[-0.08461601 -0.02599033  0.20373565  0.10065098  1.20478759  0.
  1.33145214  0.17591168]
#[-0.05416085 -0.04600289 -0.11798305  0.12646983  0.26999497  1.33145214
  0.          1.06007028]
#[ 0.86067121 -0.17808846  0.09113322  0.43162619  0.06322683  0.17591168
  1.06007028  0.        ]
