70.5702687775
64.0249526069
65.0288234531
63.5580683734
62.8379234535
60.8328121542
61.136132555
59.7289027106
63.2408296502
70.2186921907
67.5414329952
65.4076842349
63.4644530257
61.9209070462
60.4132907285
58.9379341308
55.5110278218
59.1646465066
57.5159676047
56.0983396883
55.3490778988
56.2241641486
55.1574064334
53.8904763161
53.1573678755
53.1485968489
52.1870712312
53.2457243223
51.8332805677
52.1815637524
50.7954223571
53.9974746345
52.9574159458
52.0562383551
50.0459238783
52.6108213734
51.1391080339
50.1770150647
49.7595441175
47.8304980321
49.0324100996
49.396156259
48.3211572781
48.5123666039
48.8079115046
47.7513286354
50.8335762289
50.0587923664
49.3399826876
48.7311410502
50.6369558362
49.2093529991
48.1880221548
47.3167126389
47.6776647017
50.0035326719
48.6076258742
47.2175711959
47.787137329
46.611910725
45.9305663011
45.2518531562
44.1296693776
43.6178050455
44.659468129
43.9906915371
43.3242630823
44.2770068278
43.428706478
44.4263613751
44.3188009561
43.7454357877
43.1738830935
42.9565103242
42.7176350014
42.5643119665
42.1741091626
41.9921826832
44.6432706216
43.2606172363
41.8818137186
42.7758340307
41.9265259874
41.6873434156
42.2318148169
41.6021556467
40.9741037229
43.0210505556
42.3961352356
41.9836493951
42.8139731301
41.8573869198
41.5066391858
42.5387268139
44.6708113148
43.3941241618
42.5655249152
41.9191984552
41.5100930533
41.1018696942
40.7473888608
40.1285824522
39.6777633405
40.1755219665
39.5681683413
41.3897063321
40.0920066938
38.7968565254
38.4018781766
37.7929002367
37.3763070105
37.0212970585
37.453757122
37.9772630295
38.3544608999
37.7877552647
39.5689405452
38.7946345136
38.940848865
38.2527454191
37.865028003
38.0235354799
38.0384069366
40.1915254679
39.3874801583
39.1942040226
38.2848939483
37.3770399751
38.5279771016
38.4581198724
38.3859100442
37.9650248815
37.783968254
37.3655385649
37.198219609
36.4534003321
35.828111077
35.4722474077
36.0659925351
38.7187774042
37.8317408009
36.945958487
36.0614182166
35.4323029609
35.1514309538
35.4457214227
34.7853532375
34.9252428281
34.334579325
34.7563217968
34.431112989
34.2860313781
35.1565105543
34.2008108288
33.5428321845
33.5278012697
34.2593050023
33.8439659098
35.0870373922
34.3546644878
33.9894665003
33.1084634484
34.4553552316
34.6018511164
34.7481738447
34.8943248615
33.5867797868
32.9934586421
33.3278208167
32.8398057537
32.5485493424
33.3341926542
32.9938202608
32.5903161154
32.304548142
32.1770402386
31.4366143755
31.5808103208
31.5863642034
31.1587881559
30.9222144584
30.7939868405
31.0494070531
32.4539090154
32.3260803926
32.3373071425
31.6888765281
31.5614381
30.9735399564
31.2576074218
30.4175512339
29.5305524115
29.4037456563
29.2869711811
29.54213074
29.4029869492
29.3327912319
28.7726366348
28.3176697017
28.1431213486
28.0172799182
27.8915554492
28.1207422628
27.8776494033
28.4064207178
28.1086364053
28.0094970734
28.0237230646
27.3980990729
27.4286851719
27.3816634425
27.2754422372
28.0648605999
27.8852466207
27.3889002368
27.4643102035
26.8514393657
26.9813318658
26.7403066951
26.1943668409
26.2585529781
26.1780853898
26.2423901026
27.3389483029
27.7215642606
27.1368584127
26.5526259441
26.6019660586
26.1729950415
25.8032733702
25.866705154
25.9226382347
26.1263123327
28.430504947
28.2482152947
27.2524410239
27.5241468386
26.7857140961
26.4790969789
27.8630433026
27.1910376089
26.4047656742
26.3815391051
25.7727840057
25.9644618399
25.1041122493
26.4208972
25.6230590292
24.9976435936
24.6324134514
25.0285928393
24.9927938321
24.2677041132
23.970158402
24.2626041523
24.5905975797
24.421100072
24.295953778
24.0275542615
23.8352842544
24.0882797187
25.4170308029
24.9514598388
24.5452896238
24.2135978132
23.8821287641
24.6051341097
23.9793411291
24.4792080828
25.6426165431
25.4213082781
23.9668450168
24.233634409
24.7625486347
24.4766857662
24.7908178911
25.8385808425
25.0404408972
24.5005700091
24.2607165958
24.2336973161
23.6110905373
22.6265945486
22.4397605535
22.9838000386
22.6706653229
22.9413803689
23.5835177841
24.7633385028
23.6324057549
22.8782044085
22.4829317352
21.9409194464
22.602701765
21.7654963057
21.9906337533
21.7789064597
20.9282770642
20.7127379143
20.8047975141
21.2123982714
21.3001804122
20.7511156718
20.6313745817
20.437102694
20.466581443
20.4718477177
21.461202427
21.1252046804
20.4489424585
19.8947340031
20.1250194094
20.7921733056
20.7953806779
21.0850240017
21.3740803721
21.436475362
21.789247589
21.2138926246
22.2924334371
21.7458974896
22.5938890588
22.542274045
22.5913764973
21.0928430396
20.947024312
21.486097999
21.2901264918
21.2535308492
20.97626484
21.2796586523
22.7751344431
21.9623467992
21.2901912673
21.4164804245
20.6881826185
20.2664013801
20.3476395748
19.2534947107
19.1414093699
19.6305745325
19.4494093903
19.7671105598
19.7769400303
19.7619233307
19.9239933192
20.2116914049
21.3040776446
21.713095627
19.9152686688
20.2772617783
19.3543472473
19.6665125142
20.314319683
19.7257815564
19.5958902697
19.5302257429
19.8384298725
20.4358178144
21.1668675612
19.9101725312
19.1560145227
20.2338807342
19.6372512515
19.6107163679
19.371469868
18.4117544282
19.1468927098
19.1281558137
18.928066534
19.146284887
20.626505575
20.0114072192
19.5051275964
19.420375512
19.6323573135
18.6491418543
18.7073121978
18.8135736294
17.628023301
17.5813007041
17.9838718894
19.6895817191
19.0021461728
19.159588004
19.0308724052
19.1406136462
18.7575958508
18.5780642772
17.6102720386
17.676530851
17.7740103361
17.6530740438
17.9869478182
18.793559094
17.580463721
18.0852118886
17.2951697156
17.0755239195
17.4082105953
17.3035676268
17.2297778481
16.8649137881
16.9071898915
17.4065869102
16.4426910243
15.6690244071
16.4047483568
17.0795805623
17.1591000583
17.648094232
17.8194922383
16.0052057743
17.04793926
17.4097100236
17.4159054155
17.266182996
17.6448236089
17.1739825374
16.9533923808
16.859715561
16.0679667058
15.8544577685
15.8610105221
16.1771198159
15.2389195158
15.4944659823
16.45679727
16.1954163988
16.254651263
17.4925295592
16.6713402855
16.4744648539
16.5093599856
16.6457965709
17.1652313344
16.8799006897
16.606904929
16.8117827445
16.3418346759
16.3157599423
17.0685192538
16.2608402896
15.9919965962
16.5849120952
15.5934790347
16.6107322983
16.5368782692
16.1712722908
16.263269092
16.7142406534
15.8168043622
15.5424599164
16.045977438
16.629798435
15.9475567144
17.1112888164
16.3952738405
16.2276390868
18.4639468938
17.6494937314
17.1543245912
17.7238803938
17.306302933
17.3064187222
16.8645289557
16.6707192678
15.8510639418
15.2624815878
17.6529037179
16.9097392493
17.0607239481
16.3970722073
15.8853031339
15.7857064589
15.2769157115
15.0939191783
15.2583458721
14.6205327863
13.8260989144
13.6183580127
15.9300572745
14.8786702198
15.5297460252
14.6135372226
13.9238446182
15.9907594723
15.0984513241
14.5139785504
14.8966407538
14.1979343013
15.1066635278
16.1791281645
16.0085926399
15.1387078981
15.117199975
14.6180533609
14.1588950367
15.9629345495
15.118180008
15.8508207812
16.0072150491
15.2825459524
14.4876301273
13.6929668557
14.047771896
13.9410431285
14.3680045848
15.0800937532
15.5981792805
14.5104103817
13.6752858234
13.0487618179
13.070030879
12.1752123116
11.8817126118
12.3432389043
12.0395844041
11.856090351
12.3766653557
12.3653431435
12.1568165498
12.1626004273
12.2455514003
12.7737183447
12.6675303829
12.5340486262
13.3351111436
13.1438606158
13.644782082
13.75697128
14.2490391134
14.4917163861
14.4325020905
14.3733053913
14.4251645457
13.6188179842
13.8628708121
14.1729766539
14.0350548086
14.2071009382
13.9586690525
13.7611859473
12.8184463917
12.2852202937
12.9253656174
12.4924789435
12.3339745708
13.3701969622
13.1459491038
13.8588429469
13.8822778812
11.9240901147
11.6226980671
11.4047611902
11.2195411868
13.4635439134
13.2072178393
12.9205302096
14.3313214472
13.3554755417
12.7566362204
12.1176260339
11.7478503755
11.7341033187
13.1101715344
11.7429085861
10.880560199
10.6869728485
10.8021797617
11.0957904153
11.7341688505
11.3406310185
11.5570726285
14.3149837219
13.5623495462
13.3791095332
13.1753212811
14.6042007159
13.8330786111
13.1644160131
13.2224586426
12.0695396799
12.3105574823
12.2711142364
14.3035342614
13.7032262929
13.352653645
13.5863419326
14.0523287594
13.4564254706
13.3511429486
13.6069255961
13.8122501963
13.1104941544
13.1839490924
13.3356337554
15.1613604784
14.3655349824
13.6201639169
13.2652336544
13.404884195
13.9407131043
15.5846125337
15.3492405581
14.3267676804
13.5012490449
13.5699061919
13.1307307322
14.0264011528
12.9762495687
12.7102749922
12.5217196647
12.5461581597
13.3923140668
13.0257234143
12.6328639832
12.7049833929
11.8588504583
11.88689944
12.7549860923
12.2763488191
12.0541340887
12.2596063606
12.7672046565
12.5005250055
11.8671703419
11.7929265688
11.9325541085
11.1568283467
11.0378669868
13.1737838807
11.9753212781
11.0680198658
11.5535248431
12.1178649201
11.3164375268
11.1196729318
11.2093132095
11.3095841114
11.7174299646
11.3689237193
11.4027206028
11.02155106
11.0270167771
11.4745906599
12.0344233182
13.7255987476
13.8854648566
13.6015761347
13.6461758395
14.0442090343
13.4652282551
13.3573277296
12.8774689209
12.3673758832
12.4537107769
13.5604885187
12.9681713692
12.4570790525
12.5796410977
12.1736964405
12.8142644483
12.471483987
13.4574561784
12.9165011119
13.6390717145
14.5021584406
14.2064894858
14.2440516425
15.099013488
14.3463594302
14.899210692
13.9799414013
13.685733033
13.9340936678
13.3756540792
13.0830439179
13.055896049
12.5266818302
14.9344989904
13.5180225243
12.4595369358
11.7610058577
14.2216321989
13.058801324
12.1854423421
11.8363756007
12.85923115
12.1566813974
11.8508502751
11.9663854628
11.6487595085
11.7660104611
11.7792461918
11.4847678027
11.9397810437
11.9449703265
12.5074712693
12.4361925538
12.3266489895
12.3882202036
11.4455176245
11.1437136847
11.4841299936
11.6690715396
12.0672634078
12.348046882
12.6638335669
12.4660407875
12.5719697656
12.3823011711
11.864777563
11.7333094349
13.9494958966
13.7436112914
13.8033863757
13.3519590038
12.6406451522
12.3747100892
11.9160987329
11.6481996457
11.2882909421
11.0499945177
11.1458263336
11.444060603
12.5180425663
12.5375841592
11.8980878207
11.8906317895
11.6218117338
11.5671557317
11.6750337315
11.3943260657
10.7317236794
10.5795471541
10.9477685909
10.1079425802
11.2945372402
10.564687503
9.56823177138
8.9363088298
10.2305530778
10.2179068638
10.3886940706
9.61266364801
9.8970478185
9.96890828854
10.4766666718
11.0575611438
10.8915962602
10.6784365285
9.83689575088
10.2628184267
10.1996202628
10.6026563718
10.6287266066
10.2656333845
10.955222996
11.8783713111
10.941889175
10.5308929201
11.2592614546
11.0994183832
11.1111949427
11.7862091832
11.3749980959
11.3188978837
11.2882384458
12.9602167473
12.8597502783
12.970060982
13.2531228364
12.6962412379
13.0378850824
13.0396355825
13.0971163661
13.2010083387
13.4720793904
11.7008377069
11.7892734528
11.628111451
11.8813092093
12.1946326976
11.6542211785
11.2181233288
10.9780448041
11.2543875689
11.0659610233
11.1573630269
11.9356198427
12.4719011063
12.0957550423
11.3557581177
11.5704818825
11.4182601421
11.852451585
11.2335892413
11.6290458864
10.7053978986
10.7247712544
11.4391245637
12.1811720018
11.9378887816
11.4991283267
11.6262954658
11.1646283299
11.0220891645
10.6819175334
10.776867451
11.4661613619
10.7379248392
10.3892096495
10.6873277102
11.6096863355
11.4800121812
12.7026261375
13.0474535525
12.9805638055
11.7289968452
10.9659707532
11.8817685272
11.3631013751
12.1974620997
11.7011178418
12.1792540064
12.2596229516
11.4231229855
11.672881392
12.1042601959
10.4534159642
11.1623718578
11.178712178
11.6805202983
12.5535371771
12.5925773822
13.0376809246
12.7774536537
13.1110208466
12.2612125784
11.7894142585
12.093101509
11.3685764879
11.111375174
11.3204155322
12.4709487692
12.5348690646
12.2061537638
12.2703895577
12.1710431699
12.50398577
11.3088417956
10.7097133648
11.232244619
12.1650801144
11.5374708215
11.7314765554
10.8893628882
11.1130810513
10.8946922069
12.5457830097
11.2647965029
10.1162157677
13.0592949764
11.9410027372
10.9154390017
10.795270451
11.5656941717
11.8655884876
11.9181325947
11.8112026705
12.6794799197
11.9879186595
11.944747918
11.5510366479
11.5307074473
11.8592476339
11.1701574019
10.8947566389
11.1289383975
10.633974195
10.2751744973
10.5114777413
10.1332137709
11.3758755834
11.1076864879
11.5091670402
12.0387618126
12.2672672993
11.7518080826
12.1545073437
11.5741598432
12.2446646304
11.7919246768
11.5653854743
11.6100485562
12.0435241255
12.4826834392
12.5828885208
12.6300288904
11.3759905446
11.8937900835
12.4115054269
12.9579377291
11.829031872
12.0851090626
13.6472450451
14.1105216343
12.9132396155
12.9293982517
12.9896864102
13.8873701584
13.8372533384
13.8214150626
13.8055793235
13.2824476147
14.6398286219
15.0424906667
14.7779613246
14.7149626314
14.7693030617
15.1153740325
13.9256291451
15.474954024
14.6007667427
14.0716806809
14.1610335943
14.007100784
14.2096134135
15.016102511
13.9757671452
14.2223361588
13.677842871
13.2862349525
12.8008261032
12.9517652206
13.3372752106
13.5053759604
12.8406217648
12.8283535162
13.0041340324
13.2967286603
13.9822265806
13.1670036515
13.6854851354
13.8319007854
14.1546153458
12.6869587117
12.9052161836
13.6428586198
13.6431358165
13.7416836227
14.1442716743
14.5769392438
13.4256849299
13.722313473
12.6988889705
12.7157840827
13.2864116296
12.9782957508
12.8271620421
13.138377876
12.9862512271
13.9901273795
14.9096383586
15.1961381677
13.9246589778
13.6753872584
13.2767128346
13.1813939784
13.9598547438
14.0176092553
14.0503333227
14.4716956688
14.0856517012
14.1125475499
14.099186157
14.2934547485
14.5734569956
13.6671601649
13.7584002732
13.7002591148
12.2660547416
13.3518039178
12.5368092971
11.9895870807
11.5415807008
11.6882991838
12.2187034931
12.1392025321
11.9645833284
12.8499749066
11.9795730601
11.2256856924
10.5792457263
10.5260271096
9.82470986513
10.4275490938
11.0980736556
10.6577366784
#running_time = -3.6909589767456055
