70.5702687775
64.0249526069
60.7007383305
61.4040401969
63.3569214806
62.3124663032
65.6149645938
65.5537486436
63.1374922743
61.2842003268
63.6669066939
62.876986533
62.9421613202
62.263444878
60.0944587906
58.6134548948
58.5456435486
57.5641932626
56.6789339143
56.5498528905
55.7526337587
57.3812186233
56.4993969036
55.859421921
55.3272370166
57.4758520729
63.8933809331
67.1135040567
65.0401589374
63.3895994966
61.7541603982
60.1331142828
59.2102396851
58.464321155
57.7242664642
57.2244780867
55.3289820015
54.9833991613
55.2790007589
57.8791408243
57.298030073
57.0882375246
56.298466022
55.4709907334
54.8709346578
54.3878362958
53.9073652495
53.7550762664
53.9497346527
54.4701965289
52.5312036616
55.178538304
54.1988402269
53.3436757563
52.8223533358
51.3103502003
51.0459462717
50.8978176504
50.750297091
50.6033696931
50.0946874489
52.3766726321
51.4817088733
50.8122998283
50.7841774021
50.8326946228
49.3574756541
48.4911771809
47.627812674
47.4209984
47.7763213067
48.1604227284
47.849089147
47.4348213126
47.1132072321
45.9337305205
45.6131528889
45.6418358326
45.7358562561
45.9956931459
46.3991367534
47.6008348485
47.3961301708
46.341804785
46.790950146
46.4132151477
46.4836830641
46.5754704057
46.6670298339
47.0387150703
46.4426477911
48.5655364021
48.3375080549
48.1100095905
47.3654595412
46.8959216818
46.5542575152
46.6029089852
46.6923736485
48.1565225626
47.599418426
46.9417952714
46.4424704911
46.2259147699
47.2343634981
46.2901816853
45.6422428661
45.0428415702
44.6927470661
44.4031215744
45.0229549501
45.4523179519
45.0933802895
47.2422646095
46.6204188295
46.0407264739
48.0622633913
47.8072065777
48.4179648112
48.1936013846
47.8036705017
47.2990618733
46.815272707
46.4673118439
46.2909037693
46.3676968397
46.5368688152
47.1093327587
46.3465776495
45.6783310099
45.2302276392
45.0485052912
44.4869396708
44.0115330717
43.5368406591
43.1272053013
44.4079156428
44.1898579502
43.9721165784
46.1795382844
45.9624201349
45.9034137895
44.239769805
45.2266139513
44.8244955354
43.6161439175
43.1217852948
42.7820534319
42.4427750969
44.5587833631
44.00906745
43.6106925905
43.2128329801
42.3475308119
42.0108875497
41.6746697182
41.3388735526
41.1107983533
40.9224304206
40.1810743022
41.3470473097
41.1439723298
40.9565164398
41.1674574968
40.6549367107
40.3954803887
40.2089060873
40.022547632
39.8364032551
40.4284295452
40.242708122
41.5340359439
40.9590240211
39.1398207221
38.5758635729
38.160416042
37.9640953653
38.6708652326
38.176194749
37.7629983988
39.1731851704
38.6334006471
38.1771712037
37.8515229037
37.5262105404
39.5384863979
39.0014805417
38.8343863582
37.9813313811
37.4892259167
37.3261339801
37.298011481
38.8575246554
39.5885881771
38.8481722801
38.108469592
37.3694751393
36.9063622311
36.6459021823
37.4194323372
36.9533216037
38.3049360969
37.5009262186
36.8629413166
36.4129800773
35.545725618
34.5287773698
33.6011056624
32.9270096001
32.6678058145
32.7560892064
32.7265706791
32.7884419955
32.8919059391
34.7725426911
35.4419912416
34.4636265224
33.5080599866
32.9144212595
32.4527827099
32.0979245493
31.934092384
32.0564932638
31.7531495454
30.9628167384
30.4609182062
30.3781436357
31.5904000887
33.3390946358
32.4505189591
31.7484239112
31.3619541015
31.8277504332
30.8540501429
29.881106577
29.1488386824
29.2114563175
30.258706837
33.4614032641
32.0181410803
30.7514571499
29.9794395081
30.0572977767
30.1350981605
29.6262387588
30.0081543364
28.6424265636
30.5606494619
29.9647215082
29.4801451436
29.1148271392
28.9383961193
29.1002135748
28.0456819427
27.656155838
28.1234224616
27.5387266876
27.3335736781
27.3671475983
28.2310702311
27.7577695354
28.4165755565
29.6267731166
28.6855089042
27.7527270561
26.951450997
26.8329009483
26.7978678632
26.720398718
26.1206728376
27.2349859211
26.4755832517
25.9395221291
25.7942919266
26.0521003377
26.5891460381
26.8272573062
27.5020880926
26.8970300427
26.2434072804
25.8932707447
26.8528887075
26.3012841384
26.1256068605
29.4742386285
28.1340192803
27.1190024847
26.37723254
27.4038076055
25.9611080238
25.2793254769
27.9450224129
26.421357449
25.3111926742
24.6606414449
24.714610918
25.0565396584
26.0155213946
25.9102642536
26.2053347748
26.5783823077
26.4280553472
27.8554458836
26.783721463
29.1038745536
27.8847211572
26.8941624907
26.0536809714
26.5622576776
25.9185120691
25.5737447174
28.0957175808
28.2019719049
27.0553544844
26.4808362844
26.2226380089
26.1111981618
27.2345126415
29.2501497326
27.9537736356
26.8419989896
25.9193932792
25.4038734497
26.968164353
25.8587615804
24.7499456627
23.6615122014
24.0389306742
24.6907961766
24.4238283569
26.3360977326
25.6674939866
25.3197040773
25.4152380723
27.1589305954
27.2463098569
26.5174816669
25.874640932
25.7949446259
25.9777801166
25.4990095958
25.7066245261
24.4058315855
25.87826085
25.0716159536
24.4241807471
24.2041135957
24.2662819183
24.8266732517
24.3009053895
23.93962738
23.8407603966
23.4648705829
22.9082627525
22.7305585296
22.8386823617
22.0526813358
23.1975655361
26.2869620782
25.0320556749
23.9478082611
22.9496436271
22.18113731
21.5637586108
21.4832246436
24.0103581573
22.933014391
21.9280737108
20.9451039946
24.2262918143
23.3990189341
22.8646009506
22.3653992771
22.0488776954
21.574508467
21.0481959506
21.0286505306
19.9754409425
22.0600739764
20.8793718778
20.1736186138
22.5234644767
21.6973352046
21.2187212532
23.6891514646
22.6420134399
23.5934089474
22.5396793602
21.5824970447
20.8928237101
20.9086452476
20.9984311298
20.3914647661
21.8799549499
20.2836769355
18.906355147
18.2791809184
18.0273076132
18.7444518718
18.4157741486
18.9889473963
18.5682061576
18.4393128728
18.7063741363
19.018710083
18.22731895
17.9302149105
18.6295449375
18.3518363777
19.4407243887
19.5460542437
24.054239233
22.3635509741
20.6801516478
19.4415179372
18.6151030457
18.0206185725
17.4263693665
18.6844029504
17.8544398516
17.4940604561
18.6381323526
17.8678504824
17.0978684365
16.8079048467
16.9102832274
17.5893298336
18.7105563281
20.8703905837
20.7459284287
24.083434332
23.4713297466
23.7077230792
22.8915738864
22.3472464004
22.0660897498
21.8292193146
21.5945245759
21.5054707337
21.1433931374
20.5083003765
19.8117538475
19.5197506932
19.2278552657
18.9654585746
18.9093931038
19.8234432215
19.8757694044
20.7477306841
22.657392857
21.5378259019
20.7747003436
20.3639738484
22.920961654
21.2709949039
20.5019846477
19.93465673
21.6006444456
20.9845591605
20.7261633827
20.571654382
20.2678915342
20.0244343703
19.6951613746
19.6059713611
19.5168124538
18.5230911705
17.9436279171
17.7464350609
18.1737660366
19.1541166996
18.0585012603
17.6905864894
20.2552048525
20.4872538078
19.5761676823
18.7970696274
18.5557215469
18.9665927544
19.7890437482
18.9661162652
18.5939674981
19.0907727778
18.8961837595
18.9619235217
19.2882190526
18.7258755853
18.5534050618
18.6864182737
18.8949249548
17.8726917846
19.5873502922
18.8910665866
18.4976875449
20.8552398954
19.2754302244
18.2068274545
17.4259395801
17.1045125684
17.0644997382
19.2323450224
18.8975441935
18.6124805463
20.7033305912
20.134642856
21.53401003
20.5949509984
19.670113762
19.0318735218
19.4756308319
18.6247613567
18.2387333359
17.9539312592
16.9450034802
16.2506807889
16.0249010637
17.0562453241
15.9994525689
15.2545087559
14.8845902809
14.9732425688
14.7095205253
15.0087962537
15.7747995534
15.1060781363
14.8461314417
17.5156718644
17.2121538946
18.4927653382
17.8749349524
17.3262340415
16.9348476313
16.8002747202
17.4595033252
16.1400940611
15.5008603354
15.3709687052
15.7804096675
15.4006102934
15.2076841815
15.6227869698
16.3140259654
15.3689615131
15.0091731109
15.0020581804
14.283628286
14.3714528526
14.6103925111
16.1072392036
18.8775166237
17.0444060731
15.7151711418
14.6158996474
13.9061022454
13.7810949323
16.2526374271
15.4359196049
14.8264644946
15.7393264847
15.2687528922
15.52475098
15.9866607985
14.964222443
17.8017813702
17.1718527555
16.8072273237
16.6136012609
16.1105893456
15.818740943
15.9506507476
16.3637595956
15.5645695434
15.2692320115
15.5285727853
14.8151662694
14.3983275877
14.3897686516
14.5933855532
15.5064964612
16.579280025
14.6097078879
14.8540474392
15.2592364971
15.4805459103
15.2263612697
13.4164137104
12.4916385952
11.8764081917
12.2725484404
12.408171684
12.1770283082
12.5763008011
11.7962365037
13.6332361702
13.3436563249
12.2806686843
12.350294683
12.7494985966
14.5197315717
14.2892987227
14.4311680159
14.885414163
14.8995868029
14.5166812327
14.4411987169
14.5622125222
15.5719260571
15.0436273086
14.4114671006
13.7709325133
13.6792970867
15.2261657403
14.4462116267
13.7653867793
13.1851810994
12.9809189211
13.3750458753
13.8319145118
14.097555961
12.6975536191
14.8132369528
14.2661161065
14.1260484891
14.3273503745
14.7080486803
15.1086109243
14.92062258
15.053893698
15.4809344351
15.7122474631
15.7325076745
15.3456829272
15.2969381751
14.1536333295
14.2786243683
14.3262980227
15.0403826162
14.5808547868
14.0961352285
13.733023506
14.1518113914
13.7065066465
16.7211038606
16.0580157966
14.5418825118
13.3730039163
13.0498597518
12.9698968103
13.3421635417
13.7478123939
12.9058724366
12.7897807135
16.4582447948
15.4012211318
14.6282076321
15.5815103986
14.7594360816
14.4666856718
14.5339519817
15.2077269394
14.4543715924
14.0936310079
13.9637505287
13.9842139343
14.6159263107
14.7809524493
15.3056799276
14.5326003629
14.9521464951
14.8614647334
18.1255626435
16.3880623036
15.3564193616
14.6621547738
14.3082055764
14.1326677704
13.8060848127
12.8432759066
12.1927792223
12.1813292129
12.3212257709
12.7239435661
13.1657356297
10.827270501
10.9815641031
12.7218060676
13.7302184069
13.4505701712
13.5834884611
13.8924448393
13.1809115233
13.4662771871
12.3649240609
12.0810880868
14.1473958446
13.1488478159
12.518835121
12.1283478803
12.0994232532
12.5124922814
12.9044724846
12.8876952952
12.5539698567
12.3263086501
14.9321229324
17.8138641749
16.6600257738
15.6097660246
15.2025291641
15.0155242521
16.903306829
15.5350043422
14.5979179965
14.3844228524
16.0721740466
18.5654445376
17.3475893901
16.2615640736
15.3149517921
14.709984951
15.3568648411
14.6854624155
14.2519182371
14.7362356515
16.2248994973
15.4533900499
15.0768841469
16.2212530623
15.8346089997
15.6384361208
14.56611426
14.7907654337
13.7098589049
12.8157935369
12.3167401454
13.2289324167
12.7649403283
12.3913008605
12.1733131059
12.4010179399
13.7831940621
13.8005102388
15.6655392936
15.0675037996
15.9332914485
15.2588481006
15.1579021551
15.7455535694
15.0584748999
14.4380628279
13.8844797943
14.0371531061
14.2357828517
13.3527249209
13.1870806008
13.1964021635
13.7994452459
14.7926794279
14.6813297233
16.0422441749
15.5136082116
15.0779764017
14.8661473858
14.9559081004
15.0793824709
14.7626778216
15.3221491766
15.4753793544
14.7282994352
14.177732111
13.7278259059
13.6297145739
14.4160739006
14.7033097963
13.5202293592
12.7866691575
13.1252620089
12.7135388467
12.6210291523
12.6802183664
13.1096495442
13.6057304578
14.3202568345
14.0354517438
13.9451493476
14.2936131918
16.0969861439
16.845706049
15.6616591379
14.7664584557
14.4645954304
17.1630584646
16.7536129931
16.6887889502
16.8645504174
16.8567712923
16.7734418623
15.3271330336
15.022063153
15.3676959683
15.5156346826
14.7701461476
17.6510249799
16.9730789787
16.4985005892
17.4537259204
17.0221170289
15.949335048
15.4991394527
15.7219300262
16.1970172405
15.3368268849
14.84918557
15.2705889661
15.0148044908
14.6070174215
13.9395628608
15.0332138769
14.751770964
14.8276577465
14.4331063355
13.7140576132
15.025734708
13.9881063287
13.3862527883
12.8485771392
12.3237451384
15.1235304533
14.8328194477
15.0547155543
15.3218251255
15.442670391
18.1549593755
16.9867578815
16.10660178
15.0007351326
14.250877936
13.9341639542
13.8316312092
14.1689971662
13.9418488967
14.2211408937
14.598775586
13.8669698705
13.9530349635
16.5173828381
16.0612923494
16.0591160138
16.5023304276
14.9003060338
16.670491474
16.2729710529
16.9209626553
16.3875198642
16.4986028989
16.8813545867
18.7000815952
17.4963696131
16.5216066944
16.0512721386
16.8402612782
15.9088446553
15.0524252706
14.4920367458
17.2068982731
16.807503658
16.6119994784
16.6659864647
15.7689640757
14.1981698435
13.5533841841
13.7048306127
14.092235256
13.5843924141
13.2273823168
12.9829359615
14.5464506417
14.2162635289
16.0106838329
16.6000833602
15.2504754031
14.5645866362
13.354004393
16.4770463218
14.6803781898
13.1756001308
12.0684008019
11.1253756666
10.3501169018
10.3751002282
12.109484006
12.4352966245
12.7855177904
13.7445709797
13.089434739
12.9427959155
13.3209387524
12.6957868927
12.2882833449
12.1307613919
13.7756872206
13.3994800151
13.4625497705
13.3199760981
13.9824258143
12.6256725192
11.6697651709
10.9319370774
10.5110929762
10.5215399665
12.1749477346
12.3914736534
13.7085041788
13.1541645259
12.6681300774
12.5082552931
12.5763448409
13.8988567235
14.0563001435
17.0720148598
16.320907607
16.1547505368
18.1077957757
17.5719562098
19.3762660191
18.188380428
17.3317644142
16.8249040874
16.5819753384
15.7081674464
15.097987993
14.7965373458
14.8325863812
15.6347281529
15.0331158562
14.6796554219
14.5581329058
14.4509638949
14.6223383118
16.396134579
15.6386441077
17.913988167
17.0294220848
16.4180917
18.504644232
18.0196223535
17.6230822491
17.5807636885
17.8689176719
17.736712705
17.1948211604
16.7576430493
18.161525225
17.666968354
17.3797833838
17.4340072673
18.7836377924
17.5895232022
16.6468927747
15.9000535166
15.5545208378
15.1973330976
15.4096507452
18.3210838675
17.721206811
17.3188089889
18.1270532587
17.4807721379
18.9217364148
17.8767147757
16.996309649
16.3446018451
16.1802943158
16.6564502239
14.3181166882
13.6842277404
13.3083962906
15.3951755131
14.644255655
13.8934469743
13.1807707336
12.6974901323
13.126503851
12.9910517897
13.8939875196
13.0696510281
12.3091752014
11.7137692117
12.6880739401
12.3462452019
12.354941203
12.1712372156
11.4329137517
11.310633427
11.8570231819
10.8806558802
10.7399049604
10.6926322513
11.2825773911
10.9044610978
#running_time = -2.5836679935455322
