64.799488614
57.8526371463
53.04269188
51.0867829639
53.8913494645
51.6308429502
51.1272086184
53.4598764529
50.9201992358
48.9511308626
47.6703592926
48.4663964733
46.4235244292
45.7122360846
46.0327293673
44.8438369309
45.789361981
44.5232854599
43.2202115078
43.9227603391
42.4673252045
44.2992934854
43.4048198861
42.968642762
44.5768117507
44.124119442
42.9561239039
42.5130383909
43.9985672742
42.5413690664
41.8140525778
42.1872375524
41.1295190262
41.1441448797
40.5590638177
40.3890426294
40.8398029166
40.7753847294
40.6733910352
40.6700970553
40.979380678
42.2088196885
41.5078635291
41.0129417952
41.1506364592
40.9293205078
40.6754701326
40.3948816377
40.3202399499
40.7339999843
40.2895829538
39.8980305915
39.407085755
38.9688890993
38.7439622559
38.7189154812
38.7218193698
38.4167332689
38.1944969996
38.1234658735
38.2465536997
38.0319060197
37.912773994
37.9548901858
37.9124081099
38.1238457839
37.864420504
37.6386349696
37.4967855246
37.3398850999
37.1723311686
37.1146887791
36.7067023844
36.4111744946
36.6334152418
36.2770831684
36.5773097964
36.3273926359
36.2607568018
36.1943093382
36.3095878417
36.1245856507
35.9965621259
35.750762954
35.6360340147
35.6655912731
35.5541425116
35.8455450428
35.602868112
35.3607856445
35.1192882854
35.2313652515
35.3431783793
35.1033827006
35.0394086154
34.8007050109
34.5625353827
34.498989706
34.2618649189
34.0252513796
33.9621158733
34.1113182801
33.8366008172
33.6019619467
33.5393472124
33.6083865426
33.4523589889
33.3522512963
33.1199346148
33.0579326767
32.8881111464
32.7647354147
33.0798557264
32.4350513034
32.0743093665
32.565575713
32.0545427299
32.3931704378
32.3321781655
32.1779453823
31.877168901
31.8164895965
32.298450741
32.1733553075
31.7176333206
31.2626550217
31.1381710496
31.8369634551
31.5485217369
31.0964374716
30.6450572938
30.2284292936
30.0710540521
30.0236213435
29.7248012485
29.426426108
29.4532158794
29.4799664513
29.5066782181
29.3716949062
29.5597563517
29.2639582541
29.4514904498
29.0262520717
28.9676599672
28.7488412614
28.5303194255
28.3120916642
28.0941552279
28.0308061081
27.8245910129
27.9374228865
27.8452945592
27.6842349735
27.1622398916
28.2039146594
27.7827867624
27.3621830352
26.8194428461
26.8130328981
27.1981555918
26.6806586797
26.6343829579
27.0584562326
26.5425519192
26.496440101
26.2942528873
26.390448553
26.679400703
26.1746777636
26.0449058905
25.7504671587
25.4743581376
25.4069787724
25.3101966627
25.0009413145
25.7912203805
25.9410540006
25.7446341132
26.0702866006
25.6737808897
25.9402179162
25.5385744235
24.9922515107
24.5625839652
25.5355281694
24.8858044079
24.9564155072
24.6649141074
24.7973336891
24.5180891172
24.0151497213
24.4825824497
24.5524825898
24.3604308395
24.5625809088
23.8921264779
23.503685238
23.3889442916
23.4037910601
23.2389761643
24.0717095676
23.7415176949
23.8251593656
23.4878986927
23.1616923952
23.073424062
23.318870541
22.6834634118
22.6661391772
22.8232327889
23.0835706982
22.549813686
22.2804543067
22.6395537816
22.2462324012
22.2707472347
21.9660706627
21.9734606194
22.6002759206
22.423326617
22.4875476984
21.9575446211
21.9362294654
22.3427228868
22.1665000651
21.9998885592
21.9985323585
21.6859219857
22.051118938
21.7287241023
21.7800605668
21.8184949585
21.8284347855
21.8048727785
21.6522226827
21.4088136703
21.4775480294
21.2147130033
21.1318425949
21.166543093
21.2669229359
21.1687334294
20.7738155091
20.6340483162
20.8278992366
21.3118086373
21.2153873338
21.1190360225
21.0114839213
21.0064201074
21.1459367638
20.7074586292
20.5704470027
20.8482737366
20.6996431519
21.002025997
20.895333805
20.8655430888
20.7843141658
20.4180447088
20.6023172842
20.5356021846
20.7556845252
20.7331074844
20.3515243242
20.6951217198
20.5381789643
20.3012141837
20.4908969302
20.5309578348
21.7294521111
20.9848913873
20.4646499548
21.6046832091
20.8318755762
20.6861656956
20.1143527139
19.7919653605
19.6571588928
20.0547394392
19.4402789892
19.614715243
19.524218126
19.5654956401
19.57301378
19.9710369935
19.650713164
20.1493855689
19.7817750301
19.7022563132
19.6790175828
19.4303768031
19.5287996433
19.917527283
19.6034977579
19.5129666073
19.172098059
19.1578872129
19.3737895654
19.4373817834
19.8314421724
19.5973396388
19.5225185422
19.0260153576
18.8737031723
19.2395262916
19.067200949
19.0941061823
19.2885382841
19.4341642533
19.1430956647
19.0246374969
19.0303423526
19.3125598866
19.3854904585
19.1267571903
19.6736461889
19.148306111
19.962210191
19.1370941737
19.3579451229
19.2180406625
19.1074144407
18.8513508488
18.7634043879
18.7685119939
18.7834676954
18.6884928816
18.6358519996
18.7316292732
19.2925853851
18.8141939636
18.8989842677
18.7291405131
18.5250813829
18.4445473098
18.3292268346
18.3799559518
18.2730184135
18.7007939889
18.4301698481
18.6617458695
18.8114012565
18.4823120324
18.5636889465
18.0672495167
18.1717742788
18.3970767511
18.3806708371
18.4850430224
18.589364736
18.4409865492
18.1205331653
18.1228713979
18.2092992366
17.7833645759
17.6533525494
17.5887937177
17.8783347916
18.5677037622
18.3905865835
18.0101069721
18.3812537584
17.9544007632
17.7309344357
17.6551479026
17.5558761847
17.9753524401
17.4690237131
17.8466748746
18.4200148506
17.8940416134
17.1843002774
17.6189292279
17.2447313588
17.2840257812
17.1549105356
17.5096660154
17.621048067
17.600893291
16.8182240194
16.6459468312
17.0362917119
17.3550345848
17.4729917775
17.5546909635
17.4024334102
16.8479716873
16.6070524923
16.3785562527
16.9470377111
16.9798336434
17.0126156713
17.2166618291
16.9499477591
16.3868063362
16.1493613548
16.4170755317
16.4086934654
17.2612889818
16.983239877
16.6379664253
16.5485489291
16.636400991
15.5422959625
16.8175408378
16.3703005992
16.0172513115
17.2191602342
16.4731076549
15.9230085545
16.7077953318
16.777165664
16.6829737325
16.7280403224
16.3058701892
15.4863760222
15.474398997
16.5079954998
16.0267780874
16.0228995217
15.9256870185
16.058576002
15.7882845116
16.0055615347
15.8266577618
15.980309238
15.3405172483
15.2207023223
15.1651173606
15.1142083672
15.3690764188
15.0786672853
14.9354356649
15.1220722722
14.7712844751
14.682965502
14.4943598691
14.5002819151
14.8378171774
15.4031792407
15.8580061239
15.9155495173
15.9143828604
15.6913641621
14.858575924
15.6770854143
15.7334330653
15.2431497691
15.2077088065
15.0513947349
15.025896611
14.3618226487
14.4482019849
14.3195442112
14.8360930481
16.1754259079
15.4533131023
15.4303575762
14.6017460155
14.1397383064
14.227710728
14.1628351021
13.8953872056
14.120771256
14.1435411546
14.4066638686
14.3605055168
13.7710052505
14.2280982871
13.9393465675
13.8568899142
13.7635673204
13.5669596168
13.7748124628
13.7719684356
13.3184189495
14.0503494453
13.3847398321
13.5914516869
13.9478061299
14.2992082259
13.9725768582
13.8266894656
13.8233379068
13.9204156117
13.634860304
13.6326097172
13.125466063
13.6428195315
14.1053621904
14.3867898565
14.02935022
14.0880071455
14.5200885102
14.4878095743
14.1369133069
14.281852256
14.0491747404
14.4904638453
13.8473393153
13.4562401678
13.5530272978
13.6294052131
12.6494685707
13.0009264403
13.0420796722
13.5503934104
12.9288109353
12.9333321185
12.5940978666
13.0541380602
13.368454062
13.3135947052
12.9232512034
13.6089580681
12.750715548
12.7881739048
12.7148165967
12.6822410637
12.7058493995
12.5450685329
12.7095290405
12.7152342318
12.5732811264
12.8642138839
13.014979789
12.5665958951
13.1936916137
13.3077414275
13.171396783
12.8652862747
12.9113441986
13.159203099
13.2124624344
13.1822529453
13.3698607928
13.3169052838
13.3379804103
13.1413870145
13.1737828313
12.9164116315
12.7970287013
13.2236563081
13.1525037513
13.1378142469
13.3677581587
12.9487754031
12.4380141158
12.5551034479
12.7318155202
12.4832694267
12.6700769409
12.7010858295
12.5391050559
12.5308828787
12.6498088654
12.5550826917
12.5062660062
12.7351106656
13.0786072335
12.595007051
12.2727403126
12.2127901099
11.7707499635
11.4881653684
11.7414368556
11.801365813
12.4558417461
12.6947955204
12.2807932832
12.8229310005
12.5618173417
13.0179432588
13.0914100527
12.6769168721
13.0981277332
12.5042901541
12.6910777643
12.5660477329
12.5666758551
12.4417131591
12.3785404557
12.5392040855
12.2543393849
11.9146154067
12.1836472886
12.3155875634
11.9065690206
12.0604545624
11.9925206928
12.0519457672
12.2547543075
12.4942227043
12.2454643258
13.1790392036
12.4235267013
11.9418714386
12.3305319975
12.6686201617
12.3386625807
11.7792134111
11.7871152626
13.0646822978
12.6538199601
12.3734886963
12.253289396
12.5719941719
11.4532683188
11.4632781284
11.6782630565
11.419695874
11.440755031
11.9152226838
11.6838879419
11.7333360513
12.3498469452
12.1934733593
12.9352141594
13.3039413613
13.7019148116
13.2464595037
13.1100728098
12.2608640639
12.1193743189
12.0158890907
12.1666816668
11.6505117283
11.7595204352
12.0598827832
11.699321856
11.6210871773
11.7726403031
11.5777658556
11.1599344337
11.0366829152
11.1611429604
11.5086084961
11.1154525278
11.1629997361
11.3884898276
11.0760330528
11.0411932377
11.2890760533
11.1683101965
11.6757111002
11.3315239785
11.2125698716
11.4732266421
11.3071784012
10.8943159224
10.7199257609
11.0231044012
10.6795448533
10.8634858138
11.1772622642
10.8992621585
11.0175618863
11.0581882707
10.8761233398
10.5888093858
10.8786114446
10.5590512836
10.9560439196
11.179332691
11.5255658129
10.2557213672
10.0096515541
9.98814211089
10.0723145149
10.2776945095
10.746669179
11.0676357721
11.3150194793
10.9342854058
10.7050130183
10.7969961396
10.8207186956
10.7215219761
10.5933284347
11.016279162
10.8587287929
10.7608809523
10.6091652115
10.4885290789
10.8713627001
10.7617699642
11.7662048387
11.4667708803
11.3716594717
11.7140246054
11.4373623116
11.5750864908
11.5011253293
11.4374682805
11.4637349642
11.2231065329
10.8143059987
10.7416620571
10.302841608
10.231296162
10.0084673726
9.84097650123
9.6778669561
9.75901913497
9.47809041638
9.47983243942
9.06694581593
8.95408596754
9.43824719949
9.6637906948
9.89798211927
9.61216798636
10.2899762021
9.68427665668
9.77115234589
9.64037811459
9.71006325201
9.7009455966
10.0564592798
9.38820911313
9.57511643359
9.14453885956
10.0348957916
9.16130886967
9.20987255825
9.10868547975
8.93459859118
8.5693900252
8.86322463929
8.46522332626
8.6875924269
10.0489125626
9.37449280755
8.99906806369
9.18096360181
8.88704922707
8.71425746572
9.02304575916
8.69208278465
8.71503149771
9.10801577434
8.77652065797
9.42863721341
9.29839517934
8.94345020545
9.69110028901
9.05602750112
8.70866923295
9.46624961678
8.72408192979
9.1560708078
8.38963809656
8.03520669306
8.60332087725
9.46175426472
9.27895530223
9.5150184415
10.0742294681
9.98253600267
9.6176668541
10.1707219372
10.0809612225
9.9767283724
9.5484851504
10.3224156423
9.65916242053
9.73126954624
10.3787430965
9.97025550274
9.790893043
10.0681024639
9.53438913245
9.52777672014
9.69529821852
9.43289669832
9.26596277589
9.06591552657
8.78532074848
9.01570927278
9.17653482314
9.12845655024
8.26880263508
8.18780615995
7.92892781143
8.31623883781
8.88867264512
8.7352150487
8.95183429434
8.85925642298
8.94658165173
8.96086090105
9.36918335379
9.66270066129
9.96740794806
10.2661160536
9.78267190034
9.84808334602
9.23920423091
8.98991400243
9.01939872027
8.77269470126
9.26231915573
9.19631085977
8.60408532438
9.98521084775
9.0065172015
9.29500310863
8.74125742103
8.63083779995
7.96338513323
8.10399057905
7.9551934838
8.20610649887
8.53576402483
9.26635901158
8.80423003985
8.71090573431
9.24345802319
8.9870791774
9.08568379673
9.22400518741
9.25722273188
9.10481299124
9.1450647896
9.26591587016
9.26853358577
9.255720544
9.01117338758
9.34452937647
10.1457647921
10.1522386871
9.90192027896
9.57340665116
9.73839008733
9.84357476956
10.2701632166
9.6137029167
9.97123194328
9.85479594836
10.3856355017
9.35420726894
10.4098660792
9.84150423787
9.71686424483
9.55468973777
9.48665119992
9.2887097264
9.28003999736
9.17155676456
9.38498188433
8.92901095723
9.18500959748
9.44763538806
9.43942031498
9.28440535786
9.34657444695
9.73138241566
9.32226578484
9.87954038647
9.24639745955
8.98787772461
9.7940610851
9.28522268926
9.47417905903
9.16578489163
8.88871860965
9.61995326411
9.82056215457
9.68788992567
9.55962374017
9.88614231287
10.0949889466
10.0202434382
10.2447271397
9.93738558417
9.81611585635
9.47835464856
9.31901395002
9.56636079486
9.2029077271
9.09306027745
8.79164074175
9.05914641141
8.63935806936
9.74653755539
9.53649001737
9.23080126735
9.51183429004
8.96950156004
8.95099268981
9.18702409745
9.17550912316
9.04114884532
8.78492743248
8.85773602234
9.08315775899
8.67347367904
8.74669917313
9.00905198278
8.99656564525
8.55866933723
8.68118479679
9.02249579465
8.22414722108
7.93743701733
7.91168882954
8.21737343677
8.71259809688
9.06702402996
8.4583966467
8.14388334105
8.40275540966
8.23451888098
8.17266217512
8.04743589338
8.0019456437
8.03563275046
9.04939074506
8.926927629
8.4442258627
8.58551464361
8.86985337066
8.34806249371
7.92930257391
9.01837977678
8.21120744421
7.76000370139
8.26690750116
8.1535637763
7.90730752933
8.80235336198
8.89450142578
8.24126817825
8.21809332172
8.17044176411
8.24274035856
8.54790624713
8.81867661739
9.10550436604
10.0293726912
9.87155103224
9.89116807202
9.80414332395
9.69047147401
9.65314753584
9.73891922609
8.80446602881
9.20978436155
8.83594522946
9.01499330832
8.11586149016
8.512393706
8.96662334382
8.07702815242
8.39664077979
8.76711935422
8.56077410848
9.88724614087
9.47787154715
9.34353967248
9.56459398002
8.70764307813
8.63583534709
8.29195203186
8.98633627116
8.48843926008
8.46442659528
8.11618727566
8.27288979743
7.97808835773
8.06939325849
8.13380356265
8.39921185243
8.57921446859
8.61584302882
8.84831227794
8.7111181816
8.66128771048
8.48916453382
8.88445577384
9.2158659842
8.7667827407
9.08236271845
8.39270378623
8.69978498607
8.84739322191
8.8287409079
8.94426529833
9.05082604715
8.94434288902
9.24440906415
8.99531888159
9.22337592417
9.53739263717
9.10610201918
8.76952519607
9.60137838221
9.29225156403
#running_time = -7.119454860687256
