61.9862332842
53.9797690468
48.0174530169
48.4017711723
44.8012077287
46.47815972
44.1692038529
43.3190404152
43.2895083904
41.9057949157
42.7637748322
41.0403888554
42.0002097636
40.3680525123
40.7965329394
39.7510769005
40.438877698
39.5348005482
39.8145318204
38.6938306037
39.3046277793
38.3280672153
38.0322859247
38.3627738655
37.5940883188
37.3155551154
37.027061399
37.5982052274
36.8567073282
36.6561288628
36.5678359263
36.365920161
36.1657137456
36.1077728643
35.8900112896
35.6436252289
35.4698836398
35.3930845436
35.1077443785
34.9415651129
34.7992304353
34.806816681
34.8845083477
34.7345361269
34.5012833573
34.3918907644
34.4323994431
34.2078378228
34.136775201
33.9744334292
33.9401152196
33.7311055805
33.6101991225
33.5088848616
33.3448403646
33.3193736468
33.1314391295
33.0946705596
32.9588734884
32.839319459
32.797699157
32.7028799859
32.7192305297
32.6516757051
32.5843670562
32.3746014253
32.1774220247
32.1226288825
32.1268656767
31.9551427181
31.8190554053
31.799943233
31.7111899284
31.6111317491
31.522924979
31.2853452765
31.2320940703
31.1561119299
31.0917581449
31.0503422601
30.9750027657
30.9564458619
30.7799547012
30.6602063866
30.5295475131
30.3544431493
30.1574510452
29.9052586404
29.8870356475
29.7136762248
29.562850951
29.4344478126
29.3723783204
29.2226158178
29.0841513594
29.0006488165
28.9936694867
28.8778944869
28.7862329601
28.7697653512
28.5753601842
28.5360914372
28.4753730339
28.4255230174
28.2578356124
28.2295871992
28.2227527047
28.1413262129
28.0175090804
27.9257801857
27.8342256444
27.6793832604
27.5987278562
27.5498335847
27.322216151
27.2210018723
27.1723715355
27.0401297131
27.0752211575
26.9955679707
26.9889068841
26.9095250542
26.8717679237
26.730517782
26.5791618407
26.479661142
26.3700163189
26.2924838661
26.1614113475
26.1228488058
26.1867465442
25.9779574247
25.8795466927
25.7751057574
25.6526224667
25.6375134713
25.4978819353
25.5104465979
25.4116940055
25.4040153141
25.2349214393
25.3380880782
25.0588019328
25.0411196527
24.9331657067
24.9255511364
24.6277851184
24.5702305439
24.5127528025
24.4254545026
24.3979856964
24.3109157421
24.313298135
24.3454191631
24.0606585684
24.0729206305
24.0654145985
23.8803647411
23.9221367094
23.7473818708
23.7202570773
23.6833491033
23.5876603226
23.6389730523
23.719567924
23.5888500677
23.533814552
23.5409403768
23.5310366363
23.4956395322
23.4311421342
23.2975547221
23.3313527975
23.1799428448
23.0383700248
22.8969521683
22.7846356282
22.7109954529
22.5796637243
22.5157991115
22.4327861513
22.282675377
22.1806606975
22.1362192824
22.0450787963
21.913557918
21.8596096558
21.7676555805
21.62814793
21.4792600226
21.3875813875
21.4670084457
21.4229677762
21.3789700483
21.3339900803
21.3173335203
21.2155988694
21.3028789365
21.2013372652
21.0150383409
21.0267182341
20.9807699476
20.9371628343
20.7807911432
20.8248542112
20.6246545342
20.5565832159
20.5447479295
20.3973785349
20.3996207468
20.3455799504
20.4320202231
20.4547162166
20.2997997996
20.1872676966
20.1111874775
20.1238163311
19.9972639239
19.8522780135
19.7529823895
19.5701100967
19.5196800744
19.4359032993
19.446102805
19.4002845507
19.4404692527
19.3056463753
19.2813536346
19.2019138222
19.1379910982
19.1469064999
19.1331651574
19.0631919395
18.9634638642
18.8741492555
18.9192530991
18.9495878558
18.8520796747
18.8492034452
18.8167501015
18.8058896487
18.6814762325
18.4479014268
18.3381167657
18.240393314
18.2062697438
18.199377481
18.1109308718
18.0587707634
17.9795012438
18.0896032857
18.0042004404
18.12191349
17.9989007919
17.8935840539
17.7982756148
17.7011679777
17.7670328913
17.6620097954
17.7008271569
17.6947212128
17.652726681
17.637661981
17.6136464813
17.4732326695
17.431351591
17.3984414803
17.365553278
17.2880314329
17.1751006786
17.1497697806
17.0608133762
16.9020945705
17.0436121653
16.9461102232
16.8575614234
16.818989577
16.9123478171
16.8708200909
16.7879764367
16.6548815926
16.5458036654
16.5320674713
16.4679161203
16.4686233349
16.6367621613
16.5498818093
16.6748282772
16.4557760577
16.598196992
16.2649079212
16.2487112303
16.2413215214
16.409776621
16.4199692987
16.2984321446
16.203295914
16.2485555498
16.2850225786
16.2513803339
16.1418731754
16.0615969308
15.9938439507
15.8805634119
15.7598799482
15.8573157496
15.762727519
15.8949366381
15.6030898625
15.8626995636
15.5767864365
15.7174010255
15.6318267743
15.6158339297
15.3913624451
15.4795737082
15.3594775907
15.3435197502
15.3362386021
15.1730211352
14.9480209736
15.0544674014
14.9746844687
14.8885822813
14.8716474726
14.8485070706
14.9312594887
14.7345992557
14.7059578424
14.7352189984
14.6949098581
14.6029699649
14.6659524327
14.7249974271
14.6060380363
14.61600353
14.6173773815
14.455688404
14.6114627172
14.4585103894
14.6312666356
14.441739769
14.3160686453
14.404371217
14.2018547715
14.1362061685
14.1560277657
14.2295976848
14.2736405226
14.1984259442
14.1073560962
14.1015604454
13.9509461533
13.979215341
14.0088908819
13.8910955898
13.7737556364
13.8624730543
13.873685904
13.8638223479
13.8400598811
13.8247911588
13.699306897
13.6755776706
13.5925638745
13.5942572508
13.5553176052
13.4622650369
13.4216799556
13.5223915568
13.4129116411
13.4132493889
13.3289319938
13.3710102513
13.2968061219
13.2900633123
13.182226512
13.1802492267
13.0677487095
12.9768824416
13.029023412
13.0979537395
13.0576219606
12.9333199695
12.842652618
12.9534201504
12.9711755605
12.9064619653
12.7908094294
12.7505997194
12.6266728142
12.6978056783
12.5212615883
12.5145713785
12.4744470882
12.5383548336
12.4360452615
12.5796427804
12.5312405913
12.5412506657
12.4345208877
12.4278530393
12.4795075251
12.4228775459
12.5055662341
12.4333389928
12.4526360889
12.3970963782
12.4080668363
12.4356480324
12.3137418451
12.3828052832
12.2361043769
12.255347018
12.3850118996
12.0949061123
12.3112617591
12.1472575451
12.0946567738
12.1512334736
12.0172385262
12.2282339842
11.9895116929
11.9673705782
12.0113052821
12.0552229783
11.9010752626
11.7882311049
11.8079266784
11.7193088844
11.7554900537
11.814790919
11.8164375396
11.925073327
11.7786349609
11.8707412361
11.740854428
11.7076619322
11.6208983143
11.5896947341
11.5913364171
11.543745266
11.6438137627
11.563460527
11.5405109073
11.5151413828
11.461872769
11.4143864561
11.3756089061
11.3382729244
11.4207109683
11.31805082
11.2344500636
11.1952362831
11.301311628
11.2393441459
11.3307448243
11.2752713026
11.2035075208
11.1489291379
11.1659987036
11.1839206475
11.0715406843
11.1789968843
11.1480733395
11.2391846315
11.2814715862
11.2830974431
11.2440903853
11.2457151181
11.3123062176
11.2327490798
11.1694497978
11.179184819
11.1159287657
11.1337641457
11.1110722764
11.1775045334
11.1710255269
11.0188201833
10.9556923866
11.0139446568
10.8861560529
10.8069212206
10.7545020888
10.7454910373
10.7354355572
10.7864661615
10.7083311398
10.864227002
10.8103428128
10.7000292916
10.6300579067
10.4956405909
10.5707222472
10.4927657388
10.4872912276
10.6025407684
10.6212064668
10.6318231922
10.5759347337
10.4971640726
10.4585948387
10.5083975682
10.4457624276
10.4313127461
10.4168676345
10.3382468423
10.5964909765
10.4056748322
10.3912478818
10.3527880434
10.434489703
10.5241734044
10.405699605
10.3112700353
10.3688702635
10.4344502864
10.4840199196
10.3817140417
10.3753218837
10.3609439256
10.2826878127
10.3321817115
10.1821490207
10.2954372415
10.2412029493
10.250770819
10.3480148745
10.2460189744
10.2498692487
10.257159042
10.1154482291
10.1294638188
10.089362829
10.1049530342
9.92969463907
9.8975787194
9.88136654757
9.89693836881
9.82513838452
9.88834198791
9.95172460257
9.93807551137
9.90063076008
9.88698959926
9.77820906419
9.8359126659
9.75880558924
9.73507161837
9.81081158963
9.72593912478
9.77366227274
9.69421892203
9.69301558805
9.82802303234
9.97791964726
9.85904796976
9.77971721518
9.74367757939
9.6748155605
9.61386767526
9.50558130978
9.44850766175
9.4604977023
9.48037039309
9.48446996771
9.37822584679
9.34292599863
9.27612688076
9.26447175711
9.21011238692
9.1178671191
9.18225789039
9.09981749951
9.14601264644
9.04537697285
9.1648493612
9.22614486301
9.15952795746
9.15385342452
9.16327525812
9.15699572566
9.11932864773
9.1601237135
9.12247680125
9.07699892484
9.02369423961
9.09156992346
9.18527365895
9.08326128187
8.96736817764
8.92979114072
8.90211043445
8.97203319841
8.85626198504
8.77604032677
8.84609219144
8.73897314706
8.87669535573
8.72013915334
8.7823080299
8.73514686792
8.73483462301
8.76573890098
8.66399948133
8.65588737816
8.63997925417
8.81897782696
8.75631314667
8.53614732813
8.78678899463
8.59956143239
8.5836775956
8.66120847723
8.48190521117
8.59829848021
8.60550873564
8.62100545806
8.58652210884
8.50450368594
8.6510967417
8.79838975782
8.61944529667
8.56632170758
8.59552029656
8.58744894602
8.59045433368
8.63703695705
8.52446135567
8.53279922391
8.57809697768
8.62428385601
8.71694495734
8.67016095883
8.7085702584
8.70051865167
8.67698889189
8.6696746187
8.74332429076
8.71699613979
8.68949531177
8.82493761313
8.70331072411
8.56576976035
8.52771237866
8.49161140913
8.41392123542
8.47807766291
8.38107041301
8.43597415865
8.40521488677
8.37217996713
8.31673183236
8.31697915947
8.32869366341
8.19400844246
8.12098114473
8.09417991674
8.09818376423
8.1637699972
8.09850684731
7.97670296349
7.97054891571
7.94929366106
7.91210394289
7.89539903284
7.87633907037
7.9098066721
7.95374739176
7.95927712624
7.93841789385
7.97281608212
7.89332273262
7.87361175726
8.03102994499
8.05802734085
7.98533487939
7.88966006775
8.03945339074
7.94535420159
7.77904710776
7.79834870277
7.74480650087
7.82485192675
7.75867635978
7.77555138179
7.73626960996
7.86461899612
7.68995157835
7.6163415487
7.70526925243
7.77762267208
7.69479759546
7.63538928065
7.62085504862
7.5963527333
7.59566457133
7.59566457133
7.54224990842
7.60336993877
7.61337405757
7.6979305563
7.82906414298
7.81534382605
7.90069626967
7.73055926206
7.66169729547
7.58523427344
7.54874533059
7.51610223147
7.50818684262
7.3905682559
7.52268169577
7.49951197901
7.43846957574
7.41069628767
7.40391323659
7.35538162194
7.38086698666
7.3912827474
7.33955305147
7.32649265291
7.389351628
7.39137633873
7.40177413701
7.48676567073
7.45854825471
7.46067170465
7.47795906473
7.350946628
7.46542222732
7.43122986164
7.64390319998
7.64758794431
7.62698996028
7.66696607258
7.71292729913
7.67877279217
7.69602460652
7.70570785938
7.66085288743
7.78396162129
7.63487002651
7.6521043015
7.60131882847
7.55809945662
7.55266035408
7.50190562834
7.39830224923
7.40796592854
7.41762766915
7.33672680015
7.41429159459
7.31833564563
7.24634014756
7.23959613285
7.27940311856
7.43356152255
7.36784575854
7.31721243937
7.34192143806
7.3515620717
7.27600443227
7.30220458693
7.26818118474
7.26119332558
7.09522104327
7.21566193971
7.2316358148
7.25287132328
7.27783268186
6.99050955561
6.99697154037
7.03694657839
7.08442653214
7.12438611272
7.11797662511
7.03481974899
7.04228197727
7.0367567519
7.13070655428
7.20963328257
7.18352943376
7.05108683841
7.08107981294
7.17104160496
7.14106004206
7.16547425379
7.14689273673
7.25079360481
7.33814889807
7.25248275307
7.27164918656
7.30737852479
7.35018741883
7.38550561166
7.33852326213
7.32894903365
7.33433353092
7.23121837755
7.16966217633
7.16301200351
7.32562232294
7.27900007313
7.28467737217
7.13350990353
7.16061878512
7.10006193154
7.05348272667
7.01456035533
6.98055101833
6.94880509625
7.07610180812
7.12009666199
7.16155430623
7.12293623598
6.94971240851
7.00754254713
6.95359742331
6.96670877668
6.94257633857
6.86611703936
6.79851107052
6.93935625054
6.93131791027
6.91588122812
6.92250592878
6.94622557604
6.98770861461
7.00652220484
7.0129878945
6.96685282937
6.94734626828
7.04995667476
6.95406378496
6.91474374939
6.9326651932
6.74587631902
6.7441849565
6.63432388645
6.70956388466
6.72974745873
6.79460261882
6.84801096627
6.85691079774
6.80526358569
6.91617601682
6.89521292998
7.05618738267
6.92312983175
7.04460100734
6.90919221965
6.79602550107
6.82420630683
6.86773968991
6.78542546515
6.76973517124
6.81324604023
6.73837286412
6.65210354873
6.68481047717
6.56722920318
6.58690061902
6.73385758435
6.63688844607
6.64376686851
6.65602216175
6.56034437002
6.61854537996
6.61765922037
6.79984853946
6.792466374
6.70362504704
6.75439721129
6.6454134428
6.67883104494
6.68532188374
6.79235848745
6.77644201245
6.81539751488
6.7997406798
6.8887677006
6.75672313101
6.76199965461
6.84184826656
6.6995780253
6.64363426911
6.63207984368
6.59240585602
6.5806120745
6.54793900493
6.55434277347
6.52674968535
6.6114090718
6.62523452079
6.68304352807
6.73891533903
6.85132390157
6.81604796793
6.7587339204
6.58388106816
6.64325374935
6.69167398394
6.58650482276
6.7926805963
6.68168766197
6.75477147616
6.85726898186
6.88192213946
6.85049616935
6.80493676067
6.71290529033
6.66968297331
6.69807685537
6.68136402678
6.70862796966
6.76519895219
6.75169529808
6.76109400579
6.70745096627
6.6518035275
6.67785776926
6.62280486218
6.5226262179
6.58033979306
6.60550445152
6.67047268907
6.82321179755
6.72264665824
6.62135259646
6.6777985058
6.71910612379
6.78335102577
6.6832536287
6.68156048968
6.56174313719
6.66521310311
6.58038720885
6.70349249811
6.61661740211
6.66458363311
6.73553123148
6.6824017358
6.70954613388
6.70750332211
6.62521986277
6.75446087903
6.70001370141
6.58995940118
6.55146738446
6.5640045314
6.51248586445
6.61820474759
6.58702194868
6.52416408892
6.50280573825
6.51533142488
6.49144885704
6.49625393251
6.55288164913
6.56000986407
6.46875858954
6.35505565976
6.39230197109
6.27426320669
6.30727817103
6.33644145608
6.31375812263
6.49552332089
6.3324279219
6.35844390448
6.33327855702
6.28140943313
6.3448365441
6.58346062347
6.3754503839
6.38735768416
6.52935928694
6.69968963652
6.68517498746
6.61409716831
6.68432732984
6.53127946801
6.52734760263
6.61801231042
6.67544410895
6.6224995543
6.52871683051
6.5205993762
6.62085879047
6.6460735117
6.51914894564
6.45289033344
6.54153784286
6.55051716768
6.62715782528
6.60167552489
6.47768322718
6.38681100119
#running_time = -88.82403779029846
