62.053341008
54.3009965661
51.5335617124
50.0758304491
48.8291459619
48.0969249703
47.4078726161
46.676202023
45.8024015254
46.0722062949
45.5039756935
45.4228510734
46.023088329
45.0910524314
43.9984279086
44.8307721779
44.561295148
44.1463594561
43.397949973
43.2591214127
42.9462576739
42.9943638931
42.0405365083
41.8712051387
42.0275598
41.32023254
41.0088018364
41.2355954651
41.0956596971
40.974262992
40.416729656
40.1758980208
40.5819379608
38.545356034
38.6997738831
39.2521516062
38.3056921469
39.8212173863
38.5297683001
37.6218485679
37.2191653317
37.9291222813
39.7186864609
39.4339225758
38.9339700888
39.3713559177
38.6894078872
38.861370685
39.2918385011
38.5476910465
38.0146169032
38.1966920972
38.6188547282
38.0514111671
38.0928340684
38.3451187743
38.1143469946
36.5547573398
36.8249197957
36.2012622477
36.8283317246
36.6518762877
35.9353566643
36.4191368968
35.7647670471
35.2710329771
35.7270103409
35.2830604344
34.748062591
35.2293963574
35.1180947063
35.240505676
34.568866382
35.0336428015
34.9132599805
34.4686482409
33.992141758
33.8128627888
34.0047203522
34.1618832429
33.9185470013
33.4487405104
32.9802038738
32.5325889101
32.6606391694
32.2509821509
32.1107201992
32.1553029691
32.6074051464
31.6920302927
31.5821754017
31.9888386817
32.3553712395
32.1615389998
32.4972370382
32.09240272
31.617232356
30.9551427717
30.7099887386
31.2008848734
30.5955097776
30.6384008079
31.4237027234
30.9776310245
31.1042900534
30.9890536846
32.3339354819
32.2097802176
32.1085139718
30.7744547258
30.1022070287
29.6722747099
30.0594129396
29.9321181544
30.2043065905
29.4480693378
28.9992352026
29.073155849
28.7046126291
28.7807552934
29.0853407262
28.494604621
28.312788724
28.7157073675
28.0529351044
27.8266260038
27.8978636924
29.1621691711
28.7356698784
28.8568273676
28.9992852274
29.7544587688
29.5237904171
29.0318411995
28.3712862535
28.3802611143
28.5193854737
27.8674049311
28.1518637331
28.2249234343
28.1582324854
27.8478851281
27.666358591
27.2186269091
27.0553960197
27.1425006796
27.2927527225
27.160992754
26.6550651595
27.6554164711
26.3352388889
25.9764742737
26.5330181402
26.7780896881
25.9667134176
26.5718821352
26.0317112053
26.3537640379
26.2095110851
26.5375949573
26.6439907753
26.6353527389
26.650653404
27.1620830489
27.8430703575
26.8614220656
26.8688282515
27.0770194965
27.5642138703
24.6496420279
25.1091857854
25.2013833263
24.4622052146
24.4349169336
24.5474997322
23.9553848783
23.7120361253
24.2278709093
23.2359725626
22.6126791631
23.2719148008
23.8579080916
23.4048710864
23.3867994053
23.2072574063
24.271124765
24.0051315668
24.487823665
23.5633114773
23.0315437727
22.9731540909
23.6254652897
23.0114159862
23.2225545083
23.9575029061
23.3465099999
23.492493551
22.8887026101
22.7767210039
23.4251217137
23.3193747233
22.868931738
22.986584264
23.2756723201
24.8332760606
24.0886766556
23.3451637145
22.6328664286
22.2087841236
22.7372034955
21.8717269098
21.5486401691
22.06562775
21.7597877285
21.9165710911
21.6138188036
21.0978349849
21.4954303097
20.7002176076
20.9939614348
21.1050779392
21.4155390971
20.7654180345
20.8864396485
20.9872625831
21.8087731493
22.0701372483
22.2313911648
21.9837782445
21.4858781059
22.7893885094
22.6979040096
22.0481946573
22.803563355
21.849952209
23.1486677427
22.4447551935
21.5660431659
21.1449243817
21.3879764908
19.9974184622
22.1944488409
22.1558835303
22.3597156884
22.3212075625
22.4939441706
22.3205493479
21.9979210849
21.2006491337
20.840066092
20.9631019549
22.4028997672
22.0122291222
21.3451720747
21.056420492
21.1676367223
22.1933864124
21.5399228295
20.5640588565
20.8240527227
20.6420637055
19.6216278777
20.158153232
20.8100291709
19.8595235057
19.447553343
19.9714918432
20.5517031238
20.500244311
20.0815931884
19.9897790377
20.2792057795
20.4908283365
19.8358850243
19.6796149371
20.1503439046
20.3285109268
20.0426844243
20.1994123309
20.2997214291
20.8107395496
20.0860286481
19.9758512578
20.0798762247
20.1567930615
21.0634306851
20.4962361918
20.0421234877
21.0090115654
20.4428530991
19.8770367696
19.8749643497
20.1539878108
19.8053601287
19.5640392612
19.8181029358
19.7808910104
19.2907597088
19.5294137129
19.2953793078
21.2110840048
20.6277564142
20.6638368367
20.801146554
20.1281827064
20.5007281418
19.8185070386
21.003682554
19.7004652995
18.8707636132
18.6866472749
18.5022283706
19.0978500067
18.9219257425
18.3207694018
19.0068974047
19.0157270109
18.6014747594
18.2887321084
18.0519617175
17.8189980041
17.2016724657
18.09391978
18.2048037215
17.8907457541
17.7765140579
18.3986721513
19.4931329483
18.7457297736
19.0563746343
18.7949541444
19.1012811544
19.1598780902
19.4419804497
18.8934836824
18.3452669809
17.8629375293
17.6432732154
17.6771068296
17.7644129711
17.9865344894
18.026961159
17.7149229952
16.5305827531
16.6114989869
17.2458742022
17.0872559508
16.8998400919
16.9401273389
16.9803949738
16.2643924975
16.6108459436
16.4694578933
16.3948106716
16.6805044505
16.8745745628
16.678066361
17.0946280761
16.5222115607
15.9446602724
15.9978832841
16.3801547863
16.4791887786
16.5672816226
15.7503801103
16.0297659941
15.5055565157
15.9144572368
15.5562672371
15.7469845101
15.6440126458
15.763741023
15.1358062925
15.533923099
15.1227952562
15.4920639276
16.2636417252
15.1669446779
14.9385080432
15.0734882188
14.877943885
15.576034866
15.2105854293
15.8826927466
15.7963378534
15.3386836452
16.210955225
15.9069060985
15.7446751994
16.0368526765
15.9523809339
15.8163641502
15.6732690792
16.7898724932
16.1223035291
16.2501470108
15.8370070608
14.7052414818
14.4712967449
14.2116051817
14.595768002
14.1307371572
14.0700480084
13.879099842
14.065984008
13.7790261267
13.1312326037
12.6215768927
12.9640898037
12.1253909573
12.5730754232
13.6151885534
14.0383729335
13.7512694793
13.825667285
13.4717713161
13.8666900544
14.2776536224
13.5894321555
13.4869220954
12.6058575155
12.7498098297
12.5791154138
14.1148259493
13.2207416602
13.1421520987
12.4150309328
14.0309226495
13.2295995323
13.0109833082
12.2784605561
12.7004312332
12.4117252015
14.0002020494
12.2271775055
11.4157511667
11.5405867282
11.5114586568
11.5281461338
12.2950053566
12.7451379945
12.14727789
12.6376038134
12.5252739013
13.1952674723
13.3587461333
12.6945685744
12.5766874724
13.4232382061
12.0027818784
11.4083231793
10.9184518836
11.6899918416
12.0614854437
11.9345517788
12.1689174563
11.3548174979
11.8692206818
11.6386337748
11.6990777761
12.1215057403
12.298961492
12.3110731302
12.7209754901
11.9177333576
12.332272482
13.3937357367
12.1477057924
11.6921330038
11.6793817224
13.0543353445
12.2912362685
12.6575868677
12.3246491442
11.812773489
11.7103830815
10.7698129536
10.3825494909
10.4910438211
11.493273227
11.8177960506
12.1162586596
11.5955430993
11.8844165668
11.4020974038
12.8804249141
12.912326064
12.2848465814
12.0728848007
12.1661982324
12.493861449
12.3442098595
13.0349084224
12.1222963513
11.8138772318
12.691735499
12.0091472498
11.8637286618
12.4348249982
12.204841369
11.5691052696
12.1403687449
12.0574357912
11.8920802172
11.9643493532
11.9917511017
11.2913236891
10.8596706265
11.3618689926
11.046234375
12.1402142204
12.201470413
12.1235240638
12.2677493921
12.2162930688
11.3417946623
11.8467722724
12.042251483
12.0763717254
11.9020496556
12.0408640486
12.939816484
12.8013879635
12.9208119516
13.1404466804
12.7706511802
13.0638337271
12.9662195959
12.8852530788
13.1980358084
12.9870950401
12.8861431038
12.377406436
13.0859937554
12.5774113607
11.3335669603
11.1954042793
10.8014550916
10.6647912166
10.7801308797
12.3368594586
11.5444512575
11.4980505794
10.9306756445
11.3318108536
11.2309743255
11.5268460015
11.8793918201
11.6720457164
11.2930905989
11.7945290822
11.502377781
11.4639293395
12.1961402046
12.1212283849
11.6528569383
12.3420791627
11.7304510268
12.5695094344
12.6539410989
12.2933313602
11.6047693179
11.474882881
11.3853616399
11.4379344475
11.2080487418
11.2998321512
11.5115670442
10.9299797061
10.9619730069
12.3728962203
11.2541247531
10.5797438672
10.9482781357
10.7048504118
10.5788354835
10.3402641744
10.4638982216
10.7896266509
10.7859561212
10.9551834981
11.7837533315
11.8419101893
11.5047515013
10.9356723277
10.7638777305
10.8780691134
10.7707274064
11.1438398119
10.6830817259
10.9067832244
11.3089914364
11.6748671733
11.298851149
10.7243021385
10.771672974
11.466712079
11.6353963176
11.0318700141
10.9710672756
11.279445859
11.0700753124
11.0579714953
11.2404344487
11.6612259526
11.1165921688
11.0388814111
11.1380732431
11.0501404666
11.1306168738
10.3257482969
10.2989501946
10.1138060618
10.1467463322
9.70327841969
9.71238404509
10.7483434126
9.98440784731
10.2078131391
11.925158207
11.5906438191
11.4920856702
11.1162211509
10.8285430762
10.0229790444
10.0620893639
10.9501562602
10.7291325801
11.543243552
12.0035717735
12.7085816507
12.8823286714
12.9817593757
13.0820221535
12.8170161045
12.5784287427
12.3843745741
12.6642689146
13.166188568
13.4058064514
11.7326971936
11.6093124104
11.3345679303
11.010316279
10.6162326344
10.4577621907
10.4316945599
10.3537728463
10.4462151198
10.1361091869
10.4083022682
10.8464197775
11.5314994585
11.2819908918
11.3855241769
11.277263742
11.746854996
11.506681081
10.934150101
10.9958268879
11.6294118083
10.5460565965
10.772051818
10.4080540201
11.0944325306
11.3819133874
11.1369401257
10.2715299437
10.5220975268
10.5261631524
10.3853773523
11.1461446014
10.6460921559
11.6032962585
10.9885795696
11.4834496124
11.5753807346
12.125279163
12.0574905855
11.4424531879
11.3734505299
11.0431767434
12.7503586229
12.2550369941
12.1370857036
11.7876300155
12.2360254298
11.8109696171
12.1027409267
12.2189922971
12.1528869098
11.7735258624
11.1663711545
11.9574191396
12.5588895634
12.3384198122
12.2867456294
11.9404676232
12.373134936
12.2540837143
11.7740518996
11.2552707009
11.7361822944
12.109089788
12.5512909671
12.5111713961
12.2393825381
11.756650613
11.6760269248
11.4882098307
11.5034349851
11.7079285121
11.558439881
11.1124595865
11.2192994326
11.720880761
10.4349084522
11.0050749516
10.9063605582
10.7946402397
10.9745291136
10.8252919897
11.3462095326
11.4466300821
10.7350509748
10.764789845
11.0792087384
10.0847458147
10.2104673699
10.2444870207
10.6027773886
12.3849712098
11.7430080054
11.1849872753
11.0064828666
10.9296616329
11.4513968325
11.5908236013
10.8997931176
10.6457809426
10.5999609151
10.8444560285
10.4440566343
10.3792942465
10.2079367543
11.1030593936
10.9820376855
10.9093148701
11.2394219951
10.9653613557
10.5279737366
10.6118365783
10.45027036
10.4551860797
10.7395472268
11.9531679162
11.42668958
11.1049858673
10.7007638538
10.9255263297
11.503211837
11.0315243233
11.2476372041
11.5293594936
10.6248545017
10.893700656
11.2064482633
11.1962151453
11.075402497
11.2829746297
11.0313600143
11.1440379159
10.938630695
11.1611349045
10.7968970272
10.7299303094
11.2863628997
11.4658132297
11.7861940586
11.6978230797
11.7522353369
11.4780007373
10.7932519878
10.9066251826
10.9244904612
11.8072700958
11.8857196399
12.2917030204
11.6963175956
11.6305678998
11.7689015445
11.8980882974
12.2417114986
11.5507036003
11.902624386
11.0320896912
11.1246414471
11.5304340991
11.8716081395
11.4296961374
11.5874711337
11.5637483089
11.3407155173
11.4512247786
11.7183506162
12.5223099989
11.2191428312
11.5305168118
12.2813446332
10.634065522
11.3751334613
11.0392029416
10.6977723572
10.8145274077
11.2675570341
11.5467727642
12.1127602274
10.397068178
10.7175410352
9.95955074999
9.78861204872
10.1799528452
10.1959137043
10.1978059452
10.811849071
11.605102679
11.3764091654
11.3990955209
11.1128439283
11.0938331812
11.5502610413
10.8823693969
10.9005472653
11.0851850105
11.3136737606
11.3100291183
11.4798428931
11.4517075143
11.728539471
11.4182592841
11.7919494459
12.5070745079
10.8818508865
10.9852549245
10.3171662684
10.2530674043
10.7587286531
10.9794858372
11.4108871865
11.3514944595
11.9120899631
11.0896178291
11.0603460237
11.3788725045
10.4237369762
10.6533484252
11.1049375401
11.8310330282
11.7528187625
11.6081981629
12.0660395289
11.9321226947
11.9444171317
11.1459547961
10.826414567
10.8051399181
10.9799047913
11.4338878626
11.8450888392
11.4981349604
11.0178570262
11.4062998067
10.5838660202
10.4310959873
10.7668144377
10.8671726552
10.7769416324
10.9018708796
10.7859227381
10.5330426666
10.2818677439
10.6437354996
10.2194323255
10.5910765044
11.250600105
10.0496554117
9.76276309905
9.23892673393
9.65840945035
9.55845275184
9.64055337944
10.1435654646
9.88570152303
9.60178267275
9.59414885314
10.1506366865
10.2351811208
9.84384418187
10.1578830256
10.1603479963
9.60232875852
9.84124724623
9.67145713033
9.33717673735
8.57259211301
8.23664105208
8.77603283979
8.68039185944
10.2224119388
9.64021598736
9.26348979983
9.43029909246
9.34522709427
9.01647401471
10.3025107386
9.77922059682
9.71547604614
9.81495014457
10.1914699926
10.5259042368
10.9278542259
11.3936088665
10.6589862507
11.1542213443
11.1274505198
10.5967816244
10.9078066
11.0183943862
11.1617701777
11.6491722787
11.5062315502
10.4980319399
10.6415419208
10.8823528583
10.6271615671
10.6434051851
10.7763235309
11.1237052255
11.5429845494
10.7883808938
9.81677859981
10.8989383105
10.2798441012
10.2921138799
10.4652271298
10.0682114756
10.1394026451
9.86535631251
9.56439483394
9.6851621822
9.91241759344
10.3054159745
10.2803455137
9.77865659281
9.97849386842
9.44058005488
9.55935255915
9.44774730834
9.50363755466
9.45295041632
9.54983129251
9.3395365846
9.46208248832
9.28213582108
9.74435480212
9.13737549511
9.37104267964
9.36134236013
9.46056771627
9.70190549046
10.111392362
10.7146730907
10.5720615609
10.2150503308
10.3501171995
10.4802623009
9.37398185692
9.42271156169
9.98191202409
9.19571379785
9.53535658582
9.0789133332
8.81860922567
8.83212815414
8.80798765629
10.3509505481
9.64542793382
9.5041971093
10.1537618621
10.7978896913
10.2823049653
9.95597952033
10.633998887
10.0250592421
9.18664718242
9.60868458736
8.9407599625
9.32529710508
9.12141499786
8.75773921244
#running_time = -4.959312915802002
