61.0484815077
53.0420172703
47.5846445046
46.2065445378
44.22045254
47.641913916
44.2121469054
42.2565072016
43.2017141983
42.0760525441
42.0339190641
41.1652171534
40.8575315298
41.296223545
39.9934699231
40.7304423097
39.9651428309
39.0101221903
39.072878132
38.5434026452
38.9600905488
39.3389781877
38.0451045721
38.8801787241
37.5567065833
37.3187358877
37.1482781627
37.5385604226
36.8293984043
36.3859613055
36.9026007552
36.4262996058
36.3605093956
36.4270849267
35.9494694509
35.9683012277
35.986994943
35.7598935372
35.7783273193
35.769710279
35.5738663241
35.2728985572
35.2115908473
35.0718358779
34.9328831934
34.8206797028
34.7607499809
34.6754428561
34.5905762795
34.4807036554
34.3460625049
34.2372543846
34.053749013
34.0208094011
33.8141193864
33.5836004198
33.4033245243
33.3709520441
33.2898645844
33.1361259826
33.1526023058
33.1448786853
33.0890944771
33.0095618467
32.8825824098
32.6847082545
32.487528854
32.5035889129
32.4489813432
32.3241772258
32.176398563
32.0757100457
32.0450413645
31.8291751072
31.5908782834
31.5604901819
31.4842858696
31.2481004212
31.1951568818
30.8692912387
30.7485665067
30.5376514539
30.4852909049
30.3880516721
30.2461678094
30.0822593768
29.9411040369
29.6220761892
29.4594026422
29.4079712022
29.2460883571
29.1982474117
29.1218288796
29.0708832775
29.0200545523
28.9256223571
28.8750222163
28.7810094345
28.6654871023
28.6802212787
28.608437073
28.4936515048
28.4436987758
28.2004650749
28.1936031862
28.0583532076
27.9020141465
27.8312455724
27.739340072
27.7325453391
27.6833771595
27.6766080935
27.4375978383
27.3676284497
27.381933427
27.1022292377
26.8439853802
26.7117435579
26.6632839443
26.5940565673
26.6290272717
26.6015969012
26.4082472001
26.4788698059
26.3366117628
26.4216621526
26.135596336
26.1997963449
25.9557302757
25.806028673
25.6561147482
25.5533727649
25.3365926499
25.2519188664
25.1809436225
25.154931679
25.1678850409
25.0803377145
24.851264078
24.8000159494
24.6161204892
24.4887741693
24.5447535283
24.3462297472
24.2081771174
24.1103900035
23.9927243996
23.9551540524
24.0573367039
23.9600728446
23.8231269126
23.6068435558
23.5298128528
23.353742032
23.1382903442
23.239551244
23.2419215699
23.0470076475
22.9705570639
22.913879819
22.9948610865
22.6045788933
22.6853653229
22.6485455016
22.4748361664
22.3794863052
22.4208605226
22.1307963162
22.211017533
22.0319693918
21.982317171
21.8100001221
21.8704763104
21.8098204368
21.7975877072
21.5487541018
21.493174783
21.4594119557
21.3886921462
21.288034995
21.2519089846
21.1025754819
21.083751797
21.0477389262
21.0691712701
20.8611847649
20.7679917144
20.8116177466
20.5670118996
20.545825938
20.4330412696
20.4041587029
20.4573208352
20.3844074494
20.2987708104
20.2510724794
20.2412393905
20.2125238706
20.177960471
20.1123410118
20.0091058264
19.8906191866
19.9501243246
19.8313566623
19.821751725
19.8997607137
19.8418575925
19.6644070708
19.5619217557
19.534267809
19.5066382717
19.4976852062
19.3528052389
19.461020938
19.6753354186
19.4991238782
19.3787783319
19.3698714176
19.2126488447
19.2778562161
19.1208970012
18.9515126105
18.9921252406
18.9832627756
18.9744075612
18.9655595534
18.8462081537
18.579724149
18.6812305759
18.5621658451
18.5166340004
18.4711380821
18.3890164268
18.2520096892
18.2432246457
18.1795823318
18.0611671366
18.1071822333
18.0436859869
18.0167023078
17.8804282167
17.9809186273
17.8630397534
18.1263511711
17.9910841809
18.0746299928
18.0099674343
17.6569059698
17.6119903209
17.4766168034
17.4679359796
17.5315497918
17.4325852046
17.439030802
17.325072835
17.1742688948
17.1816189781
17.1729809566
17.2056022203
17.0838636506
17.0034088584
16.9050626898
16.9861251227
17.0850546439
16.9152685551
16.9066775646
16.8086626699
17.1396895763
16.9167696161
16.7832487067
16.6676541865
16.7304051928
16.7040384331
16.6420811281
16.6691254624
16.590524005
16.4945687178
16.4580613949
16.5242222391
16.5242222391
16.3647017102
16.3544620168
16.4082770967
16.3780350769
16.2858636737
16.2903238919
16.1758961112
16.2027207766
16.0237218919
16.2561820378
16.0375058888
16.0191965861
15.9305200792
15.912232678
15.877585161
15.7470386895
15.7168885585
15.6431669036
15.6789326434
15.6934048268
15.5576698022
15.5943179747
15.6665955154
15.6677365293
15.7172781908
15.8234447988
15.6503239043
15.2854406889
15.2868352499
15.2923429908
15.2875278234
15.3077150664
15.2061391259
15.0384241822
15.102338988
15.4348476178
15.0435624859
15.021086421
15.0398093735
15.058522204
14.8867339721
14.775000653
15.0797061658
15.1848269087
15.0306855889
14.9284396351
14.7226745393
15.0346106997
14.9152816871
14.9338955783
14.7393726626
14.6266342544
14.5419692978
14.8185368759
14.6308148315
14.5978256108
14.3587754599
14.4631352245
14.3272615946
14.431516096
14.8270730564
14.6571440046
14.4359354327
14.4544173663
14.1650104187
14.0296101751
14.3385536894
14.2203655596
14.1534477595
14.0353748639
13.9514678129
13.8846473689
13.9711994735
13.6684721085
13.7354434952
13.7708312717
13.5406126794
13.2932235865
13.502649646
13.5379704662
13.3136500984
13.8968286311
13.4233799026
13.4586347533
13.3583405343
13.1903576019
13.1747857149
13.1126830755
13.0477469455
12.9490349688
12.9771700182
13.106434322
13.0584958113
12.9937067455
13.3535305983
13.102023799
13.0356706289
13.1731013698
13.0242841114
12.9091868388
12.9118779857
13.0760545753
13.1782284153
13.1384744266
13.0068388645
12.9088263813
12.7940806361
12.7296897765
12.7491328115
12.5675189548
12.4805148178
12.5240381332
12.4416288752
12.4275794346
12.6399848206
12.4742076543
12.3688819757
12.2841850494
12.4268516986
12.2474006802
12.1646851023
12.1985997153
12.1679402785
12.1039817137
12.2731359364
12.1759453629
12.0629383869
11.931783604
12.0721675479
12.0269742627
11.7481406294
11.9032984065
11.7751840403
11.8292161227
11.6386712099
11.7506520204
11.5757075699
11.5136757236
11.5624343358
11.5227165494
11.5657272643
11.5095044968
11.535951943
11.4467265557
11.4236030273
11.6195895124
11.3760961733
11.3377820213
11.3250530124
11.3245788379
11.3179873424
11.2949258948
11.2954503642
11.4912212106
11.5314137568
11.5648954052
11.6924712598
11.253311757
11.267778907
11.2721264188
11.1372111656
11.1440714902
11.0324855278
11.0444406333
11.2096778951
11.0240154951
11.2559643828
11.2469884027
11.1545471848
11.0937999249
10.9681800484
10.7756406778
10.7636184639
10.7973915968
10.9535319964
10.9110808225
10.6617664473
10.5182339589
10.4210266545
10.4967690069
10.4671535479
10.6126025054
10.5982699883
10.6002237374
10.5207990538
10.7724941948
10.7036717536
10.6893642128
10.8450009007
10.5890952133
10.8437655644
10.919750749
10.5899452589
10.4387279303
10.4821961925
10.4273938162
10.3986135462
10.565425504
10.4805505195
10.5090485412
10.5213503683
10.5590231857
10.497414339
10.6228964407
10.4735319339
10.4211747634
10.5277071821
10.3165551466
10.4533624753
10.145978085
10.1730815095
10.3291977208
10.3615638154
10.341578507
10.3054877538
10.2049818423
10.168914474
9.95579940129
9.75884410167
9.81932726465
10.0405989293
10.0111839778
10.0489389723
9.91656010409
9.80028358659
9.7137553103
9.57700825357
9.51582462282
9.47989500416
9.48505979986
9.3984980974
9.46831832894
9.33762535071
9.27893733584
9.34080546061
9.35673227229
9.4287920106
9.25763968945
9.34510730188
9.34078580502
9.49723458852
9.35509263492
9.44160687088
9.43777508516
9.30945423942
9.50603323677
9.28781996677
9.35838206956
9.26616006519
9.15959782389
9.03127087366
9.13839005876
9.22266450205
9.25492823749
9.09834342011
9.27588085859
9.1193887889
9.37505991899
9.31088128307
8.99217198408
8.99280738217
9.13636531552
9.04174635978
9.0445863604
9.06806866206
8.98335721185
8.92238568515
9.18847265581
9.10801693254
9.04602572754
8.98683666244
8.99300802727
9.05475637559
9.23432951967
9.25287755163
9.32816344936
9.32982440013
9.24919289664
9.33922511122
9.23396680187
9.15120602687
9.00531005286
9.03309197753
9.2198881088
9.41998032263
9.17961539582
9.22313395716
9.46321171262
9.45312604172
9.2434185955
9.20813822122
9.31458006731
9.23240839669
9.2187042254
9.30522544211
9.17247600219
9.15540550313
9.26861246844
9.34027646121
9.49047872938
9.29508003709
9.08403096446
9.04214308128
9.05451058594
9.09359769988
9.32324386462
9.20999629443
9.31597855095
9.18682742647
9.01070201061
8.78762712693
8.86217458317
8.9075385556
9.02712729421
9.11538688088
9.18797856062
9.04158195251
9.1610454003
9.12449411235
9.25918234595
9.11293822874
9.09169459253
8.89889713342
8.79960325122
8.75278628564
8.6448051838
8.70845399332
8.83741141865
8.86704289962
8.85270172901
8.77196470705
8.76573259024
8.79431220243
8.46827426727
8.4691340279
8.39293444573
8.56834728352
8.5110986878
8.37610057428
8.53657308454
8.690157602
8.36192934321
8.5460247829
8.45143975627
8.54526883873
8.53253652452
8.54779204351
8.5992067068
8.47323163764
8.39980216721
8.62315640908
8.26739494843
8.30103045466
8.44828300197
8.57035515704
8.58442138048
8.66679551089
8.42671920812
8.4241939943
8.45394309372
8.43889125601
8.66540948225
8.72473188767
8.69196147539
8.7364691131
8.67340770081
8.73334074853
8.56629935139
8.46649176566
8.63788529866
8.71135719587
8.77050268306
8.49163849997
8.50951370198
8.43355527692
8.42800630137
8.45733631478
8.59722826908
8.62926651863
8.66129729853
8.64713313554
8.67196153081
8.54331214613
8.4819452926
8.36115996979
8.31520531122
8.25493737881
8.30187825642
8.50327146709
8.25867837022
8.31429364053
8.4182042312
8.31451707765
8.41755569301
8.21545183157
8.16389967652
8.08197725744
8.07842428977
8.30609066098
8.03885291258
8.03490710032
8.22980497848
8.21019700895
8.10428624595
8.1293977255
8.33510794902
8.28378653035
8.00958089269
7.85951005556
8.145967853
8.00388443065
7.95111726091
7.92666167272
7.95515249673
7.92826317696
7.97775311434
7.98160631351
7.88083758156
7.720932211
7.69668003468
7.80651835405
7.81890221521
7.90926462283
8.10322034637
8.1294413965
8.08931733969
8.07518254794
7.74316502654
7.9599581941
7.99408779116
7.75350418865
7.98368537506
7.9556830501
7.93860199144
8.00912732176
8.09490580001
8.07422601147
8.15196637114
8.08934526325
8.22428656324
8.20727052371
8.27476007374
8.34030715664
8.23346664295
8.24318193921
8.36514229251
8.22675711202
8.0424213664
8.00571898242
8.01875150291
8.06770164257
8.27442425233
8.27436996493
8.31114878233
8.31496483867
8.12697832291
8.04170412461
7.97325981156
7.8596897346
7.8833037716
7.8572399812
7.95163246208
7.99754573068
7.9630701895
7.86813049918
7.684004393
7.71883561232
7.76930846426
7.8390769769
7.78646153131
7.69163667807
7.61192731805
7.77372905604
7.83161250636
7.78574676975
7.33003070739
7.30183317204
7.436935669
7.58708676004
7.60155628606
7.37491190498
7.5852397231
7.32855785223
7.50868170243
7.34599689149
7.50738223287
7.6912777516
7.52908690865
7.57001137726
7.55209013304
7.59165920107
7.62246265147
7.63102305203
7.46873015154
7.49383689465
7.54251887254
7.61141254747
7.62222658781
7.67808836602
7.6888982433
7.75974938287
7.69551533268
7.81135456128
7.85813565106
7.83413669546
7.73194030194
7.63658080241
7.55223641946
7.53999244633
7.56084697
7.63011350455
7.4830825139
7.58215559257
7.34856468435
7.35455306761
7.6449350761
7.4713371791
7.56709738197
7.78251752283
7.89319885555
7.64518699125
7.68585469081
7.88114867247
8.08142241147
7.59522215012
7.63093939974
7.62054720725
7.56669502267
7.67550998047
7.57995545141
7.5818114118
7.29006805639
7.4262363391
7.39878671411
7.49066647681
7.59744227996
7.48955296036
7.9188593338
7.94609655666
7.73711008902
7.57421949508
7.49259594859
7.25333835288
7.26045333527
7.44007146002
7.84430915845
7.5991946829
7.63436974244
7.43547630704
7.36409753627
7.31699223127
7.29736407667
7.36151340803
7.40329201907
7.58401235153
7.55967706561
7.52865108447
7.38900900266
7.72749015462
7.71455034742
7.55064950777
7.66880356804
7.41591525758
7.41532172735
7.45923525749
7.58419733647
7.73962052377
7.47983632681
7.35352496337
7.45656975995
7.12834101223
7.27109682105
7.29302297048
7.40077107708
7.3889318797
7.44085639598
7.25882661101
7.41393172092
7.23870427572
7.37424544038
7.30263991867
7.51956549472
7.50970248627
7.44028223897
7.21355595254
7.56262731604
7.21501671037
7.2321508863
7.31783976887
7.4679180168
7.50927146966
7.47205906592
7.37579562834
7.20599767791
7.35405549895
7.22242426164
7.31213091595
7.40182250658
7.57999565024
7.58748013383
7.08808862081
7.29257954849
7.38826477355
7.48771400917
7.13007527979
7.27857601937
7.29881558984
7.32650296949
7.26772099611
7.19629165603
7.35543650325
7.45722026959
7.17643369825
7.50901454277
7.52128075464
7.35885620891
7.56547544203
7.67494740342
7.82186227658
7.68546199983
7.47273707514
7.62036759507
7.67302382515
7.80110965547
8.3110200619
7.51397359191
7.74476842361
7.55453132446
7.9128273966
7.6302945047
7.41523507462
7.47248033693
7.44746360802
7.39680368243
7.33697977906
7.29686762012
7.43722883218
7.5103829625
7.44532204681
7.51213073041
7.22741871747
7.36737935909
7.27307167805
7.30597798323
7.28945753933
7.17763128797
7.21163562527
7.18645269586
7.30026532348
7.21512215033
7.22144833502
7.04099309693
7.12082734758
7.01206410815
7.02871567216
7.03923786017
7.19387367799
7.37285193954
7.35224189801
7.5117291287
7.61757589463
7.27134400291
7.41255625568
7.25900617476
7.20763613109
7.23223535815
7.37929515782
7.33670105314
7.56603499791
7.4856186122
7.40746815401
7.62089121355
7.36785446913
7.47494427358
7.50525278841
7.45412606304
7.17253461023
7.0463572436
7.11657925985
7.11774408655
7.30499371187
7.55123729372
6.95143652929
7.1062648422
7.23099944952
6.99068052345
7.02407406186
7.28095326647
7.15730101547
7.30942129848
7.10149506151
7.24799851073
7.33635247959
7.30845538633
7.18048746205
7.35116172829
7.22742361146
7.25930129924
7.50269739285
7.41714151073
7.21524567237
7.06807656917
7.20070533237
7.08520369748
7.29662371992
7.18443405518
7.05914943959
7.26025572115
7.20939407236
7.22504916281
7.24716186826
7.28532433902
7.28721636076
7.53986955478
7.24209676518
7.15509779132
7.35602687755
7.1517225967
7.19703971845
7.13020497954
#running_time = -45.65730595588684
