#diff_E diff_E1_nin diff_E2_nin
0 0.00495750435333 0.00495750435333 0.499504249565 0.500495750435 0.0994754578207 0.0994754578207
1 0.00494768335431 0.00494768335431 0.499009481229 0.500990518771 0.0993770718936 0.0993770718936
2 0.00493790120907 0.00493790120907 0.498515691108 0.501484308892 0.0992789775069 0.0992789775069
3 0.00492815768741 0.00492815768741 0.49802287534 0.50197712466 0.0991811732231 0.0991811732231
4 0.00491845256095 0.00491845256095 0.497531030083 0.502468969917 0.0990836576144 0.0990836576144
5 0.00490878560313 0.00490878560313 0.497040151523 0.502959848477 0.0989864292631 0.0989864292631
6 0.00489915658913 0.00489915658913 0.496550235864 0.503449764136 0.0988894867611 0.0988894867611
7 0.00488956529594 0.00488956529594 0.496061279335 0.503938720665 0.0987928287099 0.0987928287099
8 0.00488001150225 0.00488001150225 0.495573278184 0.504426721816 0.0986964537205 0.0986964537205
9 0.00487049498851 0.00487049498851 0.495086228686 0.504913771314 0.0986003604137 0.0986003604137
10 0.00486101553686 0.00486101553686 0.494600127132 0.505399872868 0.0985045474193 0.0985045474193
11 0.00485157293114 0.00485157293114 0.494114969839 0.505885030161 0.0984090133767 0.0984090133767
12 0.00484216695689 0.00484216695689 0.493630753143 0.506369246857 0.0983137569343 0.0983137569343
13 0.00483279740127 0.00483279740127 0.493147473403 0.506852526597 0.0982187767499 0.0982187767499
14 0.00482346405312 0.00482346405312 0.492665126998 0.507334873002 0.0981240714902 0.0981240714902
15 0.00481416670291 0.00481416670291 0.492183710327 0.507816289673 0.0980296398309 0.0980296398309
16 0.00480490514269 0.00480490514269 0.491703219813 0.508296780187 0.0979354804567 0.0979354804567
17 0.00479567916615 0.00479567916615 0.491223651896 0.508776348104 0.0978415920611 0.0978415920611
18 0.00478648856853 0.00478648856853 0.49074500304 0.50925499696 0.0977479733464 0.0977479733464
19 0.00477733314666 0.00477733314666 0.490267269725 0.509732730275 0.0976546230234 0.0976546230234
20 0.00476821269893 0.00476821269893 0.489790448455 0.510209551545 0.0975615398118 0.0975615398118
21 0.00475912702523 0.00475912702523 0.489314535753 0.510685464247 0.0974687224397 0.0974687224397
22 0.00475007592701 0.00475007592701 0.48883952816 0.51116047184 0.0973761696435 0.0973761696435
23 0.00474105920722 0.00474105920722 0.488365422239 0.511634577761 0.0972838801682 0.0972838801682
24 0.0047320766703 0.0047320766703 0.487892214572 0.512107785428 0.0971918527672 0.0971918527672
25 0.00472312812216 0.00472312812216 0.48741990176 0.51258009824 0.097100086202 0.097100086202
26 0.00471421337022 0.00471421337022 0.486948480423 0.513051519577 0.0970085792422 0.0970085792422
27 0.00470533222329 0.00470533222329 0.486477947201 0.513522052799 0.0969173306656 0.0969173306656
28 0.00469648449167 0.00469648449167 0.486008298751 0.513991701249 0.0968263392582 0.0968263392582
29 0.00468766998707 0.00468766998707 0.485539531753 0.514460468247 0.0967356038137 0.0967356038137
30 0.0046788885226 0.0046788885226 0.4850716429 0.5149283571 0.0966451231339 0.0966451231339
31 0.00467013991279 0.00467013991279 0.484604628909 0.515395371091 0.0965548960284 0.0965548960284
32 0.00466142397353 0.00466142397353 0.484138486512 0.515861513488 0.0964649213146 0.0964649213146
33 0.00465274052211 0.00465274052211 0.48367321246 0.51632678754 0.0963751978174 0.0963751978174
34 0.00464408937717 0.00464408937717 0.483208803522 0.516791196478 0.0962857243696 0.0962857243696
35 0.00463547035869 0.00463547035869 0.482745256486 0.517254743514 0.0961964998115 0.0961964998115
36 0.00462688328799 0.00462688328799 0.482282568157 0.517717431843 0.0961075229909 0.0961075229909
37 0.00461832798773 0.00461832798773 0.481820735358 0.518179264642 0.0960187927631 0.0960187927631
38 0.00460980428184 0.00460980428184 0.48135975493 0.51864024507 0.0959303079907 0.0959303079907
39 0.0046013119956 0.0046013119956 0.480899623731 0.519100376269 0.0958420675438 0.0958420675438
40 0.00459285095553 0.00459285095553 0.480440338635 0.519559661365 0.0957540702995 0.0957540702995
41 0.00458442098946 0.00458442098946 0.479981896536 0.520018103464 0.0956663151423 0.0956663151423
42 0.00457602192646 0.00457602192646 0.479524294344 0.520475705656 0.095578800964 0.095578800964
43 0.00456765359686 0.00456765359686 0.479067528984 0.520932471016 0.0954915266631 0.0954915266631
44 0.00455931583223 0.00455931583223 0.478611597401 0.521388402599 0.0954044911455 0.0954044911455
45 0.00455100846537 0.00455100846537 0.478156496554 0.521843503446 0.0953176933239 0.0953176933239
46 0.0045427313303 0.0045427313303 0.477702223421 0.522297776579 0.0952311321179 0.0952311321179
47 0.00453448426223 0.00453448426223 0.477248774995 0.522751225005 0.0951448064541 0.0951448064541
48 0.0045262670976 0.0045262670976 0.476796148285 0.523203851715 0.0950587152658 0.0950587152658
49 0.00451807967399 0.00451807967399 0.476344340318 0.523655659682 0.094972857493 0.094972857493
50 0.00450992183019 0.00450992183019 0.475893348135 0.524106651865 0.0948872320825 0.0948872320825
51 0.00450179340614 0.00450179340614 0.475443168794 0.524556831206 0.0948018379878 0.0948018379878
52 0.00449369424293 0.00449369424293 0.47499379937 0.52500620063 0.0947166741688 0.0947166741688
53 0.0044856241828 0.0044856241828 0.474545236951 0.525454763049 0.0946317395922 0.0946317395922
54 0.00447758306912 0.00447758306912 0.474097478645 0.525902521355 0.0945470332308 0.0945470332308
55 0.00446957074637 0.00446957074637 0.47365052157 0.52634947843 0.0944625540642 0.0944625540642
56 0.00446158706017 0.00446158706017 0.473204362864 0.526795637136 0.0943783010782 0.0943783010782
57 0.00445363185721 0.00445363185721 0.472758999678 0.527241000322 0.094294273265 0.094294273265
58 0.00444570498529 0.00444570498529 0.47231442918 0.52768557082 0.094210469623 0.094210469623
59 0.0044378062933 0.0044378062933 0.47187064855 0.52812935145 0.0941268891569 0.0941268891569
60 0.00442993563118 0.00442993563118 0.471427654987 0.528572345013 0.0940435308775 0.0940435308775
61 0.00442209284995 0.00442209284995 0.470985445702 0.529014554298 0.0939603938018 0.0939603938018
62 0.0044142778017 0.0044142778017 0.470544017922 0.529455982078 0.0938774769529 0.0938774769529
63 0.00440649033952 0.00440649033952 0.470103368888 0.529896631112 0.0937947793598 0.0937947793598
64 0.00439873031758 0.00439873031758 0.469663495856 0.530336504144 0.0937123000576 0.0937123000576
65 0.00439099759104 0.00439099759104 0.469224396097 0.530775603903 0.0936300380874 0.0936300380874
66 0.00438329201612 0.00438329201612 0.468786066896 0.531213933104 0.0935479924959 0.0935479924959
67 0.00437561345001 0.00437561345001 0.468348505551 0.531651494449 0.093466162336 0.093466162336
68 0.00436796175091 0.00436796175091 0.467911709376 0.532088290624 0.0933845466662 0.0933845466662
69 0.00436033677802 0.00436033677802 0.467475675698 0.532524324302 0.0933031445507 0.0933031445507
70 0.00435273839153 0.00435273839153 0.467040401859 0.532959598141 0.0932219550597 0.0932219550597
71 0.00434516645257 0.00434516645257 0.466605885213 0.533394114787 0.0931409772686 0.0931409772686
72 0.00433762082328 0.00433762082328 0.466172123131 0.533827876869 0.0930602102588 0.0930602102588
73 0.00433010136671 0.00433010136671 0.465739112994 0.534260887006 0.0929796531172 0.0929796531172
74 0.0043226079469 0.0043226079469 0.4653068522 0.5346931478 0.0928993049361 0.0928993049361
75 0.0043151404288 0.0043151404288 0.464875338157 0.535124661843 0.0928191648133 0.0928191648133
76 0.00430769867832 0.00430769867832 0.464444568289 0.535555431711 0.0927392318523 0.0927392318523
77 0.00430028256228 0.00430028256228 0.464014540033 0.535985459967 0.0926595051616 0.0926595051616
78 0.0042928919484 0.0042928919484 0.463585250838 0.536414749162 0.0925799838554 0.0925799838554
79 0.00428552670533 0.00428552670533 0.463156698167 0.536843301833 0.092500667053 0.092500667053
80 0.00427818670263 0.00427818670263 0.462728879497 0.537271120503 0.0924215538792 0.0924215538792
81 0.00427087181072 0.00427087181072 0.462301792316 0.537698207684 0.0923426434638 0.0923426434638
82 0.00426358190094 0.00426358190094 0.461875434126 0.538124565874 0.0922639349419 0.0922639349419
83 0.00425631684548 0.00425631684548 0.461449802441 0.538550197559 0.0921854274538 0.0921854274538
84 0.00424907651742 0.00424907651742 0.46102489479 0.53897510521 0.0921071201449 0.0921071201449
85 0.00424186079069 0.00424186079069 0.460600708711 0.539399291289 0.0920290121656 0.0920290121656
86 0.00423466954009 0.00423466954009 0.460177241756 0.539822758244 0.0919511026714 0.0919511026714
87 0.00422750264125 0.00422750264125 0.459754491492 0.540245508508 0.0918733908229 0.0918733908229
88 0.00422035997065 0.00422035997065 0.459332455495 0.540667544505 0.0917958757854 0.0917958757854
89 0.00421324140561 0.00421324140561 0.458911131355 0.541088868645 0.0917185567295 0.0917185567295
90 0.00420614682427 0.00420614682427 0.458490516672 0.541509483328 0.0916414328302 0.0916414328302
91 0.00419907610559 0.00419907610559 0.458070609062 0.541929390938 0.0915645032679 0.0915645032679
92 0.00419202912935 0.00419202912935 0.457651406149 0.542348593851 0.0914877672274 0.0914877672274
93 0.00418500577612 0.00418500577612 0.457232905571 0.542767094429 0.0914112238984 0.0914112238984
94 0.0041780059273 0.0041780059273 0.456815104978 0.543184895022 0.0913348724755 0.0913348724755
95 0.00417102946505 0.00417102946505 0.456398002032 0.543601997968 0.0912587121577 0.0912587121577
96 0.00416407627234 0.00416407627234 0.455981594405 0.544018405595 0.091182742149 0.091182742149
97 0.00415714623291 0.00415714623291 0.455565879781 0.544434120219 0.0911069616578 0.0911069616578
98 0.00415023923126 0.00415023923126 0.455150855858 0.544849144142 0.0910313698972 0.0910313698972
99 0.00414335515268 0.00414335515268 0.454736520343 0.545263479657 0.0909559660849 0.0909559660849
100 0.00413649388322 0.00413649388322 0.454322870955 0.545677129045 0.0908807494431 0.0908807494431
101 0.00412965530967 0.00412965530967 0.453909905424 0.546090094576 0.0908057191983 0.0908057191983
102 0.00412283931956 0.00412283931956 0.453497621492 0.546502378508 0.0907308745819 0.0907308745819
103 0.0041160458012 0.0041160458012 0.453086016912 0.546913983088 0.0906562148294 0.0906562148294
104 0.00410927464359 0.00410927464359 0.452675089447 0.547324910553 0.0905817391807 0.0905817391807
105 0.0041025257365 0.0041025257365 0.452264836874 0.547735163126 0.0905074468802 0.0905074468802
106 0.00409579897038 0.00409579897038 0.451855256977 0.548144743023 0.0904333371766 0.0904333371766
107 0.00408909423645 0.00408909423645 0.451446347553 0.548553652447 0.090359409323 0.090359409323
108 0.0040824114266 0.0040824114266 0.45103810641 0.54896189359 0.0902856625765 0.0902856625765
109 0.00407575043344 0.00407575043344 0.450630531367 0.549369468633 0.0902120961987 0.0902120961987
110 0.00406911115028 0.00406911115028 0.450223620252 0.549776379748 0.0901387094553 0.0901387094553
111 0.00406249347114 0.00406249347114 0.449817370905 0.550182629095 0.0900655016163 0.0900655016163
112 0.0040558972907 0.0040558972907 0.449411781176 0.550588218824 0.0899924719556 0.0899924719556
113 0.00404932250434 0.00404932250434 0.449006848925 0.550993151075 0.0899196197514 0.0899196197514
114 0.00404276900812 0.00404276900812 0.448602572025 0.551397427975 0.089846944286 0.089846944286
115 0.00403623669876 0.00403623669876 0.448198948355 0.551801051645 0.0897744448456 0.0897744448456
116 0.00402972547367 0.00402972547367 0.447795975807 0.552204024193 0.0897021207207 0.0897021207207
117 0.0040232352309 0.0040232352309 0.447393652284 0.552606347716 0.0896299712056 0.0896299712056
118 0.00401676586916 0.00401676586916 0.446991975697 0.553008024303 0.0895579955985 0.0895579955985
119 0.00401031728781 0.00401031728781 0.446590943969 0.553409056031 0.0894861932018 0.0894861932018
120 0.00400388938688 0.00400388938688 0.44619055503 0.55380944497 0.0894145633216 0.0894145633216
121 0.003997482067 0.003997482067 0.445790806823 0.554209193177 0.089343105268 0.089343105268
122 0.00399109522946 0.00399109522946 0.4453916973 0.5546083027 0.0892718183548 0.0892718183548
123 0.00398472877619 0.00398472877619 0.444993224423 0.555006775577 0.0892007018998 0.0892007018998
124 0.00397838260971 0.00397838260971 0.444595386162 0.555404613838 0.0891297552246 0.0891297552246
125 0.0039720566332 0.0039720566332 0.444198180498 0.555801819502 0.0890589776545 0.0890589776545
126 0.00396575075043 0.00396575075043 0.443801605423 0.556198394577 0.0889883685185 0.0889883685185
127 0.0039594648658 0.0039594648658 0.443405658937 0.556594341063 0.0889179271495 0.0889179271495
128 0.00395319888428 0.00395319888428 0.443010339048 0.556989660952 0.0888476528839 0.0888476528839
129 0.00394695271149 0.00394695271149 0.442615643777 0.557384356223 0.0887775450619 0.0887775450619
130 0.00394072625361 0.00394072625361 0.442221571152 0.557778428848 0.0887076030272 0.0887076030272
131 0.00393451941742 0.00393451941742 0.44182811921 0.55817188079 0.0886378261274 0.0886378261274
132 0.00392833211029 0.00392833211029 0.441435285999 0.558564714001 0.0885682137133 0.0885682137133
133 0.00392216424018 0.00392216424018 0.441043069575 0.558956930425 0.0884987651396 0.0884987651396
134 0.00391601571562 0.00391601571562 0.440651468003 0.559348531997 0.0884294797644 0.0884294797644
135 0.0039098864457 0.0039098864457 0.440260479359 0.559739520641 0.0883603569493 0.0883603569493
136 0.0039037763401 0.0039037763401 0.439870101725 0.560129898275 0.0882913960594 0.0882913960594
137 0.00389768530906 0.00389768530906 0.439480333194 0.560519666806 0.0882225964633 0.0882225964633
138 0.00389161326337 0.00389161326337 0.439091171868 0.560908828132 0.0881539575331 0.0881539575331
139 0.00388556011438 0.00388556011438 0.438702615856 0.561297384144 0.0880854786442 0.0880854786442
140 0.00387952577399 0.00387952577399 0.438314663279 0.561685336721 0.0880171591754 0.0880171591754
141 0.00387351015465 0.00387351015465 0.437927312263 0.562072687737 0.0879489985089 0.0879489985089
142 0.00386751316936 0.00386751316936 0.437540560946 0.562459439054 0.0878809960304 0.0878809960304
143 0.00386153473165 0.00386153473165 0.437154407473 0.562845592527 0.0878131511286 0.0878131511286
144 0.00385557475557 0.00385557475557 0.436768849998 0.563231150002 0.0877454631958 0.0877454631958
145 0.00384963315572 0.00384963315572 0.436383886682 0.563616113318 0.0876779316275 0.0876779316275
146 0.00384370984723 0.00384370984723 0.435999515697 0.564000484303 0.0876105558222 0.0876105558222
147 0.00383780474574 0.00383780474574 0.435615735223 0.564384264777 0.0875433351821 0.0875433351821
148 0.00383191776741 0.00383191776741 0.435232543446 0.564767456554 0.0874762691123 0.0874762691123
149 0.0038260488289 0.0038260488289 0.434849938563 0.565150061437 0.087409357021 0.087409357021
150 0.00382019784742 0.00382019784742 0.434467918778 0.565532081222 0.0873425983199 0.0873425983199
151 0.00381436474064 0.00381436474064 0.434086482304 0.565913517696 0.0872759924236 0.0872759924236
152 0.00380854942676 0.00380854942676 0.433705627362 0.566294372638 0.0872095387498 0.0872095387498
153 0.00380275182448 0.00380275182448 0.433325352179 0.566674647821 0.0871432367195 0.0871432367195
154 0.00379697185298 0.00379697185298 0.432945654994 0.567054345006 0.0870770857566 0.0870770857566
155 0.00379120943193 0.00379120943193 0.432566534051 0.567433465949 0.0870110852882 0.0870110852882
156 0.00378546448151 0.00378546448151 0.432187987602 0.567812012398 0.0869452347443 0.0869452347443
157 0.00377973692237 0.00377973692237 0.43181001391 0.56818998609 0.0868795335579 0.0868795335579
158 0.00377402667562 0.00377402667562 0.431432611243 0.568567388757 0.0868139811652 0.0868139811652
159 0.00376833366288 0.00376833366288 0.431055777876 0.568944222124 0.0867485770053 0.0867485770053
160 0.00376265780622 0.00376265780622 0.430679512096 0.569320487904 0.08668332052 0.08668332052
161 0.00375699902819 0.00375699902819 0.430303812193 0.569696187807 0.0866182111545 0.0866182111545
162 0.0037513572518 0.0037513572518 0.429928676468 0.570071323532 0.0865532483565 0.0865532483565
163 0.00374573240053 0.00374573240053 0.429554103228 0.570445896772 0.0864884315768 0.0864884315768
164 0.00374012439831 0.00374012439831 0.429180090788 0.570819909212 0.0864237602691 0.0864237602691
165 0.00373453316952 0.00373453316952 0.428806637471 0.571193362529 0.0863592338898 0.0863592338898
166 0.00372895863902 0.00372895863902 0.428433741607 0.571566258393 0.0862948518983 0.0862948518983
167 0.00372340073208 0.00372340073208 0.428061401534 0.571938598466 0.0862306137568 0.0862306137568
168 0.00371785937443 0.00371785937443 0.427689615596 0.572310384404 0.0861665189301 0.0861665189301
169 0.00371233449227 0.00371233449227 0.427318382147 0.572681617853 0.0861025668861 0.0861025668861
170 0.00370682601219 0.00370682601219 0.426947699546 0.573052300454 0.0860387570953 0.0860387570953
171 0.00370133386125 0.00370133386125 0.42657756616 0.57342243384 0.0859750890309 0.0859750890309
172 0.00369585796693 0.00369585796693 0.426207980363 0.573792019637 0.0859115621689 0.0859115621689
173 0.00369039825715 0.00369039825715 0.425838940537 0.574161059463 0.0858481759879 0.0858481759879
174 0.00368495466022 0.00368495466022 0.425470445071 0.574529554929 0.0857849299694 0.0857849299694
175 0.00367952710493 0.00367952710493 0.425102492361 0.574897507639 0.0857218235974 0.0857218235974
176 0.00367411552043 0.00367411552043 0.424735080809 0.575264919191 0.0856588563586 0.0856588563586
177 0.00366871983633 0.00366871983633 0.424368208825 0.575631791175 0.0855960277424 0.0855960277424
178 0.00366333998264 0.00366333998264 0.424001874827 0.575998125173 0.0855333372407 0.0855333372407
179 0.00365797588977 0.00365797588977 0.423636077238 0.576363922762 0.0854707843481 0.0854707843481
180 0.00365262748854 0.00365262748854 0.423270814489 0.576729185511 0.0854083685618 0.0854083685618
181 0.00364729471019 0.00364729471019 0.422906085018 0.577093914982 0.0853460893814 0.0853460893814
182 0.00364197748635 0.00364197748635 0.422541887269 0.577458112731 0.0852839463093 0.0852839463093
183 0.00363667574905 0.00363667574905 0.422178219695 0.577821780305 0.0852219388503 0.0852219388503
184 0.0036313894307 0.0036313894307 0.421815080752 0.578184919248 0.0851600665117 0.0851600665117
185 0.00362611846414 0.00362611846414 0.421452468905 0.578547531095 0.0850983288033 0.0850983288033
186 0.00362086278256 0.00362086278256 0.421090382627 0.578909617373 0.0850367252375 0.0850367252375
187 0.00361562231956 0.00361562231956 0.420728820395 0.579271179605 0.084975255329 0.084975255329
188 0.00361039700911 0.00361039700911 0.420367780694 0.579632219306 0.0849139185951 0.0849139185951
189 0.00360518678559 0.00360518678559 0.420007262015 0.579992737985 0.0848527145555 0.0848527145555
190 0.00359999158372 0.00359999158372 0.419647262857 0.580352737143 0.0847916427323 0.0847916427323
191 0.00359481133862 0.00359481133862 0.419287781723 0.580712218277 0.08473070265 0.08473070265
192 0.00358964598578 0.00358964598578 0.418928817125 0.581071182875 0.0846698938355 0.0846698938355
193 0.00358449546106 0.00358449546106 0.418570367578 0.581429632422 0.0846092158181 0.0846092158181
194 0.00357935970067 0.00357935970067 0.418212431608 0.581787568392 0.0845486681294 0.0845486681294
195 0.00357423864123 0.00357423864123 0.417855007744 0.582144992256 0.0844882503034 0.0844882503034
196 0.00356913221966 0.00356913221966 0.417498094522 0.582501905478 0.0844279618764 0.0844279618764
197 0.0035640403733 0.0035640403733 0.417141690485 0.582858309515 0.0843678023871 0.0843678023871
198 0.00355896303981 0.00355896303981 0.416785794181 0.583214205819 0.0843077713763 0.0843077713763
199 0.00355390015722 0.00355390015722 0.416430404165 0.583569595835 0.0842478683874 0.0842478683874
200 0.00354885166391 0.00354885166391 0.416075518999 0.583924481001 0.0841880929657 0.0841880929657
201 0.0035438174986 0.0035438174986 0.415721137249 0.584278862751 0.0841284446591 0.0841284446591
202 0.00353879760038 0.00353879760038 0.415367257489 0.584632742511 0.0840689230175 0.0840689230175
203 0.00353379190866 0.00353379190866 0.415013878298 0.584986121702 0.0840095275931 0.0840095275931
204 0.00352880036321 0.00352880036321 0.414660998262 0.585339001738 0.0839502579403 0.0839502579403
205 0.00352382290412 0.00352382290412 0.414308615971 0.585691384029 0.0838911136158 0.0838911136158
206 0.00351885947185 0.00351885947185 0.413956730024 0.586043269976 0.0838320941784 0.0838320941784
207 0.00351391000717 0.00351391000717 0.413605339024 0.586394660976 0.0837731991891 0.0837731991891
208 0.00350897445119 0.00350897445119 0.413254441578 0.586745558422 0.083714428211 0.083714428211
209 0.00350405274534 0.00350405274534 0.412904036304 0.587095963696 0.0836557808093 0.0836557808093
210 0.00349914483141 0.00349914483141 0.412554121821 0.587445878179 0.0835972565516 0.0835972565516
211 0.00349425065148 0.00349425065148 0.412204696756 0.587795303244 0.0835388550073 0.0835388550073
212 0.00348937014796 0.00348937014796 0.411855759741 0.588144240259 0.0834805757481 0.0834805757481
213 0.00348450326361 0.00348450326361 0.411507309414 0.588492690586 0.0834224183477 0.0834224183477
214 0.00347964994149 0.00347964994149 0.41115934442 0.58884065558 0.0833643823819 0.0833643823819
215 0.00347481012495 0.00347481012495 0.410811863408 0.589188136592 0.0833064674285 0.0833064674285
216 0.00346998375771 0.00346998375771 0.410464865032 0.589535134968 0.0832486730676 0.0832486730676
217 0.00346517078376 0.00346517078376 0.410118347954 0.589881652046 0.0831909988811 0.0831909988811
218 0.00346037114742 0.00346037114742 0.409772310839 0.590227689161 0.0831334444529 0.0831334444529
219 0.0034555847933 0.0034555847933 0.40942675236 0.59057324764 0.0830760093691 0.0830760093691
220 0.00345081166635 0.00345081166635 0.409081671193 0.590918328807 0.0830186932176 0.0830186932176
221 0.00344605171178 0.00344605171178 0.408737066022 0.591262933978 0.0829614955885 0.0829614955885
222 0.00344130487514 0.00344130487514 0.408392935534 0.591607064466 0.0829044160737 0.0829044160737
223 0.00343657110226 0.00343657110226 0.408049278424 0.591950721576 0.0828474542672 0.0828474542672
224 0.00343185033928 0.00343185033928 0.40770609339 0.59229390661 0.0827906097648 0.0827906097648
225 0.00342714253261 0.00342714253261 0.407363379137 0.592636620863 0.0827338821644 0.0827338821644
226 0.00342244762899 0.00342244762899 0.407021134374 0.592978865626 0.0826772710657 0.0826772710657
227 0.00341776557543 0.00341776557543 0.406679357816 0.593320642184 0.0826207760703 0.0826207760703
228 0.00341309631923 0.00341309631923 0.406338048184 0.593661951816 0.082564396782 0.082564396782
229 0.00340843980799 0.00340843980799 0.405997204204 0.594002795796 0.0825081328061 0.0825081328061
230 0.00340379598957 0.00340379598957 0.405656824605 0.594343175395 0.0824519837499 0.0824519837499
231 0.00339916481215 0.00339916481215 0.405316908123 0.594683091877 0.0823959492228 0.0823959492228
232 0.00339454622416 0.00339454622416 0.404977453501 0.595022546499 0.0823400288357 0.0823400288357
233 0.00338994017433 0.00338994017433 0.404638459484 0.595361540516 0.0822842222016 0.0822842222016
234 0.00338534661166 0.00338534661166 0.404299924822 0.595700075178 0.0822285289352 0.0822285289352
235 0.00338076548543 0.00338076548543 0.403961848274 0.596038151726 0.0821729486532 0.0821729486532
236 0.00337619674518 0.00337619674518 0.403624228599 0.596375771401 0.082117480974 0.082117480974
237 0.00337164034076 0.00337164034076 0.403287064565 0.596712935435 0.0820621255176 0.0820621255176
238 0.00336709622224 0.00336709622224 0.402950354943 0.597049645057 0.0820068819062 0.0820068819062
239 0.00336256433999 0.00336256433999 0.402614098509 0.597385901491 0.0819517497635 0.0819517497635
240 0.00335804464465 0.00335804464465 0.402278294045 0.597721705955 0.081896728715 0.081896728715
241 0.00335353708711 0.00335353708711 0.401942940336 0.598057059664 0.081841818388 0.081841818388
242 0.00334904161853 0.00334904161853 0.401608036174 0.598391963826 0.0817870184116 0.0817870184116
243 0.00334455819033 0.00334455819033 0.401273580355 0.598726419645 0.0817323284166 0.0817323284166
244 0.0033400867542 0.0033400867542 0.40093957168 0.59906042832 0.0816777480354 0.0816777480354
245 0.00333562726207 0.00333562726207 0.400606008953 0.599393991047 0.0816232769024 0.0816232769024
246 0.00333117966614 0.00333117966614 0.400272890987 0.599727109013 0.0815689146534 0.0815689146534
247 0.00332674391886 0.00332674391886 0.399940216595 0.600059783405 0.081514660926 0.081514660926
248 0.00332231997294 0.00332231997294 0.399607984598 0.600392015402 0.0814605153597 0.0814605153597
249 0.00331790778133 0.00331790778133 0.399276193819 0.600723806181 0.0814064775954 0.0814064775954
250 0.00331350729724 0.00331350729724 0.39894484309 0.60105515691 0.0813525472757 0.0813525472757
251 0.00330911847412 0.00330911847412 0.398613931242 0.601386068758 0.081298724045 0.081298724045
252 0.00330474126567 0.00330474126567 0.398283457116 0.601716542884 0.0812450075492 0.0812450075492
253 0.00330037562583 0.00330037562583 0.397953419553 0.602046580447 0.081191397436 0.081191397436
254 0.0032960215088 0.0032960215088 0.397623817402 0.602376182598 0.0811378933545 0.0811378933545
255 0.003291678869 0.003291678869 0.397294649515 0.602705350485 0.0810844949557 0.0810844949557
256 0.00328734766111 0.00328734766111 0.396965914749 0.603034085251 0.0810312018919 0.0810312018919
257 0.00328302784002 0.00328302784002 0.396637611965 0.603362388035 0.0809780138173 0.0809780138173
258 0.00327871936089 0.00327871936089 0.396309740029 0.603690259971 0.0809249303874 0.0809249303874
259 0.0032744221791 0.0032744221791 0.395982297811 0.604017702189 0.0808719512595 0.0808719512595
260 0.00327013625026 0.00327013625026 0.395655284186 0.604344715814 0.0808190760924 0.0808190760924
261 0.00326586153021 0.00326586153021 0.395328698033 0.604671301967 0.0807663045464 0.0807663045464
262 0.00326159797504 0.00326159797504 0.395002538236 0.604997461764 0.0807136362835 0.0807136362835
263 0.00325734554105 0.00325734554105 0.394676803682 0.605323196318 0.080661070967 0.080661070967
264 0.00325310418478 0.00325310418478 0.394351493263 0.605648506737 0.0806086082621 0.0806086082621
265 0.00324887386297 0.00324887386297 0.394026605877 0.605973394123 0.080556247835 0.080556247835
266 0.00324465453263 0.00324465453263 0.393702140424 0.606297859576 0.080503989354 0.080503989354
267 0.00324044615096 0.00324044615096 0.393378095809 0.606621904191 0.0804518324885 0.0804518324885
268 0.00323624867538 0.00323624867538 0.393054470941 0.606945529059 0.0803997769095 0.0803997769095
269 0.00323206206355 0.00323206206355 0.392731264735 0.607268735265 0.0803478222896 0.0803478222896
270 0.00322788627334 0.00322788627334 0.392408476107 0.607591523893 0.0802959683028 0.0802959683028
271 0.00322372126284 0.00322372126284 0.392086103981 0.607913896019 0.0802442146244 0.0802442146244
272 0.00321956699035 0.00321956699035 0.391764147282 0.608235852718 0.0801925609316 0.0801925609316
273 0.00321542341438 0.00321542341438 0.391442604941 0.608557395059 0.0801410069025 0.0801410069025
274 0.00321129049368 0.00321129049368 0.391121475891 0.608878524109 0.0800895522172 0.0800895522172
275 0.00320716818717 0.00320716818717 0.390800759072 0.609199240928 0.0800381965568 0.0800381965568
276 0.00320305645403 0.00320305645403 0.390480453427 0.609519546573 0.079986939604 0.079986939604
277 0.00319895525361 0.00319895525361 0.390160557902 0.609839442098 0.079935781043 0.079935781043
278 0.00319486454548 0.00319486454548 0.389841071447 0.610158928553 0.0798847205593 0.0798847205593
279 0.00319078428942 0.00319078428942 0.389521993018 0.610478006982 0.0798337578399 0.0798337578399
280 0.00318671444542 0.00318671444542 0.389203321574 0.610796678426 0.079782892573 0.079782892573
281 0.00318265497366 0.00318265497366 0.388885056076 0.611114943924 0.0797321244485 0.0797321244485
282 0.00317860583454 0.00317860583454 0.388567195493 0.611432804507 0.0796814531574 0.0796814531574
283 0.00317456698864 0.00317456698864 0.388249738794 0.611750261206 0.0796308783923 0.0796308783923
284 0.00317053839676 0.00317053839676 0.387932684954 0.612067315046 0.0795803998469 0.0795803998469
285 0.00316652001989 0.00316652001989 0.387616032952 0.612383967048 0.0795300172165 0.0795300172165
286 0.00316251181923 0.00316251181923 0.38729978177 0.61270021823 0.0794797301976 0.0794797301976
287 0.00315851375614 0.00315851375614 0.386983930395 0.613016069605 0.0794295384881 0.0794295384881
288 0.00315452579222 0.00315452579222 0.386668477816 0.613331522184 0.0793794417874 0.0793794417874
289 0.00315054788924 0.00315054788924 0.386353423027 0.613646576973 0.0793294397958 0.0793294397958
290 0.00314658000916 0.00314658000916 0.386038765026 0.613961234974 0.0792795322154 0.0792795322154
291 0.00314262211415 0.00314262211415 0.385724502814 0.614275497186 0.0792297187493 0.0792297187493
292 0.00313867416655 0.00313867416655 0.385410635398 0.614589364602 0.079179999102 0.079179999102
293 0.0031347361289 0.0031347361289 0.385097161785 0.614902838215 0.0791303729794 0.0791303729794
294 0.00313080796393 0.00313080796393 0.384784080988 0.615215919012 0.0790808400884 0.0790808400884
295 0.00312688963454 0.00312688963454 0.384471392025 0.615528607975 0.0790314001375 0.0790314001375
296 0.00312298110385 0.00312298110385 0.384159093915 0.615840906085 0.0789820528363 0.0789820528363
297 0.00311908233512 0.00311908233512 0.383847185681 0.616152814319 0.0789327978958 0.0789327978958
298 0.00311519329183 0.00311519329183 0.383535666352 0.616464333648 0.0788836350281 0.0788836350281
299 0.00311131393762 0.00311131393762 0.383224534958 0.616775465042 0.0788345639466 0.0788345639466
300 0.00310744423632 0.00310744423632 0.382913790534 0.617086209466 0.078785584366 0.078785584366
301 0.00310358415195 0.00310358415195 0.382603432119 0.617396567881 0.0787366960023 0.0787366960023
302 0.00309973364868 0.00309973364868 0.382293458754 0.617706541246 0.0786878985726 0.0786878985726
303 0.00309589269088 0.00309589269088 0.381983869485 0.618016130515 0.0786391917952 0.0786391917952
304 0.0030920612431 0.0030920612431 0.381674663361 0.618325336639 0.0785905753898 0.0785905753898
305 0.00308823927005 0.00308823927005 0.381365839434 0.618634160566 0.0785420490772 0.0785420490772
306 0.00308442673662 0.00308442673662 0.38105739676 0.61894260324 0.0784936125794 0.0784936125794
307 0.00308062360788 0.00308062360788 0.380749334399 0.619250665601 0.0784452656196 0.0784452656196
308 0.00307682984907 0.00307682984907 0.380441651415 0.619558348585 0.0783970079223 0.0783970079223
309 0.00307304542558 0.00307304542558 0.380134346872 0.619865653128 0.0783488392129 0.0783488392129
310 0.00306927030301 0.00306927030301 0.379827419842 0.620172580158 0.0783007592184 0.0783007592184
311 0.00306550444709 0.00306550444709 0.379520869397 0.620479130603 0.0782527676666 0.0782527676666
312 0.00306174782374 0.00306174782374 0.379214694615 0.620785305385 0.0782048642867 0.0782048642867
313 0.00305800039905 0.00305800039905 0.378908894575 0.621091105425 0.0781570488089 0.0781570488089
314 0.00305426213926 0.00305426213926 0.378603468361 0.621396531639 0.0781093209647 0.0781093209647
315 0.00305053301078 0.00305053301078 0.37829841506 0.62170158494 0.0780616804867 0.0780616804867
316 0.0030468129802 0.0030468129802 0.377993733762 0.622006266238 0.0780141271085 0.0780141271085
317 0.00304310201425 0.00304310201425 0.37768942356 0.62231057644 0.077966660565 0.077966660565
318 0.00303940007983 0.00303940007983 0.377385483552 0.622614516448 0.0779192805923 0.0779192805923
319 0.00303570714401 0.00303570714401 0.377081912838 0.622918087162 0.0778719869274 0.0778719869274
320 0.00303202317401 0.00303202317401 0.376778710521 0.623221289479 0.0778247793085 0.0778247793085
321 0.00302834813721 0.00302834813721 0.376475875707 0.623524124293 0.077777657475 0.077777657475
322 0.00302468200115 0.00302468200115 0.376173407507 0.623826592493 0.0777306211673 0.0777306211673
323 0.00302102473352 0.00302102473352 0.375871305033 0.624128694967 0.0776836701269 0.0776836701269
324 0.00301737630219 0.00301737630219 0.375569567403 0.624430432597 0.0776368040965 0.0776368040965
325 0.00301373667516 0.00301373667516 0.375268193736 0.624731806264 0.0775900228198 0.0775900228198
326 0.00301010582059 0.00301010582059 0.374967183154 0.625032816846 0.0775433260416 0.0775433260416
327 0.00300648370679 0.00300648370679 0.374666534783 0.625333465217 0.0774967135077 0.0774967135077
328 0.00300287030225 0.00300287030225 0.374366247753 0.625633752247 0.0774501849651 0.0774501849651
329 0.00299926557556 0.00299926557556 0.374066321195 0.625933678805 0.0774037401618 0.0774037401618
330 0.00299566949552 0.00299566949552 0.373766754246 0.626233245754 0.0773573788469 0.0773573788469
331 0.00299208203103 0.00299208203103 0.373467546042 0.626532453958 0.0773111007704 0.0773111007704
332 0.00298850315116 0.00298850315116 0.373168695727 0.626831304273 0.0772649056835 0.0772649056835
333 0.00298493282514 0.00298493282514 0.372870202445 0.627129797555 0.0772187933385 0.0772187933385
334 0.00298137102233 0.00298137102233 0.372572065343 0.627427934657 0.0771727634885 0.0771727634885
335 0.00297781771222 0.00297781771222 0.372274283571 0.627725716429 0.0771268158878 0.0771268158878
336 0.00297427286449 0.00297427286449 0.371976856285 0.628023143715 0.0770809502917 0.0770809502917
337 0.00297073644894 0.00297073644894 0.37167978264 0.62832021736 0.0770351664565 0.0770351664565
338 0.00296720843549 0.00296720843549 0.371383061796 0.628616938204 0.0769894641395 0.0769894641395
339 0.00296368879425 0.00296368879425 0.371086692917 0.628913307083 0.0769438430991 0.0769438430991
340 0.00296017749543 0.00296017749543 0.370790675167 0.629209324833 0.0768983030945 0.0768983030945
341 0.00295667450941 0.00295667450941 0.370495007717 0.629504992283 0.0768528438861 0.0768528438861
342 0.00295317980669 0.00295317980669 0.370199689736 0.629800310264 0.0768074652353 0.0768074652353
343 0.00294969335793 0.00294969335793 0.3699047204 0.6300952796 0.0767621669042 0.0767621669042
344 0.00294621513391 0.00294621513391 0.369610098887 0.630389901113 0.0767169486562 0.0767169486562
345 0.00294274510556 0.00294274510556 0.369315824376 0.630684175624 0.0766718102555 0.0766718102555
346 0.00293928324393 0.00293928324393 0.369021896052 0.630978103948 0.0766267514675 0.0766267514675
347 0.00293582952023 0.00293582952023 0.3687283131 0.6312716869 0.0765817720581 0.0765817720581
348 0.00293238390578 0.00293238390578 0.368435074709 0.631564925291 0.0765368717947 0.0765368717947
349 0.00292894637206 0.00292894637206 0.368142180072 0.631857819928 0.0764920504454 0.0764920504454
350 0.00292551689067 0.00292551689067 0.367849628383 0.632150371617 0.0764473077791 0.0764473077791
351 0.00292209543333 0.00292209543333 0.36755741884 0.63244258116 0.0764026435659 0.0764026435659
352 0.00291868197193 0.00291868197193 0.367265550642 0.632734449358 0.0763580575767 0.0763580575767
353 0.00291527647844 0.00291527647844 0.366974022994 0.633025977006 0.0763135495834 0.0763135495834
354 0.00291187892501 0.00291187892501 0.366682835102 0.633317164898 0.0762691193589 0.0762691193589
355 0.00290848928389 0.00290848928389 0.366391986174 0.633608013826 0.0762247666768 0.0762247666768
356 0.00290510752746 0.00290510752746 0.366101475421 0.633898524579 0.0761804913118 0.0761804913118
357 0.00290173362825 0.00290173362825 0.365811302058 0.634188697942 0.0761362930395 0.0761362930395
358 0.0028983675589 0.0028983675589 0.365521465302 0.634478534698 0.0760921716364 0.0760921716364
359 0.00289500929217 0.00289500929217 0.365231964373 0.634768035627 0.0760481268798 0.0760481268798
360 0.00289165880097 0.00289165880097 0.364942798493 0.635057201507 0.0760041585481 0.0760041585481
361 0.0028883160583 0.0028883160583 0.364653966887 0.635346033113 0.0759602664204 0.0759602664204
362 0.00288498103733 0.00288498103733 0.364365468783 0.635634531217 0.0759164502769 0.0759164502769
363 0.00288165371132 0.00288165371132 0.364077303412 0.635922696588 0.0758727098984 0.0758727098984
364 0.00287833405367 0.00287833405367 0.363789470007 0.636210529993 0.0758290450669 0.0758290450669
365 0.00287502203788 0.00287502203788 0.363501967803 0.636498032197 0.075785455565 0.075785455565
366 0.0028717176376 0.0028717176376 0.363214796039 0.636785203961 0.0757419411765 0.0757419411765
367 0.00286842082659 0.00286842082659 0.362927953957 0.637072046043 0.0756985016856 0.0756985016856
368 0.00286513157872 0.00286513157872 0.362641440799 0.637358559201 0.0756551368779 0.0756551368779
369 0.002861849868 0.002861849868 0.362355255812 0.637644744188 0.0756118465394 0.0756118465394
370 0.00285857566855 0.00285857566855 0.362069398245 0.637930601755 0.0755686304573 0.0755686304573
371 0.00285530895459 0.00285530895459 0.36178386735 0.63821613265 0.0755254884194 0.0755254884194
372 0.00285204970049 0.00285204970049 0.36149866238 0.63850133762 0.0754824202145 0.0754824202145
373 0.00284879788072 0.00284879788072 0.361213782591 0.638786217409 0.0754394256322 0.0754394256322
374 0.00284555346986 0.00284555346986 0.360929227244 0.639070772756 0.0753965044629 0.0753965044629
375 0.00284231644261 0.00284231644261 0.3606449956 0.6393550044 0.0753536564979 0.0753536564979
376 0.00283908677381 0.00283908677381 0.360361086923 0.639638913077 0.0753108815294 0.0753108815294
377 0.00283586443837 0.00283586443837 0.360077500479 0.639922499521 0.0752681793501 0.0752681793501
378 0.00283264941134 0.00283264941134 0.359794235538 0.640205764462 0.075225549754 0.075225549754
379 0.00282944166789 0.00282944166789 0.359511291371 0.640488708629 0.0751829925354 0.0751829925354
380 0.00282624118329 0.00282624118329 0.359228667253 0.640771332747 0.0751405074899 0.0751405074899
381 0.00282304793292 0.00282304793292 0.358946362459 0.641053637541 0.0750980944136 0.0750980944136
382 0.00281986189227 0.00281986189227 0.35866437627 0.64133562373 0.0750557531034 0.0750557531034
383 0.00281668303696 0.00281668303696 0.358382707967 0.641617292033 0.0750134833573 0.0750134833573
384 0.0028135113427 0.0028135113427 0.358101356832 0.641898643168 0.0749712849737 0.0749712849737
385 0.0028103467853 0.0028103467853 0.357820322154 0.642179677846 0.0749291577521 0.0749291577521
386 0.00280718934072 0.00280718934072 0.35753960322 0.64246039678 0.0748871014926 0.0748871014926
387 0.00280403898498 0.00280403898498 0.357259199321 0.642740800679 0.0748451159962 0.0748451159962
388 0.00280089569424 0.00280089569424 0.356979109752 0.643020890248 0.0748032010646 0.0748032010646
389 0.00279775944475 0.00279775944475 0.356699333807 0.643300666193 0.0747613565003 0.0747613565003
390 0.00279463021288 0.00279463021288 0.356419870786 0.643580129214 0.0747195821067 0.0747195821067
391 0.0027915079751 0.0027915079751 0.356140719988 0.643859280012 0.0746778776877 0.0746778776877
392 0.00278839270797 0.00278839270797 0.355861880718 0.644138119282 0.0746362430482 0.0746362430482
393 0.00278528438818 0.00278528438818 0.355583352279 0.644416647721 0.0745946779938 0.0745946779938
394 0.0027821829925 0.0027821829925 0.35530513398 0.64469486602 0.0745531823309 0.0745531823309
395 0.00277908849783 0.00277908849783 0.35502722513 0.64497277487 0.0745117558664 0.0745117558664
396 0.00277600088115 0.00277600088115 0.354749625042 0.645250374958 0.0744703984083 0.0744703984083
397 0.00277292011955 0.00277292011955 0.35447233303 0.64552766697 0.0744291097652 0.0744291097652
398 0.00276984619022 0.00276984619022 0.354195348411 0.645804651589 0.0743878897463 0.0743878897463
399 0.00276677907046 0.00276677907046 0.353918670504 0.646081329496 0.0743467381618 0.0743467381618
400 0.00276371873765 0.00276371873765 0.35364229863 0.64635770137 0.0743056548225 0.0743056548225
401 0.0027606651693 0.0027606651693 0.353366232113 0.646633767887 0.0742646395398 0.0742646395398
402 0.00275761834299 0.00275761834299 0.353090470279 0.646909529721 0.0742236921262 0.0742236921262
403 0.00275457823642 0.00275457823642 0.352815012455 0.647184987545 0.0741828123945 0.0741828123945
404 0.00275154482738 0.00275154482738 0.352539857972 0.647460142028 0.0741420001584 0.0741420001584
405 0.00274851809374 0.00274851809374 0.352265006163 0.647734993837 0.0741012552325 0.0741012552325
406 0.00274549801351 0.00274549801351 0.351990456362 0.648009543638 0.0740605774318 0.0740605774318
407 0.00274248456476 0.00274248456476 0.351716207905 0.648283792095 0.0740199665721 0.0740199665721
408 0.00273947772567 0.00273947772567 0.351442260133 0.648557739867 0.0739794224702 0.0739794224702
409 0.00273647747451 0.00273647747451 0.351168612385 0.648831387615 0.0739389449432 0.0739389449432
410 0.00273348378965 0.00273348378965 0.350895264006 0.649104735994 0.073898533809 0.073898533809
411 0.00273049664956 0.00273049664956 0.350622214341 0.649377785659 0.0738581888864 0.0738581888864
412 0.00272751603279 0.00272751603279 0.350349462738 0.649650537262 0.0738179099946 0.0738179099946
413 0.00272454191799 0.00272454191799 0.350077008546 0.649922991454 0.0737776969538 0.0737776969538
414 0.00272157428391 0.00272157428391 0.349804851118 0.650195148882 0.0737375495847 0.0737375495847
415 0.00271861310938 0.00271861310938 0.349532989807 0.650467010193 0.0736974677086 0.0736974677086
416 0.00271565837333 0.00271565837333 0.349261423969 0.650738576031 0.0736574511476 0.0736574511476
417 0.00271271005478 0.00271271005478 0.348990152964 0.651009847036 0.0736174997246 0.0736174997246
418 0.00270976813285 0.00270976813285 0.348719176151 0.651280823849 0.0735776132629 0.0735776132629
419 0.00270683258674 0.00270683258674 0.348448492892 0.651551507108 0.0735377915867 0.0735377915867
420 0.00270390339573 0.00270390339573 0.348178102552 0.651821897448 0.0734980345207 0.0734980345207
421 0.00270098053921 0.00270098053921 0.347908004498 0.652091995502 0.0734583418904 0.0734583418904
422 0.00269806399665 0.00269806399665 0.347638198099 0.652361801901 0.0734187135219 0.0734187135219
423 0.0026951537476 0.0026951537476 0.347368682724 0.652631317276 0.0733791492418 0.0733791492418
424 0.00269224977173 0.00269224977173 0.347099457747 0.652900542253 0.0733396488777 0.0733396488777
425 0.00268935204875 0.00268935204875 0.346830522542 0.653169477458 0.0733002122576 0.0733002122576
426 0.0026864605585 0.0026864605585 0.346561876486 0.653438123514 0.0732608392101 0.0732608392101
427 0.00268357528088 0.00268357528088 0.346293518958 0.653706481042 0.0732215295647 0.0732215295647
428 0.00268069619589 0.00268069619589 0.346025449338 0.653974550662 0.0731822831512 0.0731822831512
429 0.00267782328361 0.00267782328361 0.34575766701 0.65424233299 0.0731430998004 0.0731430998004
430 0.00267495652421 0.00267495652421 0.345490171358 0.654509828642 0.0731039793435 0.0731039793435
431 0.00267209589793 0.00267209589793 0.345222961768 0.654777038232 0.0730649216123 0.0730649216123
432 0.00266924138511 0.00266924138511 0.344956037629 0.655043962371 0.0730259264395 0.0730259264395
433 0.00266639296617 0.00266639296617 0.344689398333 0.655310601667 0.0729869936581 0.0729869936581
434 0.00266355062163 0.00266355062163 0.344423043271 0.655576956729 0.0729481231019 0.0729481231019
435 0.00266071433205 0.00266071433205 0.344156971837 0.655843028163 0.0729093146054 0.0729093146054
436 0.00265788407811 0.00265788407811 0.34389118343 0.65610881657 0.0728705680034 0.0728705680034
437 0.00265505984057 0.00265505984057 0.343625677446 0.656374322554 0.0728318831316 0.0728318831316
438 0.00265224160025 0.00265224160025 0.343360453286 0.656639546714 0.0727932598263 0.0727932598263
439 0.00264942933807 0.00264942933807 0.343095510352 0.656904489648 0.0727546979243 0.0727546979243
440 0.00264662303503 0.00264662303503 0.342830848048 0.657169151952 0.072716197263 0.072716197263
441 0.00264382267219 0.00264382267219 0.342566465781 0.657433534219 0.0726777576804 0.0726777576804
442 0.00264102823073 0.00264102823073 0.342302362958 0.657697637042 0.0726393790153 0.0726393790153
443 0.00263823969186 0.00263823969186 0.342038538989 0.657961461011 0.0726010611068 0.0726010611068
444 0.00263545703691 0.00263545703691 0.341774993285 0.658225006715 0.0725628037947 0.0725628037947
445 0.00263268024728 0.00263268024728 0.34151172526 0.65848827474 0.0725246069196 0.0725246069196
446 0.00262990930442 0.00262990930442 0.34124873433 0.65875126567 0.0724864703223 0.0724864703223
447 0.00262714418989 0.00262714418989 0.340986019911 0.659013980089 0.0724483938446 0.0724483938446
448 0.00262438488533 0.00262438488533 0.340723581422 0.659276418578 0.0724103773285 0.0724103773285
449 0.00262163137243 0.00262163137243 0.340461418285 0.659538581715 0.0723724206168 0.0723724206168
450 0.00261888363297 0.00261888363297 0.340199529922 0.659800470078 0.0723345235529 0.0723345235529
451 0.00261614164881 0.00261614164881 0.339937915757 0.660062084243 0.0722966859807 0.0722966859807
452 0.0026134054019 0.0026134054019 0.339676575217 0.660323424783 0.0722589077446 0.0722589077446
453 0.00261067487422 0.00261067487422 0.339415507729 0.660584492271 0.0722211886897 0.0722211886897
454 0.00260795004788 0.00260795004788 0.339154712725 0.660845287275 0.0721835286616 0.0721835286616
455 0.00260523090502 0.00260523090502 0.338894189634 0.661105810366 0.0721459275065 0.0721459275065
456 0.00260251742788 0.00260251742788 0.338633937891 0.661366062109 0.0721083850711 0.0721083850711
457 0.00259980959878 0.00259980959878 0.338373956931 0.661626043069 0.0720709012027 0.0720709012027
458 0.00259710740008 0.00259710740008 0.338114246191 0.661885753809 0.0720334757491 0.0720334757491
459 0.00259441081425 0.00259441081425 0.33785480511 0.66214519489 0.0719961085589 0.0719961085589
460 0.00259171982381 0.00259171982381 0.337595633128 0.662404366872 0.0719587994808 0.0719587994808
461 0.00258903441136 0.00258903441136 0.337336729686 0.662663270314 0.0719215483645 0.0719215483645
462 0.00258635455957 0.00258635455957 0.33707809423 0.66292190577 0.0718843550599 0.0718843550599
463 0.00258368025119 0.00258368025119 0.336819726205 0.663180273795 0.0718472194177 0.0718472194177
464 0.00258101146903 0.00258101146903 0.336561625058 0.663438374942 0.0718101412889 0.0718101412889
465 0.00257834819597 0.00257834819597 0.336303790239 0.663696209761 0.0717731205254 0.0717731205254
466 0.00257569041497 0.00257569041497 0.336046221197 0.663953778803 0.0717361569791 0.0717361569791
467 0.00257303810907 0.00257303810907 0.335788917386 0.664211082614 0.071699250503 0.071699250503
468 0.00257039126134 0.00257039126134 0.33553187826 0.66446812174 0.0716624009502 0.0716624009502
469 0.00256774985497 0.00256774985497 0.335275103275 0.664724896725 0.0716256081745 0.0716256081745
470 0.00256511387319 0.00256511387319 0.335018591887 0.664981408113 0.0715888720303 0.0715888720303
471 0.00256248329929 0.00256248329929 0.334762343558 0.665237656442 0.0715521923724 0.0715521923724
472 0.00255985811665 0.00255985811665 0.334506357746 0.665493642254 0.0715155690562 0.0715155690562
473 0.00255723830872 0.00255723830872 0.334250633915 0.665749366085 0.0714790019375 0.0714790019375
474 0.00255462385899 0.00255462385899 0.333995171529 0.666004828471 0.0714424908728 0.0714424908728
475 0.00255201475105 0.00255201475105 0.333739970054 0.666260029946 0.0714060357188 0.0714060357188
476 0.00254941096854 0.00254941096854 0.333485028957 0.666514971043 0.0713696363332 0.0713696363332
477 0.00254681249517 0.00254681249517 0.333230347708 0.666769652292 0.0713332925737 0.0713332925737
478 0.0025442193147 0.0025442193147 0.332975925776 0.667024074224 0.0712970042989 0.0712970042989
479 0.002541631411 0.002541631411 0.332721762635 0.667278237365 0.0712607713676 0.0712607713676
480 0.00253904876795 0.00253904876795 0.332467857758 0.667532142242 0.0712245936394 0.0712245936394
481 0.00253647136955 0.00253647136955 0.332214210621 0.667785789379 0.071188470974 0.071188470974
482 0.00253389919981 0.00253389919981 0.331960820701 0.668039179299 0.0711524032321 0.0711524032321
483 0.00253133224285 0.00253133224285 0.331707687477 0.668292312523 0.0711163902744 0.0711163902744
484 0.00252877048283 0.00252877048283 0.331454810429 0.668545189571 0.0710804319625 0.0710804319625
485 0.00252621390399 0.00252621390399 0.331202189038 0.668797810962 0.0710445281582 0.0710445281582
486 0.00252366249061 0.00252366249061 0.330949822789 0.669050177211 0.071008678724 0.071008678724
487 0.00252111622707 0.00252111622707 0.330697711167 0.669302288833 0.0709728835227 0.0709728835227
488 0.00251857509776 0.00251857509776 0.330445853657 0.669554146343 0.0709371424177 0.0709371424177
489 0.0025160390872 0.0025160390872 0.330194249748 0.669805750252 0.0709014552729 0.0709014552729
490 0.00251350817991 0.00251350817991 0.32994289893 0.67005710107 0.0708658219526 0.0708658219526
491 0.00251098236051 0.00251098236051 0.329691800694 0.670308199306 0.0708302423215 0.0708302423215
492 0.00250846161366 0.00250846161366 0.329440954533 0.670559045467 0.070794716245 0.070794716245
493 0.00250594592411 0.00250594592411 0.32919035994 0.67080964006 0.0707592435889 0.0707592435889
494 0.00250343527664 0.00250343527664 0.328940016413 0.671059983587 0.0707238242194 0.0707238242194
495 0.00250092965611 0.00250092965611 0.328689923447 0.671310076553 0.0706884580031 0.0706884580031
496 0.00249842904743 0.00249842904743 0.328440080542 0.671559919458 0.0706531448072 0.0706531448072
497 0.00249593343557 0.00249593343557 0.328190487199 0.671809512801 0.0706178844994 0.0706178844994
498 0.00249344280558 0.00249344280558 0.327941142918 0.672058857082 0.0705826769477 0.0705826769477
499 0.00249095714255 0.00249095714255 0.327692047204 0.672307952796 0.0705475220207 0.0705475220207
500 0.00248847643163 0.00248847643163 0.327443199561 0.672556800439 0.0705124195874 0.0705124195874
501 0.00248600065804 0.00248600065804 0.327194599495 0.672805400505 0.0704773695173 0.0704773695173
502 0.00248352980704 0.00248352980704 0.326946246514 0.673053753486 0.0704423716802 0.0704423716802
503 0.00248106386397 0.00248106386397 0.326698140128 0.673301859872 0.0704074259466 0.0704074259466
504 0.00247860281422 0.00247860281422 0.326450279846 0.673549720154 0.0703725321873 0.0703725321873
505 0.00247614664323 0.00247614664323 0.326202665182 0.673797334818 0.0703376902735 0.0703376902735
506 0.00247369533651 0.00247369533651 0.325955295648 0.674044704352 0.070302900077 0.070302900077
507 0.00247124887962 0.00247124887962 0.32570817076 0.67429182924 0.0702681614699 0.0702681614699
508 0.00246880725818 0.00246880725818 0.325461290035 0.674538709965 0.0702334743247 0.0702334743247
509 0.00246637045786 0.00246637045786 0.325214652989 0.674785347011 0.0701988385147 0.0701988385147
510 0.0024639384644 0.0024639384644 0.324968259142 0.675031740858 0.0701642539131 0.0701642539131
511 0.00246151126359 0.00246151126359 0.324722108016 0.675277891984 0.070129720394 0.070129720394
512 0.00245908884127 0.00245908884127 0.324476199132 0.675523800868 0.0700952378317 0.0700952378317
513 0.00245667118334 0.00245667118334 0.324230532014 0.675769467986 0.070060806101 0.070060806101
514 0.00245425827576 0.00245425827576 0.323985106186 0.676014893814 0.070026425077 0.070026425077
515 0.00245185010453 0.00245185010453 0.323739921176 0.676260078824 0.0699920946355 0.0699920946355
516 0.00244944665573 0.00244944665573 0.32349497651 0.67650502349 0.0699578146525 0.0699578146525
517 0.00244704791547 0.00244704791547 0.323250271718 0.676749728282 0.0699235850044 0.0699235850044
518 0.00244465386993 0.00244465386993 0.323005806331 0.676994193669 0.0698894055682 0.0698894055682
519 0.00244226450534 0.00244226450534 0.322761579881 0.677238420119 0.0698552762213 0.0698552762213
520 0.00243987980798 0.00243987980798 0.3225175919 0.6774824081 0.0698211968413 0.0698211968413
521 0.00243749976418 0.00243749976418 0.322273841924 0.677726158076 0.0697871673065 0.0697871673065
522 0.00243512436034 0.00243512436034 0.322030329488 0.677969670512 0.0697531874955 0.0697531874955
523 0.00243275358289 0.00243275358289 0.321787054129 0.678212945871 0.0697192572872 0.0697192572872
524 0.00243038741834 0.00243038741834 0.321544015388 0.678455984612 0.069685376561 0.069685376561
525 0.00242802585323 0.00242802585323 0.321301212802 0.678698787198 0.0696515451969 0.0696515451969
526 0.00242566887416 0.00242566887416 0.321058645915 0.678941354085 0.0696177630749 0.0696177630749
527 0.00242331646778 0.00242331646778 0.320816314268 0.679183685732 0.0695840300758 0.0695840300758
528 0.0024209686208 0.0024209686208 0.320574217406 0.679425782594 0.0695503460806 0.0695503460806
529 0.00241862531996 0.00241862531996 0.320332354874 0.679667645126 0.0695167109707 0.0695167109707
530 0.00241628655209 0.00241628655209 0.320090726219 0.679909273781 0.069483124628 0.069483124628
531 0.00241395230404 0.00241395230404 0.319849330988 0.680150669012 0.0694495869347 0.0694495869347
532 0.0024116225627 0.0024116225627 0.319608168732 0.680391831268 0.0694160977735 0.0694160977735
533 0.00240929731505 0.00240929731505 0.319367239001 0.680632760999 0.0693826570275 0.0693826570275
534 0.0024069765481 0.0024069765481 0.319126541346 0.680873458654 0.0693492645799 0.0693492645799
535 0.00240466024889 0.00240466024889 0.318886075321 0.681113924679 0.0693159203148 0.0693159203148
536 0.00240234840454 0.00240234840454 0.31864584048 0.68135415952 0.0692826241162 0.0692826241162
537 0.00240004100221 0.00240004100221 0.31840583638 0.68159416362 0.0692493758688 0.0692493758688
538 0.00239773802911 0.00239773802911 0.318166062577 0.681833937423 0.0692161754577 0.0692161754577
539 0.00239543947249 0.00239543947249 0.31792651863 0.68207348137 0.0691830227681 0.0691830227681
540 0.00239314531966 0.00239314531966 0.317687204098 0.682312795902 0.0691499176858 0.0691499176858
541 0.00239085555798 0.00239085555798 0.317448118542 0.682551881458 0.069116860097 0.069116860097
542 0.00238857017483 0.00238857017483 0.317209261525 0.682790738475 0.0690838498882 0.0690838498882
543 0.00238628915769 0.00238628915769 0.316970632609 0.683029367391 0.0690508869464 0.0690508869464
544 0.00238401249404 0.00238401249404 0.31673223136 0.68326776864 0.0690179711587 0.0690179711587
545 0.00238174017143 0.00238174017143 0.316494057342 0.683505942658 0.0689851024129 0.0689851024129
546 0.00237947217746 0.00237947217746 0.316256110125 0.683743889875 0.068952280597 0.068952280597
547 0.00237720849977 0.00237720849977 0.316018389275 0.683981610725 0.0689195055995 0.0689195055995
548 0.00237494912604 0.00237494912604 0.315780894362 0.684219105638 0.068886777309 0.068886777309
549 0.00237269404401 0.00237269404401 0.315543624958 0.684456375042 0.0688540956147 0.0688540956147
550 0.00237044324146 0.00237044324146 0.315306580634 0.684693419366 0.0688214604062 0.0688214604062
551 0.00236819670622 0.00236819670622 0.315069760963 0.684930239037 0.0687888715733 0.0687888715733
552 0.00236595442616 0.00236595442616 0.31483316552 0.68516683448 0.0687563290063 0.0687563290063
553 0.00236371638921 0.00236371638921 0.314596793881 0.685403206119 0.0687238325958 0.0687238325958
554 0.00236148258333 0.00236148258333 0.314360645623 0.685639354377 0.0686913822327 0.0686913822327
555 0.00235925299652 0.00235925299652 0.314124720323 0.685875279677 0.0686589778085 0.0686589778085
556 0.00235702761685 0.00235702761685 0.313889017562 0.686110982438 0.0686266192147 0.0686266192147
557 0.00235480643242 0.00235480643242 0.313653536919 0.686346463081 0.0685943063435 0.0685943063435
558 0.00235258943137 0.00235258943137 0.313418277975 0.686581722025 0.0685620390872 0.0685620390872
559 0.0023503766019 0.0023503766019 0.313183240315 0.686816759685 0.0685298173387 0.0685298173387
560 0.00234816793223 0.00234816793223 0.312948423522 0.687051576478 0.0684976409909 0.0684976409909
561 0.00234596341066 0.00234596341066 0.312713827181 0.687286172819 0.0684655099374 0.0684655099374
562 0.0023437630255 0.0023437630255 0.312479450878 0.687520549122 0.068433424072 0.068433424072
563 0.00234156676511 0.00234156676511 0.312245294202 0.687754705798 0.0684013832889 0.0684013832889
564 0.00233937461792 0.00233937461792 0.31201135674 0.68798864326 0.0683693874825 0.0683693874825
565 0.00233718657237 0.00233718657237 0.311777638083 0.688222361917 0.0683374365477 0.0683374365477
566 0.00233500261696 0.00233500261696 0.311544137821 0.688455862179 0.0683055303798 0.0683055303798
567 0.00233282274023 0.00233282274023 0.311310855547 0.688689144453 0.0682736688742 0.0682736688742
568 0.00233064693077 0.00233064693077 0.311077790854 0.688922209146 0.0682418519268 0.0682418519268
569 0.0023284751772 0.0023284751772 0.310844943336 0.689155056664 0.0682100794339 0.0682100794339
570 0.00232630746819 0.00232630746819 0.310612312589 0.689387687411 0.0681783512919 0.0681783512919
571 0.00232414379244 0.00232414379244 0.31037989821 0.68962010179 0.0681466673979 0.0681466673979
572 0.00232198413872 0.00232198413872 0.310147699796 0.689852300204 0.068115027649 0.068115027649
573 0.00231982849581 0.00231982849581 0.309915716947 0.690084283053 0.0680834319428 0.0680834319428
574 0.00231767685256 0.00231767685256 0.309683949262 0.690316050738 0.0680518801772 0.0680518801772
575 0.00231552919783 0.00231552919783 0.309452396342 0.690547603658 0.0680203722504 0.0680203722504
576 0.00231338552054 0.00231338552054 0.30922105779 0.69077894221 0.067988908061 0.067988908061
577 0.00231124580967 0.00231124580967 0.308989933209 0.691010066791 0.0679574875079 0.0679574875079
578 0.00230911005419 0.00230911005419 0.308759022203 0.691240977797 0.0679261104902 0.0679261104902
579 0.00230697824316 0.00230697824316 0.308528324379 0.691471675621 0.0678947769075 0.0678947769075
580 0.00230485036566 0.00230485036566 0.308297839342 0.691702160658 0.0678634866597 0.0678634866597
581 0.00230272641081 0.00230272641081 0.308067566701 0.691932433299 0.067832239647 0.067832239647
582 0.00230060636777 0.00230060636777 0.307837506065 0.692162493935 0.0678010357699 0.0678010357699
583 0.00229849022573 0.00229849022573 0.307607657042 0.692392342958 0.0677698749291 0.0677698749291
584 0.00229637797395 0.00229637797395 0.307378019245 0.692621980755 0.0677387570259 0.0677387570259
585 0.0022942696017 0.0022942696017 0.307148592284 0.692851407716 0.0677076819617 0.0677076819617
586 0.00229216509831 0.00229216509831 0.306919375775 0.693080624225 0.0676766496382 0.0676766496382
587 0.00229006445313 0.00229006445313 0.306690369329 0.693309630671 0.0676456599577 0.0676456599577
588 0.00228796765555 0.00228796765555 0.306461572564 0.693538427436 0.0676147128224 0.0676147128224
589 0.00228587469503 0.00228587469503 0.306232985094 0.693767014906 0.0675838081352 0.0675838081352
590 0.00228378556103 0.00228378556103 0.306004606538 0.693995393462 0.067552945799 0.067552945799
591 0.00228170024306 0.00228170024306 0.305776436514 0.694223563486 0.0675221257171 0.0675221257171
592 0.00227961873068 0.00227961873068 0.305548474641 0.694451525359 0.0674913477934 0.0674913477934
593 0.00227754101348 0.00227754101348 0.305320720539 0.694679279461 0.0674606119316 0.0674606119316
594 0.00227546708109 0.00227546708109 0.305093173831 0.694906826169 0.0674299180361 0.0674299180361
595 0.00227339692318 0.00227339692318 0.304865834139 0.695134165861 0.0673992660114 0.0673992660114
596 0.00227133052944 0.00227133052944 0.304638701086 0.695361298914 0.0673686557624 0.0673686557624
597 0.00226926788962 0.00226926788962 0.304411774297 0.695588225703 0.0673380871943 0.0673380871943
598 0.00226720899349 0.00226720899349 0.304185053398 0.695814946602 0.0673075602125 0.0673075602125
599 0.00226515383088 0.00226515383088 0.303958538015 0.696041461985 0.0672770747229 0.0672770747229
600 0.00226310239164 0.00226310239164 0.303732227775 0.696267772225 0.0672466306315 0.0672466306315
601 0.00226105466565 0.00226105466565 0.303506122309 0.696493877691 0.0672162278447 0.0672162278447
602 0.00225901064283 0.00225901064283 0.303280221245 0.696719778755 0.0671858662691 0.0671858662691
603 0.00225697031316 0.00225697031316 0.303054524213 0.696945475787 0.0671555458117 0.0671555458117
604 0.00225493366663 0.00225493366663 0.302829030847 0.697170969153 0.0671252663798 0.0671252663798
605 0.00225290069328 0.00225290069328 0.302603740777 0.697396259223 0.0670950278809 0.0670950278809
606 0.00225087138317 0.00225087138317 0.302378653639 0.697621346361 0.0670648302229 0.0670648302229
607 0.00224884572641 0.00224884572641 0.302153769066 0.697846230934 0.0670346733139 0.0670346733139
608 0.00224682371315 0.00224682371315 0.301929086695 0.698070913305 0.0670045570622 0.0670045570622
609 0.00224480533355 0.00224480533355 0.301704606162 0.698295393838 0.0669744813767 0.0669744813767
610 0.00224279057784 0.00224279057784 0.301480327104 0.698519672896 0.0669444461663 0.0669444461663
611 0.00224077943626 0.00224077943626 0.30125624916 0.69874375084 0.0669144513404 0.0669144513404
612 0.00223877189909 0.00223877189909 0.30103237197 0.69896762803 0.0668844968083 0.0668844968083
613 0.00223676795665 0.00223676795665 0.300808695175 0.699191304825 0.0668545824801 0.0668545824801
614 0.0022347675993 0.0022347675993 0.300585218415 0.699414781585 0.0668247082659 0.0668247082659
615 0.00223277081741 0.00223277081741 0.300361941333 0.699638058667 0.0667948740759 0.0667948740759
616 0.00223077760141 0.00223077760141 0.300138863573 0.699861136427 0.0667650798211 0.0667650798211
617 0.00222878794176 0.00222878794176 0.299915984779 0.700084015221 0.0667353254122 0.0667353254122
618 0.00222680182894 0.00222680182894 0.299693304596 0.700306695404 0.0667056107606 0.0667056107606
619 0.00222481925348 0.00222481925348 0.29947082267 0.70052917733 0.0666759357779 0.0666759357779
620 0.00222284020593 0.00222284020593 0.29924853865 0.70075146135 0.0666463003757 0.0666463003757
621 0.00222086467688 0.00222086467688 0.299026452182 0.700973547818 0.0666167044661 0.0666167044661
622 0.00221889265696 0.00221889265696 0.298804562916 0.701195437084 0.0665871479616 0.0665871479616
623 0.00221692413683 0.00221692413683 0.298582870503 0.701417129497 0.0665576307747 0.0665576307747
624 0.00221495910717 0.00221495910717 0.298361374592 0.701638625408 0.0665281528184 0.0665281528184
625 0.00221299755871 0.00221299755871 0.298140074836 0.701859925164 0.0664987140057 0.0664987140057
626 0.00221103948221 0.00221103948221 0.297918970888 0.702081029112 0.0664693142501 0.0664693142501
627 0.00220908486844 0.00220908486844 0.297698062401 0.702301937599 0.0664399534654 0.0664399534654
628 0.00220713370824 0.00220713370824 0.29747734903 0.70252265097 0.0664106315654 0.0664106315654
629 0.00220518599246 0.00220518599246 0.297256830431 0.702743169569 0.0663813484645 0.0663813484645
630 0.00220324171198 0.00220324171198 0.29703650626 0.70296349374 0.066352104077 0.066352104077
631 0.00220130085772 0.00220130085772 0.296816376174 0.703183623826 0.0663228983178 0.0663228983178
632 0.00219936342064 0.00219936342064 0.296596439832 0.703403560168 0.0662937311019 0.0662937311019
633 0.00219742939171 0.00219742939171 0.296376696893 0.703623303107 0.0662646023446 0.0662646023446
634 0.00219549876194 0.00219549876194 0.296157147017 0.703842852983 0.0662355119614 0.0662355119614
635 0.00219357152239 0.00219357152239 0.295937789864 0.704062210136 0.0662064598681 0.0662064598681
636 0.00219164766413 0.00219164766413 0.295718625098 0.704281374902 0.0661774459807 0.0661774459807
637 0.00218972717827 0.00218972717827 0.29549965238 0.70450034762 0.0661484702157 0.0661484702157
638 0.00218781005594 0.00218781005594 0.295280871375 0.704719128625 0.0661195324895 0.0661195324895
639 0.00218589628832 0.00218589628832 0.295062281746 0.704937718254 0.066090632719 0.066090632719
640 0.0021839858666 0.0021839858666 0.294843883159 0.705156116841 0.0660617708213 0.0660617708213
641 0.00218207878203 0.00218207878203 0.294625675281 0.705374324719 0.0660329467138 0.0660329467138
642 0.00218017502585 0.00218017502585 0.294407657778 0.705592342222 0.0660041603139 0.0660041603139
643 0.00217827458937 0.00217827458937 0.294189830319 0.705810169681 0.0659754115396 0.0659754115396
644 0.00217637746391 0.00217637746391 0.293972192573 0.706027807427 0.0659467003089 0.0659467003089
645 0.00217448364082 0.00217448364082 0.293754744209 0.706245255791 0.0659180265402 0.0659180265402
646 0.00217259311148 0.00217259311148 0.293537484898 0.706462515102 0.0658893901521 0.0658893901521
647 0.00217070586731 0.00217070586731 0.293320414311 0.706679585689 0.0658607910634 0.0658607910634
648 0.00216882189975 0.00216882189975 0.293103532121 0.706896467879 0.0658322291932 0.0658322291932
649 0.00216694120028 0.00216694120028 0.292886838001 0.707113161999 0.0658037044609 0.0658037044609
650 0.00216506376039 0.00216506376039 0.292670331625 0.707329668375 0.0657752167859 0.0657752167859
651 0.00216318957162 0.00216318957162 0.292454012668 0.707545987332 0.0657467660882 0.0657467660882
652 0.00216131862553 0.00216131862553 0.292237880805 0.707762119195 0.0657183522877 0.0657183522877
653 0.00215945091371 0.00215945091371 0.292021935714 0.707978064286 0.0656899753049 0.0656899753049
654 0.00215758642778 0.00215758642778 0.291806177071 0.708193822929 0.0656616350601 0.0656616350601
655 0.00215572515938 0.00215572515938 0.291590604555 0.708409395445 0.0656333314743 0.0656333314743
656 0.00215386710021 0.00215386710021 0.291375217845 0.708624782155 0.0656050644684 0.0656050644684
657 0.00215201224195 0.00215201224195 0.291160016621 0.708839983379 0.0655768339637 0.0655768339637
658 0.00215016057635 0.00215016057635 0.290945000563 0.709054999437 0.0655486398817 0.0655486398817
659 0.00214831209517 0.00214831209517 0.290730169354 0.709269830646 0.0655204821441 0.0655204821441
660 0.0021464667902 0.0021464667902 0.290515522675 0.709484477325 0.0654923606729 0.0654923606729
661 0.00214462465326 0.00214462465326 0.290301060209 0.709698939791 0.0654642753903 0.0654642753903
662 0.00214278567619 0.00214278567619 0.290086781642 0.709913218358 0.0654362262188 0.0654362262188
663 0.00214094985088 0.00214094985088 0.289872686657 0.710127313343 0.0654082130809 0.0654082130809
664 0.00213911716922 0.00213911716922 0.28965877494 0.71034122506 0.0653802358997 0.0653802358997
665 0.00213728762315 0.00213728762315 0.289445046178 0.710554953822 0.0653522945982 0.0653522945982
666 0.00213546120462 0.00213546120462 0.289231500057 0.710768499943 0.0653243890998 0.0653243890998
667 0.00213363790563 0.00213363790563 0.289018136267 0.710981863733 0.065296519328 0.065296519328
668 0.00213181771818 0.00213181771818 0.288804954495 0.711195045505 0.0652686852068 0.0652686852068
669 0.00213000063431 0.00213000063431 0.288591954431 0.711408045569 0.0652408866602 0.0652408866602
670 0.0021281866461 0.0021281866461 0.288379135767 0.711620864233 0.0652131236123 0.0652131236123
671 0.00212637574564 0.00212637574564 0.288166498192 0.711833501808 0.0651853959878 0.0651853959878
672 0.00212456792504 0.00212456792504 0.2879540414 0.7120459586 0.0651577037113 0.0651577037113
673 0.00212276317647 0.00212276317647 0.287741765082 0.712258234918 0.0651300467078 0.0651300467078
674 0.00212096149208 0.00212096149208 0.287529668933 0.712470331067 0.0651024249025 0.0651024249025
675 0.00211916286409 0.00211916286409 0.287317752646 0.712682247354 0.0650748382208 0.0650748382208
676 0.00211736728473 0.00211736728473 0.287106015918 0.712893984082 0.0650472865882 0.0650472865882
677 0.00211557474624 0.00211557474624 0.286894458443 0.713105541557 0.0650197699306 0.0650197699306
678 0.00211378524091 0.00211378524091 0.286683079919 0.713316920081 0.064992288174 0.064992288174
679 0.00211199876105 0.00211199876105 0.286471880043 0.713528119957 0.0649648412448 0.0649648412448
680 0.00211021529898 0.00211021529898 0.286260858513 0.713739141487 0.0649374290694 0.0649374290694
681 0.00210843484707 0.00210843484707 0.286050015028 0.713949984972 0.0649100515745 0.0649100515745
682 0.0021066573977 0.0021066573977 0.285839349289 0.714160650711 0.064882708687 0.064882708687
683 0.00210488294328 0.00210488294328 0.285628860994 0.714371139006 0.0648554003342 0.0648554003342
684 0.00210311147625 0.00210311147625 0.285418549847 0.714581450153 0.0648281264432 0.0648281264432
685 0.00210134298907 0.00210134298907 0.285208415548 0.714791584452 0.0648008869418 0.0648008869418
686 0.00209957747422 0.00209957747422 0.2849984578 0.7150015422 0.0647736817576 0.0647736817576
687 0.00209781492422 0.00209781492422 0.284788676308 0.715211323692 0.0647465108187 0.0647465108187
688 0.0020960553316 0.0020960553316 0.284579070775 0.715420929225 0.0647193740533 0.0647193740533
689 0.00209429868892 0.00209429868892 0.284369640906 0.715630359094 0.0646922713897 0.0646922713897
690 0.00209254498878 0.00209254498878 0.284160386407 0.715839613593 0.0646652027567 0.0646652027567
691 0.00209079422378 0.00209079422378 0.283951306985 0.716048693015 0.064638168083 0.064638168083
692 0.00208904638656 0.00208904638656 0.283742402346 0.716257597654 0.0646111672977 0.0646111672977
693 0.00208730146979 0.00208730146979 0.283533672199 0.716466327801 0.06458420033 0.06458420033
694 0.00208555946613 0.00208555946613 0.283325116252 0.716674883748 0.0645572671094 0.0645572671094
695 0.00208382036832 0.00208382036832 0.283116734216 0.716883265784 0.0645303675656 0.0645303675656
696 0.00208208416907 0.00208208416907 0.282908525799 0.717091474201 0.0645035016283 0.0645035016283
697 0.00208035086116 0.00208035086116 0.282700490713 0.717299509287 0.0644766692278 0.0644766692278
698 0.00207862043735 0.00207862043735 0.282492628669 0.717507371331 0.0644498702942 0.0644498702942
699 0.00207689289047 0.00207689289047 0.28228493938 0.71771506062 0.064423104758 0.064423104758
700 0.00207516821333 0.00207516821333 0.282077422558 0.717922577442 0.0643963725499 0.0643963725499
701 0.00207344639879 0.00207344639879 0.281870077919 0.718129922081 0.0643696736008 0.0643696736008
702 0.00207172743974 0.00207172743974 0.281662905175 0.718337094825 0.0643430078418 0.0643430078418
703 0.00207001132906 0.00207001132906 0.281455904042 0.718544095958 0.0643163752041 0.0643163752041
704 0.0020682980597 0.0020682980597 0.281249074236 0.718750925764 0.0642897756193 0.0642897756193
705 0.00206658762459 0.00206658762459 0.281042415473 0.718957584527 0.0642632090189 0.0642632090189
706 0.00206488001671 0.00206488001671 0.280835927472 0.719164072528 0.064236675335 0.064236675335
707 0.00206317522905 0.00206317522905 0.280629609949 0.719370390051 0.0642101744995 0.0642101744995
708 0.00206147325463 0.00206147325463 0.280423462623 0.719576537377 0.0641837064447 0.0641837064447
709 0.00205977408649 0.00205977408649 0.280217485215 0.719782514785 0.0641572711031 0.0641572711031
710 0.0020580777177 0.0020580777177 0.280011677443 0.719988322557 0.0641308684073 0.0641308684073
711 0.00205638414134 0.00205638414134 0.279806039029 0.720193960971 0.0641044982903 0.0641044982903
712 0.00205469335052 0.00205469335052 0.279600569694 0.720399430306 0.0640781606849 0.0640781606849
713 0.00205300533838 0.00205300533838 0.27939526916 0.72060473084 0.0640518555246 0.0640518555246
714 0.00205132009807 0.00205132009807 0.27919013715 0.72080986285 0.0640255827426 0.0640255827426
715 0.00204963762277 0.00204963762277 0.278985173388 0.721014826612 0.0639993422727 0.0639993422727
716 0.00204795790567 0.00204795790567 0.278780377597 0.721219622403 0.0639731340486 0.0639731340486
717 0.00204628094 0.00204628094 0.278575749503 0.721424250497 0.0639469580043 0.0639469580043
718 0.002044606719 0.002044606719 0.278371288831 0.721628711169 0.0639208140741 0.0639208140741
719 0.00204293523595 0.00204293523595 0.278166995308 0.721833004692 0.0638947021923 0.0638947021923
720 0.00204126648412 0.00204126648412 0.277962868659 0.722037131341 0.0638686222934 0.0638686222934
721 0.00203960045683 0.00203960045683 0.277758908614 0.722241091386 0.0638425743123 0.0638425743123
722 0.00203793714741 0.00203793714741 0.277555114899 0.722444885101 0.0638165581838 0.0638165581838
723 0.00203627654921 0.00203627654921 0.277351487244 0.722648512756 0.0637905738431 0.0637905738431
724 0.00203461865562 0.00203461865562 0.277148025378 0.722851974622 0.0637646212255 0.0637646212255
725 0.00203296346002 0.00203296346002 0.276944729032 0.723055270968 0.0637387002665 0.0637387002665
726 0.00203131095583 0.00203131095583 0.276741597937 0.723258402063 0.0637128109018 0.0637128109018
727 0.0020296611365 0.0020296611365 0.276538631823 0.723461368177 0.0636869530672 0.0636869530672
728 0.00202801399549 0.00202801399549 0.276335830424 0.723664169576 0.0636611266987 0.0636611266987
729 0.00202636952628 0.00202636952628 0.276133193471 0.723866806529 0.0636353317327 0.0636353317327
730 0.00202472772236 0.00202472772236 0.275930720699 0.724069279301 0.0636095681054 0.0636095681054
731 0.00202308857728 0.00202308857728 0.275728411841 0.724271588159 0.0635838357535 0.0635838357535
732 0.00202145208456 0.00202145208456 0.275526266632 0.724473733368 0.0635581346137 0.0635581346137
733 0.00201981823779 0.00201981823779 0.275324284809 0.724675715191 0.0635324646231 0.0635324646231
734 0.00201818703054 0.00201818703054 0.275122466106 0.724877533894 0.0635068257186 0.0635068257186
735 0.00201655845643 0.00201655845643 0.27492081026 0.72507918974 0.0634812178376 0.0634812178376
736 0.00201493250907 0.00201493250907 0.274719317009 0.725280682991 0.0634556409177 0.0634556409177
737 0.00201330918214 0.00201330918214 0.274517986091 0.725482013909 0.0634300948963 0.0634300948963
738 0.00201168846928 0.00201168846928 0.274316817244 0.725683182756 0.0634045797114 0.0634045797114
739 0.00201007036419 0.00201007036419 0.274115810208 0.725884189792 0.063379095301 0.063379095301
740 0.00200845486058 0.00200845486058 0.273914964721 0.726085035279 0.0633536416032 0.0633536416032
741 0.00200684195219 0.00200684195219 0.273714280526 0.726285719474 0.0633282185564 0.0633282185564
742 0.00200523163276 0.00200523163276 0.273513757363 0.726486242637 0.063302826099 0.063302826099
743 0.00200362389606 0.00200362389606 0.273313394973 0.726686605027 0.06327746417 0.06327746417
744 0.00200201873589 0.00200201873589 0.2731131931 0.7268868069 0.0632521327079 0.0632521327079
745 0.00200041614605 0.00200041614605 0.272913151485 0.727086848515 0.063226831652 0.063226831652
746 0.00199881612038 0.00199881612038 0.272713269873 0.727286730127 0.0632015609414 0.0632015609414
747 0.00199721865272 0.00199721865272 0.272513548008 0.727486451992 0.0631763205156 0.0631763205156
748 0.00199562373694 0.00199562373694 0.272313985634 0.727686014366 0.0631511103139 0.0631511103139
749 0.00199403136694 0.00199403136694 0.272114582497 0.727885417503 0.0631259302763 0.0631259302763
750 0.00199244153662 0.00199244153662 0.271915338344 0.728084661656 0.0631007803425 0.0631007803425
751 0.00199085423992 0.00199085423992 0.27171625292 0.72828374708 0.0630756604526 0.0630756604526
752 0.00198926947077 0.00198926947077 0.271517325973 0.728482674027 0.0630505705469 0.0630505705469
753 0.00198768722314 0.00198768722314 0.27131855725 0.72868144275 0.0630255105656 0.0630255105656
754 0.00198610749103 0.00198610749103 0.271119946501 0.728880053499 0.0630004804495 0.0630004804495
755 0.00198453026843 0.00198453026843 0.270921493474 0.729078506526 0.0629754801391 0.0629754801391
756 0.00198295554938 0.00198295554938 0.27072319792 0.72927680208 0.0629505095754 0.0629505095754
757 0.0019813833279 0.0019813833279 0.270525059587 0.729474940413 0.0629255686995 0.0629255686995
758 0.00197981359808 0.00197981359808 0.270327078227 0.729672921773 0.0629006574524 0.0629006574524
759 0.00197824635398 0.00197824635398 0.270129253592 0.729870746408 0.0628757757757 0.0628757757757
760 0.0019766815897 0.0019766815897 0.269931585433 0.730068414567 0.0628509236109 0.0628509236109
761 0.00197511929937 0.00197511929937 0.269734073503 0.730265926497 0.0628261008995 0.0628261008995
762 0.00197355947712 0.00197355947712 0.269536717555 0.730463282445 0.0628013075836 0.0628013075836
763 0.0019720021171 0.0019720021171 0.269339517343 0.730660482657 0.0627765436051 0.0627765436051
764 0.0019704472135 0.0019704472135 0.269142472622 0.730857527378 0.0627518089061 0.0627518089061
765 0.0019688947605 0.0019688947605 0.268945583146 0.731054416854 0.0627271034292 0.0627271034292
766 0.00196734475231 0.00196734475231 0.268748848671 0.731251151329 0.0627024271166 0.0627024271166
767 0.00196579718316 0.00196579718316 0.268552268952 0.731447731048 0.0626777799111 0.0626777799111
768 0.00196425204729 0.00196425204729 0.268355843748 0.731644156252 0.0626531617556 0.0626531617556
769 0.00196270933899 0.00196270933899 0.268159572814 0.731840427186 0.0626285725929 0.0626285725929
770 0.00196116905251 0.00196116905251 0.267963455908 0.732036544092 0.0626040123662 0.0626040123662
771 0.00195963118217 0.00195963118217 0.26776749279 0.73223250721 0.0625794810188 0.0625794810188
772 0.00195809572229 0.00195809572229 0.267571683218 0.732428316782 0.0625549784941 0.0625549784941
773 0.0019565626672 0.0019565626672 0.267376026951 0.732623973049 0.0625305047358 0.0625305047358
774 0.00195503201126 0.00195503201126 0.26718052375 0.73281947625 0.0625060596875 0.0625060596875
775 0.00195350374883 0.00195350374883 0.266985173375 0.733014826625 0.0624816432932 0.0624816432932
776 0.00195197787431 0.00195197787431 0.266789975588 0.733210024412 0.0624572554969 0.0624572554969
777 0.0019504543821 0.0019504543821 0.26659493015 0.73340506985 0.0624328962428 0.0624328962428
778 0.00194893326663 0.00194893326663 0.266400036823 0.733599963177 0.0624085654753 0.0624085654753
779 0.00194741452234 0.00194741452234 0.266205295371 0.733794704629 0.062384263139 0.062384263139
780 0.0019458981437 0.0019458981437 0.266010705556 0.733989294444 0.0623599891784 0.0623599891784
781 0.00194438412516 0.00194438412516 0.265816267144 0.734183732856 0.0623357435384 0.0623357435384
782 0.00194287246124 0.00194287246124 0.265621979898 0.734378020102 0.0623115261639 0.0623115261639
783 0.00194136314644 0.00194136314644 0.265427843583 0.734572156417 0.0622873370001 0.0622873370001
784 0.00193985617528 0.00193985617528 0.265233857965 0.734766142035 0.0622631759922 0.0622631759922
785 0.00193835154232 0.00193835154232 0.265040022811 0.734959977189 0.0622390430857 0.0622390430857
786 0.00193684924211 0.00193684924211 0.264846337887 0.735153662113 0.062214938226 0.062214938226
787 0.00193534926924 0.00193534926924 0.26465280296 0.73534719704 0.062190861359 0.062190861359
788 0.00193385161829 0.00193385161829 0.264459417798 0.735540582202 0.0621668124304 0.0621668124304
789 0.00193235628388 0.00193235628388 0.26426618217 0.73573381783 0.0621427913863 0.0621427913863
790 0.00193086326064 0.00193086326064 0.264073095844 0.735926904156 0.0621187981728 0.0621187981728
791 0.00192937254322 0.00192937254322 0.26388015859 0.73611984141 0.0620948327362 0.0620948327362
792 0.00192788412627 0.00192788412627 0.263687370177 0.736312629823 0.062070895023 0.062070895023
793 0.00192639800448 0.00192639800448 0.263494730376 0.736505269624 0.0620469849796 0.0620469849796
794 0.00192491417253 0.00192491417253 0.263302238959 0.736697761041 0.0620231025529 0.0620231025529
795 0.00192343262515 0.00192343262515 0.263109895697 0.736890104303 0.0619992476898 0.0619992476898
796 0.00192195335705 0.00192195335705 0.262917700361 0.737082299639 0.0619754203371 0.0619754203371
797 0.00192047636298 0.00192047636298 0.262725652725 0.737274347275 0.0619516204422 0.0619516204422
798 0.0019190016377 0.0019190016377 0.262533752561 0.737466247439 0.0619278479522 0.0619278479522
799 0.00191752917599 0.00191752917599 0.262341999643 0.737658000357 0.0619041028146 0.0619041028146
#theta1,theta2 (true)= 2.0 1.0 theta1,theta2 _estimated= 1.73765800036 1.73765800036
