#diff_E diff_E1_nin diff_E2_nin
0 3.30703402395 1.65543217111
1 3.24069765542 1.64473673645
2 3.17759937748 1.63424787552
3 3.11747963798 1.62395588261
4 3.0601072351 1.61385180211
5 3.00527546353 1.6039273493
6 2.95279887979 1.59417484162
7 2.90251057297 1.58458713864
8 2.85425985038 1.5751575896
9 2.80791026591 1.56587998723
10 2.76333793297 1.55674852713
11 2.72043007466 1.54775777169
12 2.6790837731 1.5389026182
13 2.63920488624 1.53017827032
14 2.60070710655 1.52158021272
15 2.56351114 1.51310418832
16 2.52754398782 1.50474617782
17 2.49273831601 1.49650238131
18 2.45903190038 1.48838631002
19 2.42636713662 1.48052636615
20 2.39469060655 1.47276891242
21 2.36395269322 1.46511089353
22 2.33410723834 1.45754940449
23 2.30511123683 1.45008168034
24 2.27692456367 1.44270508681
25 2.24950972919 1.43541711175
26 2.2228316594 1.42821535727
27 2.19685749821 1.42109753251
28 2.17155642922 1.41406144705
29 2.14689951477 1.40710500473
30 2.12285955015 1.40022619809
31 2.0994109316 1.39343760089
32 2.0765295363 1.38716235443
33 2.05419261329 1.38095500428
34 2.03237868404 1.37481393848
35 2.01106745173 1.36873760811
36 1.99023971835 1.36272452378
37 1.96987730879 1.35677325256
38 1.94996300132 1.35088241492
39 1.93048046374 1.34505068202
40 1.91141419469 1.33927677309
41 1.89274946973 1.33355945302
42 1.87447229151 1.32789753011
43 1.85656934395 1.32228985394
44 1.83902794983 1.31673531336
45 1.82183603161 1.31123283468
46 1.80498207517 1.30578137986
47 1.78845509615 1.30037994489
48 1.77224460882 1.29502755825
49 1.75634059709 1.28972327941
50 1.7407334876 1.28446619751
51 1.72541412464 1.27925542999
52 1.7103737469 1.27409012145
53 1.69560396563 1.2689694424
54 1.68109674444 1.26389258823
55 1.66684438027 1.25885877818
56 1.65283948573 1.25386725428
57 1.63907497251 1.24891728053
58 1.62554403588 1.24400814192
59 1.61224014015 1.23913914366
60 1.59915700504 1.23430961037
61 1.58628859289 1.2295188853
62 1.57362909665 1.22476632966
63 1.5611729286 1.22005132189
64 1.54891470972 1.21537325705
65 1.5368492597 1.2107315462
66 1.52497158754 1.20612561579
67 1.51327688269 1.2015549071
68 1.50176050665 1.19701887575
69 1.49041798514 1.19251699113
70 1.47924500059 1.18804873597
71 1.46823738514 1.18361360582
72 1.45739111396 1.17921110866
73 1.446702299 1.17484076444
74 1.43616718296 1.17050210469
75 1.42578213372 1.16619467213
76 1.41554363897 1.16191802029
77 1.40544830113 1.15767171317
78 1.39549283257 1.15345532488
79 1.38567405101 1.14926843935
80 1.37598887525 1.14511064995
81 1.36643432098 1.14098155928
82 1.35700749696 1.13688077879
83 1.34770560123 1.13280792857
84 1.33852591758 1.12876263706
85 1.32946581225 1.12474454079
86 1.32052273065 1.12075328415
87 1.31169419434 1.11678851914
88 1.30297779811 1.11284990515
89 1.29437120724 1.10893710875
90 1.2858721548 1.10504980345
91 1.27747843917 1.10118766954
92 1.2691879216 1.09735039387
93 1.26099852393 1.09353766966
94 1.25290822637 1.08974919634
95 1.24491506542 1.08598467936
96 1.23701713186 1.08224383003
97 1.22921256879 1.07852636533
98 1.22149956985 1.07483200781
99 1.2138763774 1.0711604854
100 1.20634128089 1.06751153125
101 1.19889261521 1.06388488365
102 1.19152875914 1.06028028582
103 1.18424813388 1.05669748584
104 1.17704920165 1.05313623649
105 1.16993046429 1.04959629514
106 1.16289046196 1.04607742362
107 1.1559277719 1.04257938813
108 1.1490410072 1.0391019591
109 1.14222881567 1.0356449111
110 1.13548987871 1.03220802274
111 1.12882291025 1.02879107655
112 1.12222665572 1.02539385891
113 1.11569989104 1.02201615994
114 1.10924142172 1.0186577734
115 1.1028500819 1.01531849662
116 1.09652473349 1.0119981304
117 1.09026426532 1.00869647895
118 1.08406759234 1.00541334978
119 1.07793365479 1.00214855364
120 1.07186141751 0.99890190443
121 1.06584986915 0.99567321916
122 1.05989802151 0.992462317836
123 1.05400490884 0.989269023417
124 1.0481695872 0.986093161741
125 1.0423911338 0.982934561459
126 1.03666864645 0.979793053976
127 1.03100124292 0.976668473384
128 1.0253880604 0.973560656405
129 1.01982825493 0.970469442336
130 1.01432100093 0.967394672985
131 1.00886549061 0.964336192625
132 1.00346093354 0.961293847935
133 0.998106556131 0.958267487948
134 0.992801601222 0.955256964006
135 0.987545327592 0.952262129703
136 0.982337009551 0.949282840847
137 0.97717593652 0.946318955403
138 0.972061412629 0.943370333456
139 0.966992756328 0.940436837165
140 0.961969300009 0.937518330718
141 0.956990389644 0.934614680291
142 0.952055384428 0.931725754011
143 0.947163656442 0.928851421911
144 0.942314590318 0.925991555896
145 0.937507582919 0.923146029703
146 0.932742043031 0.920314718864
147 0.928017391059 0.917497500674
148 0.923333058735 0.914694254153
149 0.918688488837 0.911904860012
150 0.914083134916 0.909129200622
151 0.909516461024 0.906367159981
152 0.904987941462 0.903618623681
153 0.900497060529 0.900883478881
154 0.896043312274 0.898161614273
155 0.891626200268 0.895452920056
156 0.887245237368 0.892757287907
157 0.882899945501 0.89007461095
158 0.878589855444 0.887404783735
159 0.874314506617 0.884747702206
160 0.870073446879 0.882103263678
161 0.865866232331 0.87947136681
162 0.861692427124 0.876851911585
163 0.85755160327 0.874244799277
164 0.853443340466 0.871649932439
165 0.849367225914 0.869067214868
166 0.845322854151 0.866496551594
167 0.841309826882 0.86393784885
168 0.837327752819 0.861391014053
169 0.833376247524 0.858855955784
170 0.829454933253 0.856332583768
171 0.825563438812 0.853820808851
172 0.821701399408 0.851320542984
173 0.817868456509 0.848831699201
174 0.814064257707 0.846354191604
175 0.810288456587 0.843887935339
176 0.806540712592 0.841432846583
177 0.8028206909 0.838988842526
178 0.7991280623 0.836555841351
179 0.795462503071 0.834133762221
180 0.791823694866 0.831722525258
181 0.7882113246 0.829322051531
182 0.784625084334 0.826932263041
183 0.781064671171 0.8245530827
184 0.777529787151 0.822184434323
185 0.774020139146 0.819826242606
186 0.770535438759 0.817478433118
187 0.767075402231 0.815140932285
188 0.763639750343 0.812813667372
189 0.760228208321 0.810496566477
190 0.756840505751 0.80818955851
191 0.753476376486 0.805892573186
192 0.750135558563 0.80360554101
193 0.746817794116 0.801328393261
194 0.743522829299 0.799061061989
195 0.7402504142 0.796803479991
196 0.737000302769 0.79455558081
197 0.733772252737 0.792317298717
198 0.730566025545 0.790088568701
199 0.72738138627 0.787869326461
200 0.724218103555 0.785659508391
201 0.721075949539 0.783459051571
202 0.71795469979 0.781267893757
203 0.71485413324 0.779085973372
204 0.71177403212 0.776913229491
205 0.708714181894 0.774749601839
206 0.705674371205 0.772595030773
207 0.702654391808 0.770449457279
208 0.699654038514 0.76831282296
209 0.696673109134 0.766185070025
210 0.693711404421 0.764066141286
211 0.690768728015 0.761955980141
212 0.687844886392 0.759854530573
213 0.68493968881 0.757761737137
214 0.68205294726 0.755677544954
215 0.67918447641 0.753601899701
216 0.676334093565 0.751534747605
217 0.673501618612 0.749476035432
218 0.670686873977 0.747425710485
219 0.667889684577 0.745383720588
220 0.66510987778 0.743350014088
221 0.662347283354 0.741449341893
222 0.65960173343 0.739562510039
223 0.656873062458 0.737683336255
224 0.654161107166 0.735811773672
225 0.651465706522 0.733947775878
226 0.648786701691 0.732091296913
227 0.646123935999 0.730242291257
228 0.643477254896 0.72840071383
229 0.640846505918 0.726566519983
230 0.638231538651 0.724739665494
231 0.635632204696 0.72292010656
232 0.633048357635 0.721107799792
233 0.630479852997 0.71930270221
234 0.627926548225 0.71750477124
235 0.625388302641 0.715713964702
236 0.62286497742 0.713930240811
237 0.620356435551 0.712153558169
238 0.617862541816 0.71038387576
239 0.615383162752 0.708621152947
240 0.612918166625 0.706865349464
241 0.610467423401 0.705116425411
242 0.60803080472 0.703374341255
243 0.605608183865 0.701639057817
244 0.603199435737 0.699910536273
245 0.600804436828 0.698188738149
246 0.598423065196 0.696473625315
247 0.596055200438 0.694765159978
248 0.593700723667 0.693063304686
249 0.591359517486 0.691368022315
250 0.589031465964 0.689679276069
251 0.586716454615 0.687997029474
252 0.584414370372 0.686321246378
253 0.582125101565 0.684651890942
254 0.579848537901 0.682988927638
255 0.57758457044 0.681332321247
256 0.575333091574 0.679682036853
257 0.573093995008 0.678038039838
258 0.570867175736 0.676400295883
259 0.568652530025 0.674768770959
260 0.566449955393 0.673143431327
261 0.564259350588 0.671524243534
262 0.562080615574 0.669911174409
263 0.559913651506 0.668304191059
264 0.557758360718 0.666703260865
265 0.5556146467 0.665108351482
266 0.553482414084 0.663519430833
267 0.551361568623 0.661936467106
268 0.549252017179 0.660398117582
269 0.5471536677 0.658967375741
270 0.545066429211 0.657542012461
271 0.542990211792 0.656121999406
272 0.540924926563 0.654707308466
273 0.538870485672 0.653297911761
274 0.536826802277 0.651893781633
275 0.534793790532 0.650494890649
276 0.532771365571 0.649101211595
277 0.530759443495 0.647712717473
278 0.528757941358 0.6463293815
279 0.526766777152 0.644951177107
280 0.524785869794 0.643578077933
281 0.522815139112 0.642210057824
282 0.520854505832 0.640847090832
283 0.518903891568 0.639489151212
284 0.516963218804 0.63813621342
285 0.515032410884 0.636788252108
286 0.513111392 0.635445242126
287 0.511200087183 0.634107158517
288 0.509298422282 0.632773976516
289 0.507406323964 0.631445671548
290 0.505523719693 0.630122219225
291 0.503650537723 0.628803595344
292 0.501786707089 0.627489775887
293 0.49993215759 0.626180737015
294 0.498086819785 0.624876455071
295 0.496250624976 0.623576906574
296 0.494423505205 0.622282068218
297 0.492605393235 0.620991916874
298 0.49079622255 0.619814693098
299 0.488995927335 0.618659204489
300 0.487204442475 0.6175079496
301 0.485421703541 0.616360907383
302 0.483647646779 0.615218056947
303 0.481882209107 0.61407937756
304 0.480125328099 0.612944848639
305 0.478376941981 0.611814449759
306 0.47663698962 0.610688160641
307 0.474905410516 0.609565961161
308 0.473182144794 0.608447831337
309 0.471467133194 0.607333751337
310 0.469760317065 0.606223701474
311 0.468061638355 0.605117662202
312 0.466371039604 0.604015614119
313 0.464688463936 0.60291753796
314 0.463013855053 0.601823414603
315 0.461347157224 0.60073322506
316 0.459688315279 0.599646950482
317 0.458037274605 0.598564572151
318 0.456393981132 0.597486071486
319 0.454758381333 0.596411430035
320 0.453130422212 0.595340629478
321 0.451510051299 0.594273651623
322 0.449897216644 0.593210478408
323 0.448291866808 0.592151091894
324 0.44669395086 0.591095474272
325 0.445103418367 0.590043607853
326 0.44352021939 0.588995475073
327 0.441944304475 0.587951058489
328 0.44037562465 0.586910340778
329 0.438814131418 0.585873304737
330 0.43725977675 0.584839933281
331 0.43571251308 0.583810209441
332 0.434172293298 0.582784116365
333 0.432639070747 0.581761637313
334 0.431112799214 0.580742755663
335 0.429593432927 0.5797274549
336 0.428080926548 0.578715718625
337 0.426575235168 0.577707530546
338 0.425076314303 0.576702874481
339 0.423584119888 0.575701734357
340 0.422098608269 0.574704094208
341 0.420619736203 0.573709938172
342 0.41914746085 0.572719250494
343 0.417681739768 0.571732015523
344 0.416222530911 0.57074821771
345 0.414769792618 0.569767841608
346 0.413323483615 0.568790871872
347 0.411883563009 0.567817293256
348 0.410449990279 0.566847090616
349 0.409022725276 0.565880248902
350 0.407601728218 0.564916753164
351 0.406186959684 0.563956588549
352 0.404778380611 0.562999740297
353 0.403375952289 0.562046193746
354 0.401979636356 0.561095934324
355 0.400589394798 0.560148947556
356 0.399205189939 0.559205219056
357 0.397826984441 0.558264734529
358 0.396454741299 0.557367255975
359 0.395088423838 0.556528820221
360 0.393727995707 0.555693257386
361 0.392373420876 0.554860554871
362 0.391024663635 0.554030700159
363 0.389681688586 0.553203680812
364 0.388344460642 0.55237948447
365 0.387012945024 0.55155809885
366 0.385687107255 0.550739511749
367 0.384366913158 0.549923711035
368 0.383052328853 0.549110684657
369 0.381743320753 0.548300420636
370 0.380439855561 0.547492907067
371 0.379141900266 0.54668813212
372 0.37784942214 0.545886084037
373 0.376562388735 0.545086751132
374 0.375280767881 0.544290121792
375 0.37400452768 0.543496184474
376 0.372733636507 0.542704927705
377 0.371468063003 0.541916340084
378 0.370207776073 0.541130410275
379 0.368952744887 0.540347127016
380 0.367702938869 0.539566479107
381 0.366458327703 0.538788455421
382 0.365218881325 0.538013044893
383 0.363984569921 0.537240236528
384 0.362755363924 0.536470019395
385 0.361531234014 0.535702382627
386 0.36031215111 0.534937315424
387 0.359098086374 0.534174807048
388 0.357889011203 0.533414846825
389 0.356684897228 0.532657424144
390 0.355485716313 0.531902528456
391 0.354291440551 0.531150149275
392 0.353102042261 0.530400276175
393 0.351917493989 0.529652898791
394 0.350737768501 0.528908006819
395 0.349562838781 0.528165590014
396 0.348392678034 0.527425638191
397 0.347227259677 0.526688141224
398 0.346066557342 0.525953089043
399 0.344910544869 0.52522047164
400 0.343759196308 0.524490279059
401 0.342612485915 0.523762501406
402 0.341470388149 0.523037128841
403 0.340332877671 0.522314151579
404 0.339199929342 0.521593559892
405 0.33807151822 0.520875344107
406 0.336947619558 0.520159494606
407 0.335828208802 0.519446001824
408 0.334713261593 0.518734856249
409 0.333602753757 0.518026048425
410 0.332496661309 0.517319568946
411 0.33139496045 0.51661540846
412 0.330297627565 0.515913557668
413 0.329204639218 0.51521400732
414 0.328115972157 0.514516748219
415 0.327031603305 0.513821771218
416 0.325951509762 0.513129067221
417 0.324875668802 0.512438627181
418 0.323804057873 0.511750442103
419 0.322736654592 0.511064503037
420 0.321673436746 0.510380801086
421 0.320614382291 0.509699327399
422 0.319559469345 0.509020073174
423 0.318508676194 0.508343029657
424 0.317461981285 0.507668188139
425 0.316419363224 0.507066904912
426 0.31538080078 0.506505280472
427 0.314346272875 0.505945581262
428 0.313315758592 0.50538779959
429 0.312289237165 0.504831927803
430 0.311266687982 0.504277958289
431 0.310248090582 0.503725883478
432 0.309233424656 0.503175695841
433 0.308222670041 0.502627387889
434 0.307215806722 0.502080952174
435 0.306212814831 0.501536381284
436 0.305213674642 0.500993667852
437 0.304218366573 0.500452804547
438 0.303226871183 0.499913784076
439 0.302239169172 0.499376599187
440 0.301255241376 0.498841242664
441 0.300275068773 0.498307707332
442 0.299298632472 0.497775986049
443 0.298325913721 0.497246071716
444 0.297356893898 0.496717957267
445 0.296391554514 0.496191635674
446 0.295429877214 0.495667099946
447 0.294471843768 0.495144343128
448 0.293517436077 0.494623358302
449 0.29256663617 0.494104138584
450 0.291619426199 0.493586677126
451 0.290675788444 0.493070967116
452 0.289735705306 0.492557001778
453 0.288799159311 0.492044774367
454 0.287866133104 0.491534278176
455 0.286936609451 0.491025506532
456 0.286010571237 0.490518452793
457 0.285088001467 0.490013110354
458 0.284168883259 0.489509472642
459 0.28325319985 0.489007533118
460 0.282340934589 0.488507285274
461 0.281432070942 0.488008722638
462 0.280526592485 0.487511838767
463 0.279624482906 0.487016627254
464 0.278725726004 0.486523081721
465 0.277830305687 0.486031195822
466 0.276938205972 0.485540963246
467 0.276049410984 0.485052377709
468 0.275163904953 0.48456543296
469 0.274281672215 0.484080122781
470 0.273402697213 0.48359644098
471 0.27252696449 0.483114381401
472 0.271654458695 0.482633937915
473 0.270785164576 0.482155104422
474 0.269919066984 0.481677874856
475 0.269056150869 0.481202243176
476 0.26819640128 0.480728203374
477 0.267339803366 0.48025574947
478 0.26648634237 0.479784875512
479 0.265636003634 0.479315575579
480 0.264788772596 0.478847843777
481 0.263944634787 0.478381674241
482 0.263103575833 0.477917061135
483 0.262265581452 0.47745399865
484 0.261430637456 0.476992481004
485 0.260598729748 0.476532502445
486 0.25976984432 0.476074057248
487 0.258943967256 0.475617139714
488 0.258121084728 0.475161744172
489 0.257301182997 0.474707864978
490 0.256484248411 0.474255496514
491 0.255670267404 0.473834935129
492 0.254859226499 0.473440760711
493 0.254051112301 0.473047845475
494 0.253245911501 0.472656184958
495 0.252443610874 0.472265774718
496 0.251644197278 0.471876610332
497 0.250847657653 0.471488687399
498 0.250053979021 0.471102001535
499 0.249263148486 0.470716548379
500 0.24847515323 0.470332323585
501 0.247689980517 0.469949322832
502 0.246907617688 0.469567541814
503 0.246128052164 0.469186976246
504 0.245351271443 0.468807621863
505 0.2445772631 0.468429474416
506 0.243806014786 0.468052529679
507 0.243037514228 0.467676783441
508 0.242271749229 0.467302231511
509 0.241508707663 0.466928869718
510 0.240748377483 0.466556693907
511 0.239990746712 0.466185699942
512 0.239235803445 0.465815883707
513 0.23848353585 0.465447241101
514 0.237733932169 0.465079768043
515 0.23698698071 0.46471346047
516 0.236242669854 0.464348314336
517 0.235500988052 0.463984325611
518 0.234761923824 0.463621490287
519 0.234025465756 0.463259804368
520 0.233291602505 0.462899263879
521 0.232560322795 0.462539864861
522 0.231831615414 0.462181603373
523 0.231105469221 0.461824475489
524 0.230381873137 0.461468477301
525 0.229660816149 0.461113604919
526 0.228942287311 0.460759854468
527 0.228226275738 0.460407222089
528 0.22751277061 0.460055703942
529 0.226801761172 0.459705296202
530 0.226093236728 0.459355995059
531 0.225387186648 0.459007796721
532 0.224683600362 0.458660697412
533 0.223982467359 0.458314693371
534 0.223283777193 0.457969780854
535 0.222587519476 0.457625956131
536 0.221893683878 0.457283215491
537 0.221202260132 0.456941555235
538 0.220513238027 0.456600971681
539 0.219826607412 0.456261461164
540 0.219142358192 0.455923020032
541 0.218460480332 0.455585644649
542 0.217780963852 0.455249331394
543 0.21710379883 0.454914076663
544 0.216428975398 0.454579876864
545 0.215756483746 0.454246728423
546 0.215086314119 0.453914627777
547 0.214418456815 0.453583571382
548 0.213752902187 0.453253555705
549 0.213089640644 0.45292457723
550 0.212428662647 0.452596632455
551 0.21176995871 0.452269717892
552 0.211113519399 0.451943830066
553 0.210459335335 0.45161896552
554 0.209807397189 0.451295120807
555 0.209157695683 0.450972292497
556 0.208510221593 0.450650477173
557 0.207864965742 0.450329671431
558 0.207221919006 0.450009871883
559 0.206581072311 0.449691075152
560 0.205942416631 0.449373277877
561 0.205305942991 0.44905647671
562 0.204671642464 0.448740668316
563 0.204039506172 0.448425849375
564 0.203409525285 0.448112016578
565 0.20278169102 0.44779916663
566 0.202155994643 0.447487296252
567 0.201532427466 0.447176402175
568 0.200910980848 0.446866481143
569 0.200291646196 0.446557529916
570 0.199674414959 0.446249545264
571 0.199059278637 0.445942523971
572 0.198446228772 0.445636462835
573 0.197835256951 0.445331358664
574 0.197226354808 0.445027208282
575 0.196619514019 0.444724008522
576 0.196014726306 0.444421756233
577 0.195411983433 0.444120448274
578 0.19481127721 0.443820081518
579 0.194212599487 0.44352065285
580 0.193615942159 0.443222159166
581 0.193021297164 0.442924597376
582 0.19242865648 0.4426279644
583 0.191838012128 0.442332257174
584 0.191249356172 0.442037472641
585 0.190662680714 0.441743607759
586 0.190077977901 0.441450659499
587 0.189495239919 0.44115862484
588 0.188914458993 0.440867500776
589 0.18833562739 0.440577284311
590 0.187758737417 0.440287972462
591 0.187183781419 0.439999562257
592 0.186610751782 0.439712050734
593 0.18603964093 0.439425434946
594 0.185470441326 0.439139711954
595 0.184903145472 0.438854878831
596 0.184337745908 0.438570932664
597 0.183774235211 0.438287870547
598 0.183212605997 0.438005689588
599 0.18265285092 0.437724386907
600 0.182094962668 0.437443959631
601 0.18153893397 0.437164404902
602 0.180984757589 0.436885719871
603 0.180432426326 0.436607901701
604 0.179881933015 0.436330947564
605 0.179333270531 0.436054854645
606 0.178786431781 0.435779620139
607 0.178241409707 0.43550524125
608 0.17769819729 0.435231715195
609 0.177156787542 0.4349590392
610 0.176617173511 0.434687210503
611 0.176079348281 0.43441622635
612 0.175543304968 0.434146084
613 0.175009036723 0.433876780722
614 0.174476536731 0.433608313793
615 0.17394579821 0.433340680502
616 0.173416814412 0.433073878149
617 0.172889578622 0.432807904043
618 0.172364084157 0.432542755502
619 0.171840324369 0.432278429857
620 0.171318292638 0.432014924447
621 0.170797982381 0.43175223662
622 0.170279387045 0.431490363737
623 0.169762500108 0.431229303166
624 0.169247315082 0.430969052285
625 0.168733825507 0.430709608485
626 0.168222024957 0.430450969162
627 0.167711907036 0.430193131726
628 0.167203465378 0.429936093592
629 0.16669669365 0.42967985219
630 0.166191585547 0.429424404955
631 0.165688134794 0.429169749333
632 0.165186335148 0.42891588278
633 0.164686180395 0.428662802762
634 0.16418766435 0.428410506752
635 0.163690780858 0.428158992234
636 0.163195523792 0.4279082567
637 0.162701887056 0.427658297654
638 0.162209864582 0.427409112606
639 0.161719450329 0.427160699076
640 0.161230638288 0.426913054594
641 0.160743422475 0.426666176698
642 0.160257796936 0.426420062937
643 0.159773755744 0.426174710865
644 0.159291293 0.425930118049
645 0.158810402832 0.425686282063
646 0.158331079398 0.425443200489
647 0.15785331688 0.42520087092
648 0.157377109489 0.424959290956
649 0.156902451462 0.424718458206
650 0.156429337063 0.424478370288
651 0.155957760582 0.424239024828
652 0.155487716337 0.424000419462
653 0.155019198671 0.423762551833
654 0.154552201953 0.423525419593
655 0.154086720578 0.423289020403
656 0.153622748967 0.423053351931
657 0.153160281566 0.422818411856
658 0.152699312849 0.422584197863
659 0.152239837311 0.422350707645
660 0.151781849475 0.422117938905
661 0.151325343888 0.421885889354
662 0.150870315123 0.42165455671
663 0.150416757777 0.421423938699
664 0.149964666469 0.421194033058
665 0.149514035847 0.420964837529
666 0.149064860579 0.420736349863
667 0.14861713536 0.420508567819
668 0.148170854908 0.420281489164
669 0.147726013964 0.420055111673
670 0.147282607293 0.419829433129
671 0.146840629684 0.419604451323
672 0.146400075949 0.419380164053
673 0.145960940923 0.419156569126
674 0.145523219465 0.418933664356
675 0.145086906455 0.418711447564
676 0.144651996798 0.41848991658
677 0.144218485421 0.418269069241
678 0.143786367272 0.418048903393
679 0.143355637323 0.417829416887
680 0.142926290568 0.417610607583
681 0.142498322024 0.417392473349
682 0.142071726727 0.41717501206
683 0.141646499738 0.416958221598
684 0.141222636138 0.416742099853
685 0.140800131031 0.416526644722
686 0.140378979541 0.41631185411
687 0.139959176814 0.416097725928
688 0.139540718017 0.415884258096
689 0.139123598339 0.41567144854
690 0.138707812989 0.415459295194
691 0.138293357197 0.415247795998
692 0.137880226215 0.415036948901
693 0.137468415313 0.414826751858
694 0.137057919784 0.41461720283
695 0.136648734941 0.414408299788
696 0.136240856115 0.414200040708
697 0.135834278661 0.413992423572
698 0.13542899795 0.413785446372
699 0.135025009376 0.413579107104
700 0.134622308351 0.413373403773
701 0.134220890308 0.41316833439
702 0.133820750699 0.412963896972
703 0.133421884994 0.412760089546
704 0.133024288686 0.412556910141
705 0.132627957283 0.412354356797
706 0.132232886316 0.412152427559
707 0.131839071332 0.411951120478
708 0.131446507899 0.411750433613
709 0.131055191602 0.41155036503
710 0.130665118046 0.411350912799
711 0.130276282855 0.411152075
712 0.129888681671 0.410953849717
713 0.129502310153 0.410756235042
714 0.129117163981 0.410559229073
715 0.12873323885 0.410362829915
716 0.128350530477 0.410167035678
717 0.127969034593 0.40997184448
718 0.12758874695 0.409777254444
719 0.127209663317 0.409583263702
720 0.126831779479 0.409389870389
721 0.12645509124 0.409197072649
722 0.126079594423 0.409004868631
723 0.125705284865 0.40881325649
724 0.125332158423 0.408622234388
725 0.124960210971 0.408431800493
726 0.124589438399 0.408241952979
727 0.124219836615 0.408052690027
728 0.123851401543 0.407864009823
729 0.123484129124 0.40767591056
730 0.123118015318 0.407488390437
731 0.122753056098 0.407301447658
732 0.122389247457 0.407115080434
733 0.122026585402 0.406929286982
734 0.121665065957 0.406744065525
735 0.121304685164 0.406559414292
736 0.12094543908 0.406375331518
737 0.120587323776 0.406191815444
738 0.120230335344 0.406008864315
739 0.119874469887 0.405826476386
740 0.119519723527 0.405644649913
741 0.119166092401 0.405463383162
742 0.118813572661 0.405282674402
743 0.118462160476 0.405102521909
744 0.11811185203 0.404922923965
745 0.117762643521 0.404743878858
746 0.117414531164 0.404565384879
747 0.11706751119 0.404387440328
748 0.116721579843 0.40421004351
749 0.116376733385 0.404033192734
750 0.11603296809 0.403856886316
751 0.11569028025 0.403681122577
752 0.115348666169 0.403505899845
753 0.115008122167 0.403331216451
754 0.114668644581 0.403157070734
755 0.114330229759 0.402983461036
756 0.113992874067 0.402810385708
757 0.113656573882 0.402637843103
758 0.113321325599 0.402465831581
759 0.112987125624 0.402294349508
760 0.112653970381 0.402123395255
761 0.112321856305 0.401952967196
762 0.111990779847 0.401783063715
763 0.111660737472 0.401613683197
764 0.111331725659 0.401444824036
765 0.111003740899 0.401276484627
766 0.1106767797 0.401108663375
767 0.110350838581 0.400941358686
768 0.110025914078 0.400774568974
769 0.109702002737 0.400608292658
770 0.10937910112 0.400442528162
771 0.109057205802 0.400277273913
772 0.108736313371 0.400112528346
773 0.10841642043 0.399948289901
774 0.108097523593 0.39978455702
775 0.107779619488 0.399621328154
776 0.107462704758 0.399458601758
777 0.107146776057 0.399296376289
778 0.106831830053 0.399134650214
779 0.106517863426 0.398973422001
780 0.106204872872 0.398812690125
781 0.105892855095 0.398652453065
782 0.105581806817 0.398492709307
783 0.105271724768 0.398333457338
784 0.104962605695 0.398174695655
785 0.104654446354 0.398016422755
786 0.104347243516 0.397858637143
787 0.104040993964 0.397701337328
788 0.103735694492 0.397544521824
789 0.103431341909 0.39738818915
790 0.103127933033 0.397232337828
791 0.102825464698 0.397076966388
792 0.102523933747 0.396922073362
793 0.102223337037 0.396767657288
794 0.101923671436 0.396613716709
795 0.101624933825 0.396460250172
796 0.101327121097 0.396307256228
797 0.101030230157 0.396154733436
798 0.100734257919 0.396002680355
799 0.100439201313 0.395851095552
800 0.100145057279 0.395699977598
801 0.0998518227671 0.395549325067
802 0.0995594947417 0.39539913654
803 0.0992680701774 0.395249410601
804 0.0989775460602 0.39510014584
805 0.0986879193881 0.394951340848
806 0.0983991871702 0.394802994226
807 0.0981113464271 0.394655104574
808 0.0978243941905 0.394507670501
809 0.0975383275036 0.394360690618
810 0.0972531434207 0.394214163541
811 0.0969688390072 0.39406808789
812 0.0966854113396 0.393930244382
813 0.0964028575055 0.393815714814
814 0.0961211746035 0.393701540112
815 0.0958403597431 0.393587719189
816 0.0955604100446 0.393474250963
817 0.0952813226393 0.393361134354
818 0.0950030946691 0.393248368286
819 0.0947257232868 0.393135951688
820 0.0944492056559 0.39302388349
821 0.0941735389504 0.392912162626
822 0.0938987203549 0.392800788035
823 0.0936247470647 0.392689758658
824 0.0933516162853 0.392579073438
825 0.093079325233 0.392468731325
826 0.0928078711341 0.392358731268
827 0.0925372512257 0.392249072223
828 0.0922674627547 0.392139753147
829 0.0919985029786 0.392030773002
830 0.091730369165 0.391922130752
831 0.0914630585917 0.391813825364
832 0.0911965685465 0.391705855809
833 0.0909308963273 0.391598221062
834 0.0906660392421 0.391490920099
835 0.0904019946087 0.391383951902
836 0.0901387597551 0.391277315454
837 0.089876332019 0.391171009742
838 0.0896147087478 0.391065033757
839 0.0893538872991 0.390959386491
840 0.0890938650398 0.390854066942
841 0.0888346393467 0.390749074108
842 0.0885762076064 0.390644406994
843 0.0883185672149 0.390540064604
844 0.0880617155779 0.390458473612
845 0.0878056501106 0.390400579271
846 0.0875503682375 0.390342890515
847 0.087295867393 0.39028540668
848 0.0870421450204 0.390228127104
849 0.0867891985727 0.390171051125
850 0.086537025512 0.390114178086
851 0.0862856233099 0.390057507329
852 0.0860349894471 0.390001038202
853 0.0857851214136 0.389944770052
854 0.0855360167082 0.38988870223
855 0.0852876728394 0.389832834086
856 0.0850400873243 0.389777164976
857 0.0847932576892 0.389721694256
858 0.0845471814695 0.389666421284
859 0.0843018562094 0.389611345421
860 0.084057279462 0.389556466029
861 0.0838134487895 0.389501782473
862 0.0835703617626 0.389447294118
863 0.0833280159612 0.389393000335
864 0.0830864089735 0.389338900492
865 0.0828455383969 0.389284993964
866 0.0826054018371 0.389231280123
867 0.0823659969086 0.389177758348
868 0.0821273212347 0.389124428017
869 0.0818893724469 0.38907128851
870 0.0816521481854 0.389018339209
871 0.0814156460991 0.3889655795
872 0.081179863845 0.388913008768
873 0.0809447990888 0.388860626403
874 0.0807104495045 0.388808431794
875 0.0804768127745 0.388756424334
876 0.0802438865893 0.388704603417
877 0.0800116686479 0.38865296844
878 0.0797801566576 0.3886015188
879 0.0795493483337 0.388550253897
880 0.0793192413998 0.388499173134
881 0.0790898335876 0.388448275913
882 0.078861122637 0.388397561642
883 0.0786331062958 0.388347029728
884 0.07840578232 0.38829667958
885 0.0781791484735 0.388246510609
886 0.0779532025281 0.388196522229
887 0.0777279422639 0.388146713855
888 0.0775033654683 0.388097084904
889 0.0772794699372 0.388047634795
890 0.0770562534739 0.387998362949
891 0.0768337138897 0.387949268787
892 0.0766118490035 0.387900351735
893 0.0763906566421 0.387851611218
894 0.07617013464 0.387803046665
895 0.0759502808392 0.387754657506
896 0.0757310930897 0.387706443171
897 0.0755125692486 0.387658403096
898 0.0752947071809 0.387610536714
899 0.0750775047592 0.387562843462
900 0.0748609598634 0.387515322781
901 0.074645070381 0.38746797411
902 0.0744298342069 0.387420796891
903 0.0742152492434 0.38737379057
904 0.0740013134004 0.387326954591
905 0.0737880245949 0.387280288402
906 0.0735753807512 0.387233791453
907 0.0733633798011 0.387187463195
908 0.0731520196837 0.387141303081
909 0.072941298345 0.387095310565
910 0.0727312137386 0.387049485104
911 0.0725217638249 0.387003826156
912 0.0723129465718 0.386958333181
913 0.0721047599541 0.38691300564
914 0.0718972019538 0.386867842996
915 0.0716902705598 0.386822844714
916 0.0714839637683 0.386778010262
917 0.0712782795822 0.386733339106
918 0.0710732160115 0.386688830718
919 0.0708687710733 0.386644484568
920 0.0706649427913 0.38660030013
921 0.0704617291964 0.38655627688
922 0.0702591283261 0.386512414293
923 0.070057138225 0.386468711848
924 0.0698557569442 0.386425169024
925 0.0696549825419 0.386381785305
926 0.0694548130827 0.386338560171
927 0.0692552466383 0.38629549311
928 0.0690562812867 0.386252583606
929 0.0688579151129 0.386209831148
930 0.0686601462084 0.386167235226
931 0.0684629726713 0.386124795331
932 0.0682663926063 0.386082510956
933 0.0680704041247 0.386040381595
934 0.0678750053442 0.385998406745
935 0.0676801943893 0.385956585904
936 0.0674859693907 0.385914918569
937 0.0672923284856 0.385873404244
938 0.0670992698178 0.385832042429
939 0.0669067915373 0.385790832629
940 0.0667148918006 0.38574977435
941 0.0665235687705 0.385708867098
942 0.0663328206162 0.385668110382
943 0.0661426455131 0.385627503713
944 0.065953041643 0.385587046602
945 0.0657640071939 0.385546738563
946 0.0655755403599 0.38550657911
947 0.0653876393415 0.38546656776
948 0.0652003023453 0.385426704031
949 0.065013527584 0.385386987441
950 0.0648273132766 0.385347417513
951 0.064641657648 0.385307993768
952 0.0644565589293 0.385268715731
953 0.0642720153576 0.385229582926
954 0.0640880251761 0.385190594881
955 0.063904586634 0.385151751124
956 0.0637216979865 0.385113051185
957 0.0635393574946 0.385074494596
958 0.0633575634255 0.385036080889
959 0.0631763140521 0.384997809598
960 0.0629956076534 0.38495968026
961 0.062815442514 0.384921692411
962 0.0626358169246 0.384883845591
963 0.0624567291816 0.384846139339
964 0.0622781775872 0.384808573197
965 0.0621001604495 0.384771146708
966 0.0619226760822 0.384733859416
967 0.0617457228048 0.384696710868
968 0.0615692989426 0.384659700611
969 0.0613934028264 0.384622828193
970 0.0612180327928 0.384586093165
971 0.0610431871841 0.384549495078
972 0.0608688643481 0.384513033485
973 0.0606950626382 0.384476707941
974 0.0605217804135 0.384440518002
975 0.0603490160386 0.384404463223
976 0.0601767678837 0.384368543165
977 0.0600050343242 0.384332757388
978 0.0598338137415 0.384297105451
979 0.0596631045221 0.384261586919
980 0.0594929050582 0.384226201355
981 0.0593232137471 0.384190948324
982 0.0591540289919 0.384155827394
983 0.0589853492009 0.384120838133
984 0.0588171727877 0.38408598011
985 0.0586494981714 0.384051252896
986 0.0584823237763 0.384016656064
987 0.0583156480322 0.383982189186
988 0.058149469374 0.383969621334
989 0.0579837862419 0.38396959734
990 0.0578185970814 0.383969617287
991 0.0576539003432 0.383969680967
992 0.0574896944833 0.383969788174
993 0.0573259779628 0.383969938704
994 0.0571627492479 0.383970132351
995 0.0570000068101 0.383970368911
996 0.0568377491259 0.383970648181
997 0.0566759746771 0.383970969958
998 0.0565146819504 0.383971334041
999 0.0563538694377 0.383971740229
1000 0.0561935356358 0.383972188321
1001 0.0560336790467 0.383972678118
1002 0.0558742981773 0.383973209421
1003 0.0557153915396 0.383973782032
1004 0.0555569576505 0.383974395754
1005 0.0553989950319 0.383975050389
1006 0.0552415022106 0.383975745742
1007 0.0550844777184 0.383976481617
1008 0.0549279200919 0.383977257821
1009 0.0547718278726 0.383978074159
1010 0.054616199607 0.383978930438
1011 0.0544610338464 0.383979826466
1012 0.0543063291467 0.383980762051
1013 0.054152084069 0.383981737002
1014 0.0539982971788 0.383982751129
1015 0.0538449670468 0.383983804242
1016 0.053692092248 0.383984896152
1017 0.0535396713626 0.383986026671
1018 0.0533877029751 0.383987195612
1019 0.053236185675 0.383988402787
1020 0.0530851180565 0.383989648011
1021 0.0529344987181 0.383990931098
1022 0.0527843262635 0.383992251864
1023 0.0526345993006 0.383993610123
1024 0.0524853164421 0.383995005694
1025 0.0523364763053 0.383996438392
1026 0.0521880775121 0.383997908036
1027 0.0520401186889 0.383999414444
1028 0.0518925984667 0.384000957436
1029 0.051745515481 0.384002536832
1030 0.0515988683719 0.384004152452
1031 0.0514526557839 0.384005804117
1032 0.0513068763661 0.38400749165
1033 0.051161528772 0.384009214872
1034 0.0510166116594 0.384010973607
1035 0.0508721236909 0.38401276768
1036 0.0507280635332 0.384014596913
1037 0.0505844298575 0.384016461133
1038 0.0504412213394 0.384018360166
1039 0.050298436659 0.384020293837
1040 0.0501560745005 0.384022261974
1041 0.0500141335527 0.384024264404
1042 0.0498726125085 0.384026300956
1043 0.0497315100652 0.384028371459
1044 0.0495908249244 0.384030475743
1045 0.049450555792 0.384032613637
1046 0.0493107013782 0.384034784972
1047 0.0491712603972 0.384036989581
1048 0.0490322315678 0.384039227294
1049 0.0488936136128 0.384041497946
1050 0.0487554052591 0.384043801369
1051 0.0486176052381 0.384046137397
1052 0.048480212285 0.384048505864
1053 0.0483432251395 0.384050906607
1054 0.0482066425451 0.38405333946
1055 0.0480704632497 0.384055804261
1056 0.0479346860053 0.384058300846
1057 0.0477993095677 0.384060829053
1058 0.0476643326971 0.384063388719
1059 0.0475297541577 0.384065979685
1060 0.0473955727176 0.384068601789
1061 0.0472617871491 0.384071254871
1062 0.0471283962284 0.384073938773
1063 0.0469953987359 0.384076653334
1064 0.0468627934557 0.384079398398
1065 0.046730579176 0.384082173806
1066 0.0465987546892 0.384084979401
1067 0.0464673187913 0.384087815028
1068 0.0463362702824 0.384090680529
1069 0.0462056079665 0.38409357575
1070 0.0460753306516 0.384096500536
1071 0.0459454371494 0.384099454734
1072 0.0458159262756 0.384102438188
1073 0.0456867968499 0.384105450748
1074 0.0455580476954 0.384108492259
1075 0.0454296776397 0.384111562571
1076 0.0453016855135 0.384114661531
1077 0.045174070152 0.38411778899
1078 0.0450468303937 0.384120944797
1079 0.044919965081 0.384124128803
1080 0.0447934730603 0.384127340858
1081 0.0446673531815 0.384130580815
1082 0.0445416042983 0.384133848524
1083 0.0444162252681 0.38413714384
1084 0.0442912149522 0.384140466614
1085 0.0441665722154 0.384143816702
1086 0.0440422959263 0.384147193956
1087 0.0439183849572 0.384150598233
1088 0.0437948381838 0.384154029387
1089 0.0436716544859 0.384157487274
1090 0.0435488327466 0.384160971751
1091 0.0434263718527 0.384164482675
1092 0.0433042706946 0.384168019904
1093 0.0431825281664 0.384171583294
1094 0.0430611431657 0.384175172706
1095 0.0429401145938 0.384178787998
1096 0.0428194413553 0.384182429031
1097 0.0426991223586 0.384186095663
1098 0.0425791565155 0.384189787756
1099 0.0424595427414 0.384193505171
1100 0.0423402799552 0.384197247771
1101 0.0422213670792 0.384201015416
1102 0.0421028030393 0.384204807971
1103 0.041984586765 0.384208625298
1104 0.0418667171889 0.384212467262
1105 0.0417491932473 0.384216333726
1106 0.04163201388 0.384220224556
1107 0.0415151780301 0.384224139616
1108 0.041398684644 0.384228078774
1109 0.0412825326718 0.384232041895
1110 0.0411667210668 0.384236028846
1111 0.0410512487856 0.384240039495
1112 0.0409361147884 0.38424407371
1113 0.0408213180387 0.384248131358
1114 0.040706857503 0.38425221231
1115 0.0405927321517 0.384256316434
1116 0.0404789409581 0.3842604436
1117 0.040365482899 0.384264593679
1118 0.0402523569543 0.384268766541
1119 0.0401395621074 0.384272962059
1120 0.040027097345 0.384277180104
1121 0.0399149616568 0.384281420548
1122 0.0398031540361 0.384285683264
1123 0.039691673479 0.384289968125
1124 0.0395805189853 0.384294275006
1125 0.0394696895576 0.384298603781
1126 0.0393591842021 0.384302954324
1127 0.0392490019279 0.384307326511
1128 0.0391391417475 0.384311720217
1129 0.0390296026762 0.384316135319
1130 0.038920383733 0.384320571693
1131 0.0388114839396 0.384325029217
1132 0.0387029023211 0.384329507767
1133 0.0385946379056 0.384334007224
1134 0.0384866897244 0.384338527464
1135 0.0383790568119 0.384343068366
1136 0.0382717382054 0.384347629811
1137 0.0381647329457 0.384352211679
1138 0.0380580400762 0.384356813849
1139 0.0379516586437 0.384361436202
1140 0.037845587698 0.384366078621
1141 0.0377398262919 0.384370740986
1142 0.0376343734811 0.38437542318
1143 0.0375292283245 0.384380125086
1144 0.0374243898841 0.384384846586
1145 0.0373198572246 0.384389587565
1146 0.037215629414 0.384394347906
1147 0.037111705523 0.384399127494
1148 0.0370080846255 0.384403926213
1149 0.0369047657983 0.38440874395
1150 0.0368017481211 0.38441358059
1151 0.0366990306766 0.384418436019
1152 0.0365966125504 0.384423310124
1153 0.0364944928309 0.384428202792
1154 0.0363926706097 0.384433113911
1155 0.036291144981 0.384438043368
1156 0.0361899150422 0.384442991052
1157 0.0360889798933 0.384447956852
1158 0.0359883386372 0.384452940658
1159 0.0358879903799 0.384457942358
1160 0.03578793423 0.384462961843
1161 0.0356881692991 0.384467999004
1162 0.0355886947016 0.384473053732
1163 0.0354895095545 0.384478125917
1164 0.035390612978 0.384483215453
1165 0.0352920040949 0.384488322231
1166 0.0351936820307 0.384493446143
1167 0.0350956459138 0.384498587084
1168 0.0349978948755 0.384503744946
1169 0.0349004280496 0.384508919623
1170 0.0348032445729 0.38451411101
1171 0.0347063435847 0.384519319002
1172 0.0346097242272 0.384524543493
1173 0.0345133856454 0.38452978438
1174 0.0344173269869 0.384535041557
1175 0.0343215474019 0.384540314923
1176 0.0342260460436 0.384545604372
1177 0.0341308220676 0.384552874542
1178 0.0340358746324 0.384566466409
1179 0.033941202899 0.38458004878
1180 0.0338468060312 0.38459362163
1181 0.0337526831953 0.384607184936
1182 0.0336588335605 0.384620738674
1183 0.0335652562984 0.384634282819
1184 0.0334719505832 0.384647817348
1185 0.0333789155921 0.384661342237
1186 0.0332861505044 0.384674857464
1187 0.0331936545023 0.384688363004
1188 0.0331014267706 0.384701858834
1189 0.0330094664966 0.384715344933
1190 0.0329177728701 0.384728821276
1191 0.0328263450837 0.384742287842
1192 0.0327351823324 0.384755744608
1193 0.0326442838137 0.384769191552
1194 0.0325536487278 0.384782628651
1195 0.0324632762773 0.384796055884
1196 0.0323731656673 0.384809473228
1197 0.0322833161056 0.384822880662
1198 0.0321937268023 0.384836278165
1199 0.0321043969702 0.384849665715
1200 0.0320153258244 0.384863043291
1201 0.0319265125826 0.384876410872
1202 0.0318379564649 0.384889768436
1203 0.0317496566939 0.384903115963
1204 0.0316616124947 0.384916453433
1205 0.0315738230949 0.384929780825
1206 0.0314862877242 0.384943098118
1207 0.0313990056152 0.384956405293
1208 0.0313119760026 0.384969702329
1209 0.0312251981236 0.384982989206
1210 0.031138671218 0.384996265905
1211 0.0310523945276 0.385009532406
1212 0.030966367297 0.38502278869
1213 0.030880588773 0.385036034737
1214 0.0307950582046 0.385049270527
1215 0.0307097748436 0.385062496043
1216 0.0306247379437 0.385075711264
1217 0.0305399467613 0.385088916173
1218 0.0304554005549 0.38510211075
1219 0.0303710985855 0.385115294977
1220 0.0302870401164 0.385128468836
1221 0.0302032244132 0.385141632309
1222 0.0301196507437 0.385154785377
1223 0.0300363183783 0.385167928022
1224 0.0299532265893 0.385181060227
1225 0.0298703746517 0.385194181974
1226 0.0297877618424 0.385207293245
1227 0.0297053874408 0.385220394023
1228 0.0296232507287 0.385233484291
1229 0.0295413509898 0.385246564032
1230 0.0294596875102 0.385259633228
1231 0.0293782595785 0.385272691863
1232 0.0292970664852 0.385285739919
1233 0.0292161075231 0.385298777382
1234 0.0291353819873 0.385311804232
1235 0.0290548891752 0.385324820456
1236 0.0289746283861 0.385337826036
1237 0.0288945989219 0.385350820956
1238 0.0288148000864 0.3853638052
1239 0.0287352311856 0.385376778752
1240 0.0286558915279 0.385389741597
1241 0.0285767804237 0.38540269372
1242 0.0284978971855 0.385415635103
1243 0.0284192411281 0.385428565734
1244 0.0283408115684 0.385441485595
1245 0.0282626078254 0.385454394672
1246 0.0281846292204 0.385467292951
1247 0.0281068750766 0.385480180416
1248 0.0280293447195 0.385493057052
1249 0.0279520374765 0.385505922845
1250 0.0278749526774 0.385518777781
1251 0.027798089654 0.385531621845
1252 0.0277214477399 0.385544455023
1253 0.0276450262713 0.385557277301
1254 0.027568824586 0.385570088664
1255 0.0274928420242 0.3855828891
1256 0.0274170779281 0.385595678594
1257 0.0273415316418 0.385608457133
1258 0.0272662025116 0.385621224703
1259 0.0271910898858 0.385633981291
1260 0.0271161931148 0.385646726883
1261 0.027041511551 0.385659461467
1262 0.0269670445487 0.385672185029
1263 0.0268927914644 0.385684897557
1264 0.0268187516565 0.385697599037
1265 0.0267449244855 0.385710289458
1266 0.0266713093139 0.385722968806
1267 0.026597905506 0.385735637069
1268 0.0265247124283 0.385748294235
1269 0.0264517294491 0.385760940291
1270 0.026378955939 0.385773575226
1271 0.0263063912701 0.385786199027
1272 0.0262340348169 0.385798811682
1273 0.0261618859555 0.385811413181
1274 0.0260899440642 0.38582400351
1275 0.0260182085232 0.385836582659
1276 0.0259466787144 0.385849150616
1277 0.025875354022 0.38586170737
1278 0.0258042338318 0.38587425291
1279 0.0257333175317 0.385886787223
1280 0.0256626045114 0.385899310301
1281 0.0255920941627 0.385911822131
1282 0.025521785879 0.385924322703
1283 0.0254516790559 0.385936812006
1284 0.0253817730905 0.385949290029
1285 0.0253120673823 0.385961756763
1286 0.0252425613322 0.385974212196
1287 0.0251732543432 0.385986656319
1288 0.02510414582 0.385999089121
1289 0.0250352351695 0.386011510592
1290 0.0249665218 0.386023920723
1291 0.0248980051219 0.386036319504
1292 0.0248296845475 0.386048706924
1293 0.0247615594906 0.386061082974
1294 0.0246936293673 0.386073447645
1295 0.024625893595 0.386085800928
1296 0.0245583515934 0.386098142812
1297 0.0244910027837 0.386110473289
1298 0.0244238465889 0.386122792349
1299 0.0243568824339 0.386135099984
1300 0.0242901097455 0.386147396185
1301 0.024223527952 0.386159680943
1302 0.0241571364836 0.386171954249
1303 0.0240909347724 0.386184216094
1304 0.024024922252 0.38619646647
1305 0.0239590983581 0.386208705369
1306 0.0238934625279 0.386220932782
1307 0.0238280142004 0.386233148702
1308 0.0237627528164 0.386245353119
1309 0.0236976778183 0.386257546026
1310 0.0236327886505 0.386269727414
1311 0.0235680847587 0.386281897277
1312 0.0235035655908 0.386294055606
1313 0.0234392305962 0.386306202394
1314 0.0233750792258 0.386318337633
1315 0.0233111109325 0.386330461316
1316 0.0232473251708 0.386342573435
1317 0.0231837213969 0.386354673983
1318 0.0231202990687 0.386366762953
1319 0.0230570576457 0.386378840337
1320 0.0229939965892 0.38639090613
1321 0.0229311153621 0.386402960323
1322 0.0228684134288 0.38641500291
1323 0.0228058902558 0.386427033884
1324 0.0227435453107 0.386439053239
1325 0.0226813780633 0.386451060968
1326 0.0226193879846 0.386463057065
1327 0.0225575745474 0.386475041523
1328 0.0224959372263 0.386487014336
1329 0.0224344754972 0.386498975498
1330 0.0223731888379 0.386510925002
1331 0.0223120767277 0.386522862843
1332 0.0222511386475 0.386534789015
1333 0.0221903740799 0.386546703512
1334 0.0221297825089 0.386558606328
1335 0.0220693634203 0.386570497457
1336 0.0220091163014 0.386582376895
1337 0.0219490406411 0.386594244635
1338 0.02188913593 0.386606100671
1339 0.02182940166 0.386617945
1340 0.0217698373248 0.386629777615
1341 0.0217104424195 0.386641598511
1342 0.0216512164411 0.386653407683
1343 0.0215921588877 0.386665205127
1344 0.0215332692592 0.386676990837
1345 0.0214745470571 0.386688764808
1346 0.0214159917842 0.386700527036
1347 0.0213576029451 0.386712277517
1348 0.0212993800458 0.386724016244
1349 0.0212413225938 0.386735743215
1350 0.0211834300982 0.386747458425
1351 0.0211257020696 0.386759161868
1352 0.02106813802 0.386770853542
1353 0.021010737463 0.386782533441
1354 0.0209534999138 0.386794201562
1355 0.0208964248889 0.386805857901
1356 0.0208395119064 0.386817502454
1357 0.0207827604859 0.386829135216
1358 0.0207261701484 0.386840756185
1359 0.0206697404165 0.386852365356
1360 0.0206134708141 0.386863962726
1361 0.0205573608667 0.386875548291
1362 0.0205014101013 0.386887122048
1363 0.0204456180463 0.386898683994
1364 0.0203899842314 0.386910234124
1365 0.0203345081881 0.386921772436
1366 0.0202791894489 0.386933298927
1367 0.0202240275481 0.386944813593
1368 0.0201690220214 0.386956316432
1369 0.0201141724057 0.386967807441
1370 0.0200594782395 0.386979286616
1371 0.0200049390626 0.386990753955
1372 0.0199505544165 0.387002209456
1373 0.0198963238439 0.387013653114
1374 0.0198422468887 0.387025084929
1375 0.0197883230967 0.387036504898
1376 0.0197345520146 0.387047913017
1377 0.0196809331909 0.387059309285
1378 0.0196274661751 0.387070693699
1379 0.0195741505185 0.387082066258
1380 0.0195209857736 0.387093426958
1381 0.019467971494 0.387104775799
1382 0.0194151072352 0.387116112777
1383 0.0193623925536 0.387127437891
1384 0.0193098270072 0.38713875114
1385 0.0192574101554 0.387150052521
1386 0.0192051415587 0.387161342032
1387 0.0191530207793 0.387172619672
1388 0.0191010473805 0.38718388544
1389 0.0190492209269 0.387195139333
1390 0.0189975409847 0.387206381351
1391 0.0189460071212 0.387217611492
1392 0.0188946189051 0.387228829754
1393 0.0188433759065 0.387240036137
1394 0.0187922776966 0.387251230639
1395 0.0187413238482 0.387262413259
1396 0.0186905139352 0.387273583996
1397 0.018639847533 0.387284742849
1398 0.018589324218 0.387295889817
1399 0.0185389435682 0.3873070249
