#diff_E diff_E1_nin diff_E2_nin
-2.0 -2.0 2134.02253865
-2.0 -1.92 1819.52306307
-2.0 -1.84 1551.52460765
-2.0 -1.76 1323.15176313
-2.0 -1.68 1128.54570185
-2.0 -1.6 962.713871474
-2.0 -1.52 821.401912789
-2.0 -1.44 700.984515546
-2.0 -1.3599999999999999 598.372412365
-2.0 -1.28 510.933124633
-2.0 -1.2 436.423427154
-2.0 -1.12 372.931798976
-2.0 -1.04 318.829383969
-2.0 -0.96 272.728203073
-2.0 -0.8799999999999999 233.445546167
-2.0 -0.8 199.973630048
-2.0 -0.72 171.453744088
-2.0 -0.6399999999999999 147.154220312
-2.0 -0.56 126.451662699
-2.0 -0.48 108.814954174
-2.0 -0.3999999999999999 93.7916309769
-2.0 -0.32000000000000006 80.9962748598
-2.0 -0.24 70.1006253122
-2.0 -0.15999999999999992 60.8251581501
-2.0 -0.08000000000000007 52.9319144174
-2.0 0.0 46.2183956303
-2.0 0.08000000000000007 40.5123687471
-2.0 0.16000000000000014 35.6674475884
-2.0 0.2400000000000002 31.5593373494
-2.0 0.31999999999999984 28.0826458588
-2.0 0.3999999999999999 25.1481797786
-2.0 0.48 22.6806563794
-2.0 0.56 20.6167721875
-2.0 0.6400000000000001 18.9035789557
-2.0 0.7200000000000002 17.4971252943
-2.0 0.8000000000000003 16.3613291127
-2.0 0.8799999999999999 15.4670519461
-2.0 0.96 14.7913514181
-2.0 1.04 14.3168926612
-2.0 1.12 14.0315035974
-2.0 1.2000000000000002 13.9278626673
-2.0 1.2800000000000002 14.0033109981
-2.0 1.3599999999999999 14.259784191
-2.0 1.44 14.7038619787
-2.0 1.52 15.3469370257
-2.0 1.6 16.2055072037
-2.0 1.6800000000000002 17.3015988387
-2.0 1.7600000000000002 18.6633317888
-2.0 1.8399999999999999 20.3256408499
-2.0 1.92 22.3311719957
-1.92 -2.0 1818.60465275
-1.92 -1.92 1550.59228512
-1.92 -1.84 1322.20748466
-1.92 -1.76 1127.59111699
-1.92 -1.68 961.750365371
-1.92 -1.6 820.430641714
-1.92 -1.52 700.006436562
-1.92 -1.44 597.388307882
-1.92 -1.3599999999999999 509.943622477
-1.92 -1.28 435.429016678
-1.92 -1.2 371.93284361
-1.92 -1.12 317.826130546
-1.92 -1.04 271.72078816
-1.92 -0.96 232.433999571
-1.92 -0.8799999999999999 198.957875577
-1.92 -0.8 170.4335976
-1.92 -0.72 146.129384988
-1.92 -0.6399999999999999 125.421721431
-1.92 -0.56 107.779358862
-1.92 -0.48 92.7496884681
-1.92 -0.3999999999999999 79.9471291665
-1.92 -0.32000000000000006 69.0432356516
-1.92 -0.24 59.7582722429
-1.92 -0.15999999999999992 51.8540363615
-1.92 -0.08000000000000007 45.1277475237
-1.92 0.0 39.4068450765
-1.92 0.08000000000000007 34.544561213
-1.92 0.16000000000000014 30.416155694
-1.92 0.2400000000000002 26.9157156799
-1.92 0.31999999999999984 23.9534385723
-1.92 0.3999999999999999 21.4533281594
-1.92 0.48 19.3512449585
-1.92 0.56 17.5932607401
-1.92 0.6400000000000001 16.1342750168
-1.92 0.7200000000000002 14.936858006
-1.92 0.8000000000000003 13.9702903813
-1.92 0.8799999999999999 13.2097751792
-1.92 0.96 12.6358016406
-1.92 1.04 12.2336446697
-1.92 1.12 11.9929870661
-1.92 1.2000000000000002 11.9076548408
-1.92 1.2800000000000002 11.9754588245
-1.92 1.3599999999999999 12.1981385055
-1.92 1.44 12.5814066552
-1.92 1.52 13.1350958877
-1.92 1.6 13.8734109119
-1.92 1.6800000000000002 14.8152929488
-1.92 1.7600000000000002 15.9849056617
-1.92 1.8399999999999999 17.412255067
-1.92 1.92 19.1339593284
-1.84 -2.0 1549.82326497
-1.84 -1.92 1321.42459713
-1.84 -1.84 1126.7963263
-1.84 -1.76 960.945330367
-1.84 -1.68 819.616758428
-1.84 -1.6 699.184874028
-1.84 -1.52 596.560038125
-1.84 -1.44 509.109445451
-1.84 -1.3599999999999999 434.589580787
-1.84 -1.28 371.088662346
-1.84 -1.2 316.977595658
-1.84 -1.12 270.868179706
-1.84 -1.04 231.577493104
-1.84 -0.96 198.097546648
-1.84 -0.8799999999999999 169.569423695
-1.84 -0.8 145.261244953
-1.84 -0.72 124.549392361
-1.84 -0.6399999999999999 106.902510383
-1.84 -0.56 91.8678742648
-1.84 -0.48 79.0597755276
-1.84 -0.3999999999999999 68.1496267538
-1.84 -0.32000000000000006 58.8575317867
-1.84 -0.24 50.9451050895
-1.84 -0.15999999999999992 44.2093560459
-1.84 -0.08000000000000007 38.4774813047
-1.84 0.0 33.6024315683
-1.84 0.08000000000000007 29.4591390936
-1.84 0.16000000000000014 25.9413091209
-1.84 0.2400000000000002 22.9586929186
-1.84 0.31999999999999984 20.4347724823
-1.84 0.3999999999999999 18.3047974912
-1.84 0.48 16.5141241614
-1.84 0.56 15.0168133775
-1.84 0.6400000000000001 13.7744521404
-1.84 0.7200000000000002 12.755168095
-1.84 0.8000000000000003 11.9328118559
-1.84 0.8799999999999999 11.2862861532
-1.84 0.96 10.79900459
-1.84 1.04 10.4584661234
-1.84 1.12 10.2559343548
-1.84 1.2000000000000002 10.1862134007
-1.84 1.2800000000000002 10.2475145937
-1.84 1.3599999999999999 10.4414105949
-1.84 1.44 10.7728757405
-1.84 1.52 11.2504136559
-1.84 1.6 11.886275414
-1.84 1.6800000000000002 12.6967738321
-1.84 1.7600000000000002 13.7027019713
-1.84 1.8399999999999999 14.9298665762
-1.84 1.92 16.4097501373
-1.76 -2.0 1320.7828802
-1.76 -1.92 1126.14078002
-1.76 -1.84 960.277925754
-1.76 -1.76 818.939162273
-1.76 -1.68 698.498491663
-1.76 -1.6 595.866049474
-1.76 -1.52 508.408835302
-1.76 -1.44 433.883164055
-1.76 -1.3599999999999999 370.37710498
-1.76 -1.28 316.261431726
-1.76 -1.2 270.147825096
-1.76 -1.12 230.853256195
-1.76 -1.04 197.369636217
-1.76 -0.96 168.837954279
-1.76 -0.8799999999999999 144.526239783
-1.76 -0.8 123.810783959
-1.76 -0.72 106.160138834
-1.76 -0.6399999999999999 91.1214831071
-1.76 -0.56 78.309005181
-1.76 -0.48 67.3940052909
-1.76 -0.3999999999999999 58.096462826
-1.76 -0.32000000000000006 50.177852496
-1.76 -0.24 43.4350250456
-1.76 -0.15999999999999992 37.6949955294
-1.76 -0.08000000000000007 32.8105054419
-1.76 0.0 28.6562448509
-1.76 0.08000000000000007 25.1256376136
-1.76 0.16000000000000014 22.1281072018
-1.76 0.2400000000000002 19.5867529921
-1.76 0.31999999999999984 17.4363774065
-1.76 0.3999999999999999 15.6218132905
-1.76 0.48 14.0965086187
-1.76 0.56 12.8213322185
-1.76 0.6400000000000001 11.7635698729
-1.76 0.7200000000000002 10.8960850486
-1.76 0.8000000000000003 10.1966227175
-1.76 0.8799999999999999 9.64723841122
-1.76 0.96 9.23383786228
-1.76 1.04 8.94581542013
-1.76 1.12 8.77578196698
-1.76 1.2000000000000002 8.7193753524
-1.76 1.2800000000000002 8.77514848388
-1.76 1.3599999999999999 8.94453220213
-1.76 1.44 9.23187198886
-1.76 1.52 9.64453944857
-1.76 1.6 10.1931214246
-1.76 1.6800000000000002 10.8916916011
-1.76 1.7600000000000002 11.7581715583
-1.76 1.8399999999999999 12.8147905449
-1.76 1.92 14.0886557617
-1.68 -2.0 1125.60754525
-1.68 -1.92 959.730893853
-1.68 -1.84 818.380310075
-1.68 -1.76 697.929492754
-1.68 -1.68 595.288317129
-1.68 -1.6 507.823558742
-1.68 -1.52 433.291338959
-1.68 -1.44 369.779559025
-1.68 -1.3599999999999999 315.658845823
-1.68 -1.28 269.540750858
-1.68 -1.2 230.242130087
-1.68 -1.12 196.754790756
-1.68 -1.04 168.219626563
-1.68 -0.96 143.904577573
-1.68 -0.8799999999999999 123.185849472
-1.68 -0.8 105.531910337
-1.68 -0.72 90.4898543607
-1.68 -0.6399999999999999 77.6737827135
-1.68 -0.56 66.7549034348
-1.68 -0.48 57.4530963895
-1.68 -0.3999999999999999 49.5297268811
-1.68 -0.32000000000000006 42.7815235589
-1.68 -0.24 37.0353635615
-1.68 -0.15999999999999992 32.143831108
-1.68 -0.08000000000000007 27.9814355966
-1.68 0.0 24.441392186
-1.68 0.08000000000000007 21.4328822662
-1.68 0.16000000000000014 18.8787235381
-1.68 0.2400000000000002 16.7133899282
-1.68 0.31999999999999984 14.881330539
-1.68 0.3999999999999999 13.3355445099
-1.68 0.48 12.0363752259
-1.68 0.56 10.9504929407
-1.68 0.6400000000000001 10.0500397137
-1.68 0.7200000000000002 9.31191472341
-1.68 0.8000000000000003 8.71718162426
-1.68 0.8799999999999999 8.25058274083
-1.68 0.96 7.90014763741
-1.68 1.04 7.65688602059
-1.68 1.12 7.51455709631
-1.68 1.2000000000000002 7.46950946442
-1.68 1.2800000000000002 7.52058744323
-1.68 1.3599999999999999 7.66910142093
-1.68 1.44 7.91886147311
-1.68 1.52 8.27627510898
-1.68 1.6 8.75051165384
-1.68 1.6800000000000002 9.35373748498
-1.68 1.7600000000000002 10.101428156
-1.68 1.8399999999999999 11.0127654167
-1.68 1.92 12.1111293148
-1.6 -2.0 959.290103269
-1.6 -1.92 817.925749588
-1.6 -1.84 697.463144187
-1.6 -1.76 594.811859886
-1.6 -1.68 507.338412893
-1.6 -1.6 432.79870167
-1.6 -1.52 369.280435272
-1.6 -1.44 315.154074173
-1.6 -1.3599999999999999 269.031024984
-1.6 -1.28 229.728016563
-1.6 -1.2 196.236743593
-1.6 -1.12 167.697998855
-1.6 -1.04 143.379630556
-1.6 -0.96 122.657759228
-1.6 -0.8799999999999999 105.000772307
-1.6 -0.8 89.9556857976
-1.6 -0.72 77.1365231224
-1.6 -0.6399999999999999 66.2144130216
-1.6 -0.56 56.9091524745
-1.6 -0.48 48.982018186
-1.6 -0.3999999999999999 42.2296422214
-1.6 -0.32000000000000006 36.4787946714
-1.6 -0.24 31.5819394978
-1.6 -0.15999999999999992 27.4134495461
-1.6 -0.08000000000000007 23.8663836241
-1.6 0.0 20.8497429617
-1.6 0.08000000000000007 18.2861366686
-1.6 0.16000000000000014 16.1097962969
-1.6 0.2400000000000002 14.2648885745
-1.6 0.31999999999999984 12.7040830212
-1.6 0.3999999999999999 11.3873377012
-1.6 0.48 10.2808719611
-1.6 0.56 9.35629979855
-1.6 0.6400000000000001 8.5899016291
-1.6 0.7200000000000002 7.96201576833
-1.6 0.8000000000000003 7.45653401801
-1.6 0.8799999999999999 7.0604884157
-1.6 0.96 6.76371854616
-1.6 1.04 6.55861087929
-1.6 1.12 6.43990344764
-1.6 1.2000000000000002 6.40455085243
-1.6 1.2800000000000002 6.45164613484
-1.6 1.3599999999999999 6.58239750833
-1.6 1.44 6.80015935493
-1.6 1.52 7.11051828076
-1.6 1.6 7.52143643853
-1.6 1.6800000000000002 8.04345579384
-1.6 1.7600000000000002 8.68996857576
-1.6 1.8399999999999999 9.47756084985
-1.6 1.92 10.4264380281
-1.52 -2.0 817.56373684
-1.52 -1.92 697.087384469
-1.52 -1.84 594.424339314
-1.52 -1.76 506.940815863
-1.52 -1.68 432.392454069
-1.52 -1.6 368.866741061
-1.52 -1.52 314.733946271
-1.52 -1.44 268.605311258
-1.52 -1.3599999999999999 229.297421576
-1.52 -1.28 195.80184668
-1.52 -1.2 167.259268989
-1.52 -1.12 142.937438375
-1.52 -1.04 122.212386546
-1.52 -0.96 104.552419344
-1.52 -0.8799999999999999 89.504476315
-1.52 -0.8 76.6825075984
-1.52 -0.72 65.7575699465
-1.52 -0.6399999999999999 56.4493877988
-1.52 -0.56 48.5191629074
-1.52 -0.48 41.7634480494
-1.52 -0.3999999999999999 36.0089276573
-1.52 -0.32000000000000006 31.1079714672
-1.52 -0.24 26.9348471146
-1.52 -0.15999999999999992 23.3824945133
-1.52 -0.08000000000000007 20.3597792652
-1.52 0.0 17.7891546385
-1.52 0.08000000000000007 15.6046721325
-1.52 0.16000000000000014 13.7502895913
-1.52 0.2400000000000002 12.1784334615
-1.52 0.31999999999999984 10.8487783084
-1.52 0.3999999999999999 9.72721228133
-1.52 0.48 8.78496198519
-1.52 0.56 7.99785430905
-1.52 0.6400000000000001 7.34569627311
-1.52 0.7200000000000002 6.81175698474
-1.52 0.8000000000000003 6.38233841305
-1.52 0.8799999999999999 6.04642397061
-1.52 0.96 5.79539588661
-1.52 1.04 5.62281412093
-1.52 1.12 5.52425114704
-1.52 1.2000000000000002 5.49717836538
-1.52 1.2800000000000002 5.54090123293
-1.52 1.3599999999999999 5.65654144499
-1.52 1.44 5.84706571188
-1.52 1.52 6.11736186888
-1.52 1.6 6.47436427199
-1.52 1.6800000000000002 6.92723169646
-1.52 1.7600000000000002 7.48758230207
-1.52 1.8399999999999999 8.16979169307
-1.52 1.92 8.99136171941
-1.44 -2.0 696.792504225
-1.44 -1.92 594.115731328
-1.44 -1.84 506.620469956
-1.44 -1.76 432.06205893
-1.44 -1.68 368.527727568
-1.44 -1.6 314.387524204
-1.44 -1.52 268.252500331
-1.44 -1.44 228.939077597
-1.44 -1.3599999999999999 195.438683513
-1.44 -1.28 166.891876858
-1.44 -1.2 142.566299015
-1.44 -1.12 121.837885557
-1.44 -1.04 104.174856085
-1.44 -0.96 89.1240715827
-1.44 -0.8799999999999999 76.2994092931
-1.44 -0.8 65.3718568657
-1.44 -0.72 56.0610716586
-1.44 -0.6399999999999999 48.1281886435
-1.44 -0.56 41.3696924041
-1.44 -0.48 35.6121960176
-1.44 -0.3999999999999999 30.7079928721
-1.44 -0.32000000000000006 26.5312673033
-1.44 -0.24 22.9748668371
-1.44 -0.15999999999999992 19.9475532289
-1.44 -0.08000000000000007 17.3716617775
-1.44 0.0 15.1811088636
-1.44 0.08000000000000007 13.3196965971
-1.44 0.16000000000000014 11.7396710792
-1.44 0.2400000000000002 10.4004972925
-1.44 0.31999999999999984 9.26781918901
-1.44 0.3999999999999999 8.31257829703
-1.44 0.48 7.51026823632
-1.44 0.56 6.84030601511
-1.44 0.6400000000000001 6.28550398041
-1.44 0.7200000000000002 5.83162887468
-1.44 0.8000000000000003 5.46703668643
-1.44 0.8799999999999999 5.18237392704
-1.44 0.96 4.97033767022
-1.44 1.04 4.82548819789
-1.44 1.12 4.74410944611
-1.44 1.2000000000000002 4.72411367066
-1.44 1.2800000000000002 4.76498788672
-1.44 1.3599999999999999 4.86778070842
-1.44 1.44 5.03512925063
-1.44 1.52 5.27132678331
-1.44 1.6 5.58243287383
-1.44 1.6800000000000002 5.97642884317
-1.44 1.7600000000000002 6.46342252392
-1.44 1.8399999999999999 7.05590757339
-1.44 1.92 7.76908399404
-1.3599999999999999 -2.0 593.878060517
-1.3599999999999999 -1.92 506.369087419
-1.3599999999999999 -1.84 431.798957701
-1.3599999999999999 -1.76 368.25460004
-1.3599999999999999 -1.68 314.105805549
-1.3599999999999999 -1.6 267.963405318
-1.3599999999999999 -1.52 228.64363176
-1.3599999999999999 -1.44 195.137749455
-1.3599999999999999 -1.3599999999999999 166.586176384
-1.3599999999999999 -1.28 142.25643165
-1.3599999999999999 -1.2 121.524343925
-1.3599999999999999 -1.12 103.858038548
-1.3599999999999999 -1.04 88.8042924618
-1.3599999999999999 -0.96 75.9769069294
-1.3599999999999999 -0.8799999999999999 65.0467997369
-1.3599999999999999 -0.8 55.7335627009
-1.3599999999999999 -0.72 47.7982678922
-1.3599999999999999 -0.6399999999999999 41.0373380208
-1.3599999999999999 -0.56 35.2773237299
-1.3599999999999999 -0.48 30.3704538114
-1.3599999999999999 -0.3999999999999999 26.1908441862
-1.3599999999999999 -0.32000000000000006 22.6312683905
-1.3599999999999999 -0.24 19.6004067178
-1.3599999999999999 -0.15999999999999992 17.0205034424
-1.3599999999999999 -0.08000000000000007 14.825372023
-1.3599999999999999 0.0 12.9586971096
-1.3599999999999999 0.08000000000000007 11.372589792
-1.3599999999999999 0.16000000000000014 10.0263590263
-1.3599999999999999 0.2400000000000002 8.88546771992
-1.3599999999999999 0.31999999999999984 7.92064669445
-1.3599999999999999 0.3999999999999999 7.10714379451
-1.3599999999999999 0.48 6.42408887984
-1.3599999999999999 0.56 5.85395840886
-1.3599999999999999 0.6400000000000001 5.38212587821
-1.3599999999999999 0.7200000000000002 4.99648658477
-1.3599999999999999 0.8000000000000003 4.68714708358
-1.3599999999999999 0.8799999999999999 4.44617137494
-1.3599999999999999 0.96 4.26737730898
-1.3599999999999999 1.04 4.14617798474
-1.3599999999999999 1.12 4.07946407477
-1.3599999999999999 1.2000000000000002 4.06552405639
-1.3599999999999999 1.2800000000000002 4.10400030317
-1.3599999999999999 1.3599999999999999 4.19587991014
-1.3599999999999999 1.44 4.34352001738
-1.3599999999999999 1.52 4.55070828162
-1.3599999999999999 1.6 4.82276004734
-1.3599999999999999 1.6800000000000002 5.16665471008
-1.3599999999999999 1.7600000000000002 5.59121477047
-1.3599999999999999 1.8399999999999999 6.10733217249
-1.3599999999999999 1.92 6.72824773259
-1.28 -2.0 506.180170659
-1.28 -1.92 431.596342431
-1.28 -1.84 368.040282094
-1.28 -1.76 313.881480532
-1.28 -1.68 267.730512107
-1.28 -1.6 228.403389419
-1.28 -1.52 194.891188506
-1.28 -1.44 166.33416525
-1.28 -1.3599999999999999 141.99969893
-1.28 -1.28 121.263497088
-1.28 -1.2 103.593579516
-1.28 -1.12 88.536630487
-1.28 -1.04 75.7063690946
-1.28 -0.96 64.7736393451
-1.28 -0.8799999999999999 55.4579657744
-1.28 -0.8 47.5203579448
-1.28 -0.72 40.7571792265
-1.28 -0.6399999999999999 34.9949225694
-1.28 -0.56 30.0857592381
-1.28 -0.48 25.9037463169
-1.28 -0.3999999999999999 22.3415956863
-1.28 -0.32000000000000006 19.3079215831
-1.28 -0.24 16.7248961297
-1.28 -0.15999999999999992 14.5262526866
-1.28 -0.08000000000000007 12.6555858038
-1.28 0.0 11.0649041586
-1.28 0.08000000000000007 9.71339935419
-1.28 0.16000000000000014 8.56639899443
-1.28 0.2400000000000002 7.59447717511
-1.28 0.31999999999999984 6.77269957245
-1.28 0.3999999999999999 6.07998376151
-1.28 0.48 5.49855835369
-1.28 0.56 5.01350707787
-1.28 0.6400000000000001 4.61238610851
-1.28 0.7200000000000002 4.28490482354
-1.28 0.8000000000000003 4.02266180194
-1.28 0.8799999999999999 3.81892928818
-1.28 0.96 3.66848059388
-1.28 1.04 3.56745600896
-1.28 1.12 3.51326378205
-1.28 1.2000000000000002 3.50451362998
-1.28 1.2800000000000002 3.54098107059
-1.28 1.3599999999999999 3.62360166366
-1.28 1.44 3.75449501241
-1.28 1.52 3.93701914119
-1.28 1.6 4.17585664447
-1.28 1.6800000000000002 4.47713481717
-1.28 1.7600000000000002 4.84858284837
-1.28 1.8399999999999999 5.29973011101
-1.28 1.92 5.84215063468
-1.2 -2.0 431.448975108
-1.2 -1.92 367.879227016
-1.2 -1.84 313.708735994
-1.2 -1.76 267.547776514
-1.2 -1.68 228.21210486
-1.2 -1.6 194.692577749
-1.2 -1.52 166.129263112
-1.2 -1.44 141.789378825
-1.2 -1.3599999999999999 121.048493432
-1.2 -1.28 103.374506573
-1.2 -1.2 88.313998123
-1.2 -1.12 75.48059586
-1.2 -1.04 64.5450632127
-1.2 -0.96 55.2268528094
-1.2 -0.8799999999999999 47.2869091309
-1.2 -0.8 40.5215356221
-1.2 -0.72 34.757168926
-1.2 -0.6399999999999999 29.8459261753
-1.2 -0.56 25.6618111071
-1.2 -0.48 22.0974816722
-1.2 -0.3999999999999999 19.0614962109
-1.2 -0.32000000000000006 16.4759675486
-1.2 -0.24 14.2745648266
-1.2 -0.15999999999999992 12.4008118067
-1.2 -0.08000000000000007 10.8066379924
-1.2 0.0 9.45114539642
-1.2 0.08000000000000007 8.29955931722
-1.2 0.16000000000000014 7.32233620551
-1.2 0.2400000000000002 6.49440573466
-1.2 0.31999999999999984 5.79452762997
-1.2 0.3999999999999999 5.20474675665
-1.2 0.48 4.70993248695
-1.2 0.56 4.29739052903
-1.2 0.6400000000000001 3.95653725925
-1.2 0.7200000000000002 3.67862820287
-1.2 0.8000000000000003 3.45653369756
-1.2 0.8799999999999999 3.2845559843
-1.2 0.96 3.15828303333
-1.2 1.04 3.07447535505
-1.2 1.12 3.03098289196
-1.2 1.2000000000000002 3.0266898597
-1.2 1.2800000000000002 3.061486122
-1.2 1.3599999999999999 3.13626436514
-1.2 1.44 3.25294299951
-1.2 1.52 3.4145153758
-1.2 1.6 3.62512657839
-1.2 1.6800000000000002 3.89017976606
-1.2 1.7600000000000002 4.21647478821
-1.2 1.8399999999999999 4.61238263267
-1.2 1.92 5.08806018059
-1.12 -2.0 367.767270454
-1.12 -1.92 313.583100245
-1.12 -1.84 267.41046206
-1.12 -1.76 228.064812566
-1.12 -1.68 194.536752506
-1.12 -1.6 165.966130899
-1.12 -1.52 141.619978164
-1.12 -1.44 120.87370203
-1.12 -1.3599999999999999 103.195063838
-1.12 -1.28 88.1305241366
-1.12 -1.2 75.2936072823
-1.12 -1.12 64.3549865383
-1.12 -1.04 55.034035309
-1.12 -0.96 47.0916277602
-1.12 -0.8799999999999999 40.3240041269
-1.12 -0.8 34.5575433261
-1.12 -0.72 29.6443087668
-1.12 -0.6399999999999999 25.458253087
-1.12 -0.56 21.8919844518
-1.12 -0.48 18.854011452
-1.12 -0.3999999999999999 16.2663959234
-1.12 -0.32000000000000006 14.0627534693
-1.12 -0.24 12.1865503921
-1.12 -0.15999999999999992 10.5896533397
-1.12 -0.08000000000000007 9.23109446127
-1.12 0.0 8.07602039077
-1.12 0.08000000000000007 7.09479809569
-1.12 0.16000000000000014 6.2622546517
-1.12 0.2400000000000002 5.55703143984
-1.12 0.31999999999999984 4.96103619843
-1.12 0.3999999999999999 4.4589788722
-1.12 0.48 4.03797935117
-1.12 0.56 3.68723703578
-1.12 0.6400000000000001 3.39775375122
-1.12 0.7200000000000002 3.16210290223
-1.12 0.8000000000000003 2.97423894643
-1.12 0.8799999999999999 2.8293422979
-1.12 0.96 2.72369568242
-1.12 1.04 2.65458877196
-1.12 1.12 2.62024865226
-1.12 1.2000000000000002 2.61979433921
-1.12 1.2800000000000002 2.65321417756
-1.12 1.3599999999999999 2.72136554192
-1.12 1.44 2.82599683235
-1.12 1.52 2.96979232902
-1.12 1.6 3.15644105653
-1.12 1.6800000000000002 3.39073142449
-1.12 1.7600000000000002 3.67867407262
-1.12 1.8399999999999999 4.02765607167
-1.12 1.92 4.44663043613
-1.04 -2.0 313.501324217
-1.04 -1.92 267.315013448
-1.04 -1.84 227.957693817
-1.04 -1.76 194.419666673
-1.04 -1.68 165.840525333
-1.04 -1.6 141.487081644
-1.04 -1.52 120.73455629
-1.04 -1.44 103.05055029
-1.04 -1.3599999999999999 87.9813864818
-1.04 -1.28 75.1404705935
-1.04 -1.2 64.198373294
-1.04 -1.12 54.8743787979
-1.04 -1.04 46.9292831969
-1.04 -0.96 40.159257765
-1.04 -0.8799999999999999 34.390619802
-1.04 -0.8 29.4753768623
-1.04 -0.72 25.2874300599
-1.04 -0.6399999999999999 21.7193390435
-1.04 -0.56 18.6795656514
-1.04 -0.48 16.0901255309
-1.04 -0.3999999999999999 13.8845874763
-1.04 -0.32000000000000006 12.0063691587
-1.04 -0.24 10.4072855258
-1.04 -0.15999999999999992 9.04631263083
-1.04 -0.08000000000000007 7.88853517694
-1.04 0.0 6.90425077723
-1.04 0.08000000000000007 6.06820795013
-1.04 0.16000000000000014 5.3589583012
-1.04 0.2400000000000002 4.75830627187
-1.04 0.31999999999999984 4.25084233857
-1.04 0.3999999999999999 3.82354768667
-1.04 0.48 3.46546021714
-1.04 0.56 3.16739331775
-1.04 0.6400000000000001 2.92170018352
-1.04 0.7200000000000002 2.72207764066
-1.04 0.8000000000000003 2.56340444071
-1.04 0.8799999999999999 2.44160987666
-1.04 0.96 2.35356935041
-1.04 1.04 2.29702421219
-1.04 1.12 2.2705238157
-1.04 1.2000000000000002 2.27338830228
-1.04 1.2800000000000002 2.30569115936
-1.04 1.3599999999999999 2.36826110576
-1.04 1.44 2.46270335217
-1.04 1.52 2.59144078232
-1.04 1.6 2.75777611119
-1.04 1.6800000000000002 2.96597661509
-1.04 1.7600000000000002 3.22138360714
-1.04 1.8399999999999999 3.53054946689
-1.04 1.92 3.90140573933
-0.96 -2.0 267.258962001
-0.96 -1.92 227.887974593
-0.96 -1.84 194.338283914
-0.96 -1.76 165.749184058
-0.96 -1.68 141.38723139
-0.96 -1.6 120.627428299
-0.96 -1.52 102.937189094
-0.96 -1.44 87.8626767061
-0.96 -1.3599999999999999 75.0171596444
-0.96 -1.28 64.0710905369
-0.96 -1.2 54.743651703
-0.96 -1.12 46.795550871
-0.96 -1.04 40.0228822168
-0.96 -0.96 34.2518952291
-0.96 -0.8799999999999999 29.334537199
-0.96 -0.8 25.1446549784
-0.96 -0.72 21.5747585637
-0.96 -0.6399999999999999 18.5332634763
-0.96 -0.56 15.9421411938
-0.96 -0.48 13.7349173554
-0.96 -0.3999999999999999 11.8549663839
-0.96 -0.32000000000000006 10.2540587764
-0.96 -0.24 8.89112379267
-0.96 -0.15999999999999992 7.73119579911
-0.96 -0.08000000000000007 6.74451723749
-0.96 0.0 5.90577520481
-0.96 0.08000000000000007 5.19345205944
-0.96 0.16000000000000014 4.5892733933
-0.96 0.2400000000000002 4.07773920816
-0.96 0.31999999999999984 3.64572626843
-0.96 0.3999999999999999 3.28215142906
-0.96 0.48 2.97768730118
-0.96 0.56 2.7245229611
-0.96 0.6400000000000001 2.51616356377
-0.96 0.7200000000000002 2.34726371971
-0.96 0.8000000000000003 2.21349036085
-0.96 0.8799999999999999 2.11141157716
-0.96 0.96 2.03840857214
-0.96 1.04 1.99260847854
-0.96 1.12 1.97283631052
-0.96 1.2000000000000002 1.97858481983
-0.96 1.2800000000000002 2.01000148254
-0.96 1.3599999999999999 2.06789228243
-0.96 1.44 2.1537423883
-0.96 1.52 2.26975425541
-0.96 1.6 2.41890412877
-0.96 1.6800000000000002 2.60501839767
-0.96 1.7600000000000002 2.83287176038
-0.96 1.8399999999999999 3.10830971744
-0.96 1.92 3.43839853598
-0.8799999999999999 -2.0 227.853851726
-0.8799999999999999 -1.92 194.290496403
-0.8799999999999999 -1.84 165.689737819
-0.8799999999999999 -1.76 141.317833238
-0.8799999999999999 -1.68 120.549529736
-0.8799999999999999 -1.6 102.852023549
-0.8799999999999999 -1.52 87.7712911731
-0.8799999999999999 -1.44 74.9204415474
-0.8799999999999999 -1.3599999999999999 63.9697904946
-0.8799999999999999 -1.28 54.6384027856
-0.8799999999999999 -1.2 46.6868848419
-0.8799999999999999 -1.12 39.9112431744
-0.8799999999999999 -1.04 34.1376510002
-0.8799999999999999 -0.96 29.2179887752
-0.8799999999999999 -0.8799999999999999 25.026044238
-0.8799999999999999 -0.8 21.454274477
-0.8799999999999999 -0.72 18.4110469535
-0.8799999999999999 -0.6399999999999999 15.8182887001
-0.8799999999999999 -0.56 13.6094833855
-0.8799999999999999 -0.48 11.7279648605
-0.8799999999999999 -0.3999999999999999 10.1254634072
-0.8799999999999999 -0.32000000000000006 8.76086739553
-0.8799999999999999 -0.24 7.59916857898
-0.8799999999999999 -0.15999999999999992 6.6105639694
-0.8799999999999999 -0.08000000000000007 5.7696912517
-0.8799999999999999 0.0 5.05497812223
-0.8799999999999999 0.08000000000000007 4.4480888587
-0.8799999999999999 0.16000000000000014 3.93345392341
-0.8799999999999999 0.2400000000000002 3.49787053211
-0.8799999999999999 0.31999999999999984 3.13016394099
-0.8799999999999999 0.3999999999999999 2.8209007625
-0.8799999999999999 0.48 2.56214695497
-0.8799999999999999 0.56 2.34726427743
-0.8799999999999999 0.6400000000000001 2.17073998788
-0.8799999999999999 0.7200000000000002 2.02804541569
-0.8799999999999999 0.8000000000000003 1.91551978013
-0.8799999999999999 0.8799999999999999 1.83027627429
-0.8799999999999999 0.96 1.770128005
-0.8799999999999999 1.04 1.73353188887
-0.8799999999999999 1.12 1.719549065
-0.8799999999999999 1.2000000000000002 1.72782080878
-0.8799999999999999 1.2800000000000002 1.75855932899
-0.8799999999999999 1.3599999999999999 1.81255321191
-0.8799999999999999 1.44 1.89118765225
-0.8799999999999999 1.52 1.99647998984
-0.8799999999999999 1.6 2.1311314638
-0.8799999999999999 1.6800000000000002 2.29859651189
-0.8799999999999999 1.7600000000000002 2.503171393
-0.8799999999999999 1.8399999999999999 2.75010440612
-0.8799999999999999 1.92 3.04573053373
-0.8 -2.0 194.275068688
-0.8 -1.92 165.660647
-0.8 -1.84 141.277086825
-0.8 -1.76 120.498836216
-0.8 -1.68 102.792836222
-0.8 -1.6 87.7048454312
-0.8 -1.52 74.8477865722
-0.8 -1.44 63.8918161713
-0.8 -1.3599999999999999 54.5558625335
-0.8 -1.28 46.6004149429
-0.8 -1.2 39.8213790965
-0.8 -1.12 34.044841135
-0.8 -1.04 29.1226059412
-0.8 -0.96 24.9283952451
-0.8 -0.8799999999999999 21.3546079973
-0.8 -0.8 18.3095599013
-0.8 -0.72 15.7151312836
-0.8 -0.6399999999999999 13.5047629603
-0.8 -0.56 11.6217486836
-0.8 -0.48 10.0177803626
-0.8 -0.3999999999999999 8.65170873537
-0.8 -0.32000000000000006 7.48848769891
-0.8 -0.24 6.49827521305
-0.8 -0.15999999999999992 5.65566771316
-0.8 -0.08000000000000007 4.93904839038
-0.8 0.0 4.33003261964
-0.8 0.08000000000000007 3.81299630845
-0.8 0.16000000000000014 3.37467506605
-0.8 0.2400000000000002 3.00382391001
-0.8 0.31999999999999984 2.69092878004
-0.8 0.3999999999999999 2.42796245797
-0.8 0.48 2.20817863223
-0.8 0.56 2.02593882351
-0.8 0.6400000000000001 1.87656773147
-0.8 0.7200000000000002 1.75623329156
-0.8 0.8000000000000003 1.66184836462
-0.8 0.8799999999999999 1.59099153746
-0.8 0.96 1.54184500226
-0.8 1.04 1.51314792139
-0.8 1.12 1.50416408098
-0.8 1.2000000000000002 1.51466300367
-0.8 1.2800000000000002 1.54491403575
-0.8 1.3599999999999999 1.59569325716
-0.8 1.44 1.66830339156
-0.8 1.52 1.76460722725
-0.8 1.6 1.88707540639
-0.8 1.6800000000000002 2.03884980848
-0.8 1.7600000000000002 2.22382415419
-0.8 1.8399999999999999 2.44674389747
-0.8 1.92 2.71332796851
-0.72 -2.0 165.661160627
-0.72 -1.92 141.263937335
-0.72 -1.84 120.474032671
-0.72 -1.76 102.758088703
-0.72 -1.68 87.6616089117
-0.72 -1.6 74.7972982411
-0.72 -1.52 63.8351271756
-0.72 -1.44 54.4938649441
-0.72 -1.3599999999999999 46.5338646405
-0.72 -1.28 39.7509151637
-0.72 -1.2 33.9710022514
-0.72 -1.12 29.0458442033
-0.72 -1.04 24.8490877644
-0.72 -0.96 21.2730665753
-0.72 -0.8799999999999999 18.2260390283
-0.72 -0.8 15.629834668
-0.72 -0.72 13.4178487543
-0.72 -0.6399999999999999 11.5333335407
-0.72 -0.56 9.92794243014
-0.72 -0.48 8.56048965971
-0.72 -0.3999999999999999 7.39589369353
-0.72 -0.32000000000000006 6.40427721809
-0.72 -0.24 5.56020064991
-0.72 -0.15999999999999992 4.84200949166
-0.72 -0.08000000000000007 4.23127879338
-0.72 0.0 3.71234046668
-0.72 0.08000000000000007 3.27188132526
-0.72 0.16000000000000014 2.89860153962
-0.72 0.2400000000000002 2.58292474378
-0.72 0.31999999999999984 2.3167523569
-0.72 0.3999999999999999 2.09325581689
-0.72 0.48 1.90670139602
-0.72 0.56 1.75230310406
-0.72 0.6400000000000001 1.62609990533
-0.72 0.7200000000000002 1.52485409969
-0.72 0.8000000000000003 1.44596826041
-0.72 0.8799999999999999 1.38741859811
-0.72 0.96 1.34770304112
-0.72 1.04 1.32580270033
-0.72 1.12 1.32115572994
-0.72 1.2000000000000002 1.33364291351
-0.72 1.2800000000000002 1.36358460548
-0.72 1.3599999999999999 1.41174894979
-0.72 1.44 1.47937158629
-0.72 1.52 1.56818735075
-0.72 1.6 1.6804747814
-0.72 1.6800000000000002 1.81911457409
-0.72 1.7600000000000002 1.98766348555
-0.72 1.8399999999999999 2.1904455808
-0.72 1.92 2.43266316553
-0.6399999999999999 -2.0 141.278047461
-0.6399999999999999 -1.92 120.474478114
-0.6399999999999999 -1.84 102.746880079
-0.6399999999999999 -1.76 87.6404578541
-0.6399999999999999 -1.68 74.7676613154
-0.6399999999999999 -1.6 63.7982432447
-0.6399999999999999 -1.52 54.4507869513
-0.6399999999999999 -1.44 46.4854866226
-0.6399999999999999 -1.3599999999999999 39.6979951873
-0.6399999999999999 -1.28 33.9141818605
-0.6399999999999999 -1.2 28.9856648782
-0.6399999999999999 -1.12 24.7860048129
-0.6399999999999999 -1.04 21.207460814
-0.6399999999999999 -0.96 18.1582265518
-0.6399999999999999 -0.8799999999999999 15.5600749582
-0.6399999999999999 -0.8 13.3463513377
-0.6399999999999999 -0.72 11.4602633635
-0.6399999999999999 -0.6399999999999999 9.85342408987
-0.6399999999999999 -0.56 8.48461060175
-0.6399999999999999 -0.48 7.31870645453
-0.6399999999999999 -0.3999999999999999 6.32580077377
-0.6399999999999999 -0.32000000000000006 5.48042090186
-0.6399999999999999 -0.24 4.76087890564
-0.6399999999999999 -0.15999999999999992 4.14871517988
-0.6399999999999999 -0.08000000000000007 3.62822487236
-0.6399999999999999 0.0 3.18605498122
-0.6399999999999999 0.08000000000000007 2.81086178826
-0.6399999999999999 0.16000000000000014 2.4930198397
-0.6399999999999999 0.2400000000000002 2.22437500843
-0.6399999999999999 0.31999999999999984 1.99803530266
-0.6399999999999999 0.3999999999999999 1.80819405419
-0.6399999999999999 0.48 1.64998095035
-0.6399999999999999 0.56 1.51933708776
-0.6399999999999999 0.6400000000000001 1.41291084255
-0.6399999999999999 0.7200000000000002 1.3279718856
-0.6399999999999999 0.8000000000000003 1.26234113683
-0.6399999999999999 0.8799999999999999 1.21433486172
-0.6399999999999999 0.96 1.18272147559
-0.6399999999999999 1.04 1.16668994777
-0.6399999999999999 1.12 1.16582899487
-0.6399999999999999 1.2000000000000002 1.18011652944
-0.6399999999999999 1.2800000000000002 1.20991909331
-0.6399999999999999 1.3599999999999999 1.25600126113
-0.6399999999999999 1.44 1.31954525525
-0.6399999999999999 1.52 1.40218127522
-0.6399999999999999 1.6 1.50602932004
-0.6399999999999999 1.6800000000000002 1.63375357598
-0.6399999999999999 1.7600000000000002 1.78863076541
-0.6399999999999999 1.8399999999999999 1.97463420994
-0.6399999999999999 1.92 2.19653576471
-0.56 -2.0 120.500188713
-0.56 -1.92 102.758922833
-0.56 -1.84 87.6408449746
-0.56 -1.76 74.7581059901
-0.56 -1.68 63.7802035916
-0.56 -1.6 54.4255034261
-0.56 -1.52 46.4540138419
-0.56 -1.44 39.6612289843
-0.56 -1.3599999999999999 33.8728822676
-0.56 -1.28 28.9404756251
-0.56 -1.2 24.7374698416
-0.56 -1.12 21.1560382328
-0.56 -1.04 18.1043003889
-0.56 -0.96 15.503965013
-0.56 -0.8799999999999999 13.2883213853
-0.56 -0.8 11.4005279219
-0.56 -0.72 9.79215392355
-0.56 -0.6399999999999999 8.42193710217
-0.56 -0.56 7.25472501114
-0.56 -0.48 6.26057322116
-0.56 -0.3999999999999999 5.41397710613
-0.56 -0.32000000000000006 4.69321753058
-0.56 -0.24 4.07980365269
-0.56 -0.15999999999999992 3.55799854802
-0.56 -0.08000000000000007 3.11441548403
-0.56 0.0 2.73767448807
-0.56 0.08000000000000007 2.41811039797
-0.56 0.16000000000000014 2.14752490569
-0.56 0.2400000000000002 1.91897623242
-0.56 0.31999999999999984 1.72660103967
-0.56 0.3999999999999999 1.56546400728
-0.56 0.48 1.43143121948
-0.56 0.56 1.32106411068
-0.56 0.6400000000000001 1.23153125023
-0.56 0.7200000000000002 1.16053570303
-0.56 0.8000000000000003 1.10625610248
-0.56 0.8799999999999999 1.06729992387
-0.56 0.96 1.04266775968
-0.56 1.04 1.03172768013
-0.56 1.12 1.03419902119
-0.56 1.2000000000000002 1.05014518427
-0.56 1.2800000000000002 1.07997526277
-0.56 1.3599999999999999 1.12445453721
-0.56 1.44 1.18472410824
-0.56 1.52 1.26233017123
-0.56 1.6 1.35926368331
-0.56 1.6800000000000002 1.4780114408
-0.56 1.7600000000000002 1.62161987702
-0.56 1.8399999999999999 1.79377321757
-0.56 1.92 1.99888799787
-0.48 -2.0 102.794535481
-0.48 -1.92 87.6627849442
-0.48 -1.84 74.7683871653
-0.48 -1.76 63.7805407545
-0.48 -1.68 54.4173562485
-0.48 -1.6 46.4386243325
-0.48 -1.52 39.6396533525
-0.48 -1.44 33.8460180199
-0.48 -1.3599999999999999 28.9090845903
-0.48 -1.28 24.7021977152
-0.48 -1.2 21.1174311425
-0.48 -1.12 18.0628189047
-0.48 -1.04 15.4599959636
-0.48 -0.96 13.2421877816
-0.48 -0.8799999999999999 11.352497244
-0.48 -0.8 9.74244498257
-0.48 -0.72 8.37072565412
-0.48 -0.6399999999999999 7.20214826567
-0.48 -0.56 6.20673336169
-0.48 -0.48 5.35894391131
-0.48 -0.3999999999999999 4.63703016446
-0.48 -0.32000000000000006 4.02247166944
-0.48 -0.24 3.49950213705
-0.48 -0.15999999999999992 3.05470496175
-0.48 -0.08000000000000007 2.67666902327
-0.48 0.0 2.35569593815
-0.48 0.08000000000000007 2.08355125105
-0.48 0.16000000000000014 1.85325318254
-0.48 0.2400000000000002 1.658893514
-0.48 0.31999999999999984 1.49548601421
-0.48 0.3999999999999999 1.35883851935
-0.48 0.48 1.24544538439
-0.48 0.56 1.15239754701
-0.48 0.6400000000000001 1.07730789658
-0.48 0.7200000000000002 1.01825003367
-0.48 0.8000000000000003 0.973708848869
-0.48 0.8799999999999999 0.942541653236
-0.48 0.96 0.923948862965
-0.48 1.04 0.917453486342
-0.48 1.12 0.922888886689
-0.48 1.2000000000000002 0.940394507354
-0.48 1.2800000000000002 0.970419449082
-0.48 1.3599999999999999 1.01373399154
-0.48 1.44 1.0714493546
-0.48 1.52 1.14504620626
-0.48 1.6 1.23641264872
-0.48 1.6800000000000002 1.34789265701
-0.48 1.7600000000000002 1.48234621283
-0.48 1.8399999999999999 1.64322267642
-0.48 1.92 1.83464927877
-0.3999999999999999 -2.0 87.7068552546
-0.3999999999999999 -1.92 74.798778163
-0.3999999999999999 -1.84 63.7992681228
-0.3999999999999999 -1.76 54.4261364442
-0.3999999999999999 -1.68 46.4389186212
-0.3999999999999999 -1.6 39.6327052967
-0.3999999999999999 -1.52 33.832885382
-0.3999999999999999 -1.44 28.8906664696
-0.3999999999999999 -1.3599999999999999 24.6792576138
-0.3999999999999999 -1.28 21.0906165524
-0.3999999999999999 -1.2 18.0326779192
-0.3999999999999999 -1.12 15.4269913386
-0.3999999999999999 -1.04 13.2067088073
-0.3999999999999999 -0.96 11.3148697319
-0.3999999999999999 -0.8799999999999999 9.70293962431
-0.3999999999999999 -0.8 8.32956496571
-0.3999999999999999 -0.72 7.15951229624
-0.3999999999999999 -0.6399999999999999 6.16276431253
-0.3999999999999999 -0.56 5.313749784
-0.3999999999999999 -0.48 4.59068753162
-0.3999999999999999 -0.3999999999999999 3.97502763917
-0.3999999999999999 -0.32000000000000006 3.45097556146
-0.3999999999999999 -0.24 3.00508692064
-0.3999999999999999 -0.15999999999999992 2.62592259526
-0.3999999999999999 -0.08000000000000007 2.30375525347
-0.3999999999999999 0.0 2.03031980167
-0.3999999999999999 0.08000000000000007 1.79860134632
-0.3999999999999999 0.16000000000000014 1.60265522926
-0.3999999999999999 0.2400000000000002 1.43745451946
-0.3999999999999999 0.31999999999999984 1.29876104891
-0.3999999999999999 0.3999999999999999 1.18301668377
-0.3999999999999999 0.48 1.08725204171
-0.3999999999999999 0.56 1.00901031341
-0.3999999999999999 0.6400000000000001 0.94628423393
-0.3999999999999999 0.7200000000000002 0.897464587034
-0.3999999999999999 0.8000000000000003 0.861298921279
-0.3999999999999999 0.8799999999999999 0.836859418809
-0.3999999999999999 0.96 0.823519092498
-0.3999999999999999 1.04 0.820935700812
-0.3999999999999999 1.12 0.829042967715
-0.3999999999999999 1.2000000000000002 0.848048882382
-0.3999999999999999 1.2800000000000002 0.878441035091
-0.3999999999999999 1.3599999999999999 0.920999126187
-0.3999999999999999 1.44 0.976814969023
-0.3999999999999999 1.52 1.04732050007
-0.3999999999999999 1.6 1.13432451475
-0.3999999999999999 1.6800000000000002 1.24005907147
-0.3999999999999999 1.7600000000000002 1.36723675434
-0.3999999999999999 1.8399999999999999 1.51912026356
-0.3999999999999999 1.92 1.69960611892
-0.32000000000000006 -2.0 74.850078726
-0.32000000000000006 -1.92 63.8368807701
-0.32000000000000006 -1.84 54.452078828
-0.32000000000000006 -1.76 46.4549089974
-0.32000000000000006 -1.68 39.6402066056
-0.32000000000000006 -1.6 33.8331427799
-0.32000000000000006 -1.52 28.8847392726
-0.32000000000000006 -1.44 24.6680464744
-0.32000000000000006 -1.3599999999999999 21.0748865653
-0.32000000000000006 -1.28 18.0130782498
-0.32000000000000006 -1.2 15.4040718767
-0.32000000000000006 -1.12 13.1809342745
-0.32000000000000006 -1.04 11.2866316042
-0.32000000000000006 -0.96 9.67256617472
-0.32000000000000006 -0.8799999999999999 8.29732968646
-0.32000000000000006 -0.8 7.12564091493
-0.32000000000000006 -0.72 6.1274405831
-0.32000000000000006 -0.6399999999999999 5.27712020088
-0.32000000000000006 -0.56 4.55286508803
-0.32000000000000006 -0.48 3.9360947259
-0.32000000000000006 -0.3999999999999999 3.41098608058
-0.32000000000000006 -0.32000000000000006 2.96406766832
-0.32000000000000006 -0.24 2.58387394923
-0.32000000000000006 -0.15999999999999992 2.26065118273
-0.32000000000000006 -0.08000000000000007 1.98610719867
-0.32000000000000006 0.0 1.75319866447
-0.32000000000000006 0.08000000000000007 1.5559503909
-0.32000000000000006 0.16000000000000014 1.38930204056
-0.32000000000000006 0.2400000000000002 1.24897830671
-0.32000000000000006 0.31999999999999984 1.13137923166
-0.32000000000000006 0.3999999999999999 1.03348785113
-0.32000000000000006 0.48 0.952792795038
-0.32000000000000006 0.56 0.887223859165
-0.32000000000000006 0.6400000000000001 0.835098894755
-0.32000000000000006 0.7200000000000002 0.795080653571
-0.32000000000000006 0.8000000000000003 0.766142481242
-0.32000000000000006 0.8799999999999999 0.747541978799
-0.32000000000000006 0.96 0.738801956675
-0.32000000000000006 1.04 0.739698192576
-0.32000000000000006 1.12 0.750253679129
-0.32000000000000006 1.2000000000000002 0.77073921375
-0.32000000000000006 1.2800000000000002 0.801680345867
-0.32000000000000006 1.3599999999999999 0.843870859701
-0.32000000000000006 1.44 0.898393138538
-0.32000000000000006 1.52 0.966645932903
-0.32000000000000006 1.6 1.05038024503
-0.32000000000000006 1.6800000000000002 1.15174425021
-0.32000000000000006 1.7600000000000002 1.27333840754
-0.32000000000000006 1.8399999999999999 1.41828217378
-0.32000000000000006 1.92 1.59029403196
-0.24 -2.0 63.8943696659
-0.24 -1.92 54.4958690153
-0.24 -1.84 46.4870203182
-0.24 -1.76 39.6623592846
-0.24 -1.68 33.8468015566
-0.24 -1.6 28.891150978
-0.24 -1.52 24.6682720185
-0.24 -1.44 21.0698281542
-0.24 -1.3599999999999999 18.0035025314
-0.24 -1.28 15.390629609
-0.24 -1.2 13.1641770206
-0.24 -1.12 11.2670258822
-0.24 -1.04 9.65050542647
-0.24 -0.96 8.27314437071
-0.24 -0.8799999999999999 7.09960698543
-0.24 -0.8 6.09978656808
-0.24 -0.72 5.24803306583
-0.24 -0.6399999999999999 4.5224950322
-0.24 -0.56 3.90455903565
-0.24 -0.48 3.37837213833
-0.24 -0.3999999999999999 2.9304351943
-0.24 -0.32000000000000006 2.54925653358
-0.24 -0.24 2.22505714725
-0.24 -0.15999999999999992 1.9495198103
-0.24 -0.08000000000000007 1.71557570603
-0.24 0.0 1.51722307801
-0.24 0.08000000000000007 1.34937325701
-0.24 0.16000000000000014 1.20772011295
-0.24 0.2400000000000002 1.08862958259
-0.24 0.31999999999999984 0.989046438857
-0.24 0.3999999999999999 0.906415910073
-0.24 0.48 0.838618138117
-0.24 0.56 0.783913794202
-0.24 0.6400000000000001 0.740899456988
-0.24 0.7200000000000002 0.70847160828
-0.24 0.8000000000000003 0.685798322647
-0.24 0.8799999999999999 0.672297924655
-0.24 0.96 0.667624066184
-0.24 1.04 0.671656840985
-0.24 1.12 0.684499708523
-0.24 1.2000000000000002 0.7064821482
-0.24 1.2800000000000002 0.738168112028
-0.24 1.3599999999999999 0.780370492637
-0.24 1.44 0.834171977749
-0.24 1.52 0.900952826171
-0.24 1.6 0.982426277861
-0.24 1.6800000000000002 1.08068250652
-0.24 1.7600000000000002 1.19824224227
-0.24 1.8399999999999999 1.33812144018
-0.24 1.92 1.50390865349
-0.15999999999999992 -2.0 54.5586630837
-0.15999999999999992 -1.92 46.5361024184
-0.15999999999999992 -1.84 39.6997517255
-0.15999999999999992 -1.76 33.8742267527
-0.15999999999999992 -1.68 28.9100756377
-0.15999999999999992 -1.6 24.6799447718
-0.15999999999999992 -1.52 21.0753115859
-0.15999999999999992 -1.44 18.0037004414
-0.15999999999999992 -1.3599999999999999 15.3863101989
-0.15999999999999992 -1.28 13.1559926017
-0.15999999999999992 -1.2 11.2555296103
-0.15999999999999992 -1.12 9.63616549279
-0.15999999999999992 -1.04 8.25635601349
-0.15999999999999992 -0.96 7.08070262936
-0.15999999999999992 -0.8799999999999999 6.07904435261
-0.15999999999999992 -0.8 5.22568398074
-0.15999999999999992 -0.72 4.49872884361
-0.15999999999999992 -0.6399999999999999 3.87952915437
-0.15999999999999992 -0.56 3.35219955553
-0.15999999999999992 -0.48 2.90321158556
-0.15999999999999992 -0.3999999999999999 2.52104661076
-0.15999999999999992 -0.32000000000000006 2.19590031865
-0.15999999999999992 -0.24 1.91943119167
-0.15999999999999992 -0.15999999999999992 1.68454650839
-0.15999999999999992 -0.08000000000000007 1.48522038212
-0.15999999999999992 0.0 1.31633916887
-0.15999999999999992 0.08000000000000007 1.17357027855
-0.15999999999999992 0.16000000000000014 1.05325102382
-0.15999999999999992 0.2400000000000002 0.952294655106
-0.15999999999999992 0.31999999999999984 0.868111171108
-0.15999999999999992 0.3999999999999999 0.798540873168
-0.15999999999999992 0.48 0.741798958949
-0.15999999999999992 0.56 0.696429733935
-0.15999999999999992 0.6400000000000001 0.661269266087
-0.15999999999999992 0.7200000000000002 0.635415525557
-0.15999999999999992 0.8000000000000003 0.618205243424
-0.15999999999999992 0.8799999999999999 0.609196895753
-0.15999999999999992 0.96 0.608159376446
-0.15999999999999992 1.04 0.615066068299
-0.15999999999999992 1.12 0.630094160142
-0.15999999999999992 1.2000000000000002 0.653629192562
-0.15999999999999992 1.2800000000000002 0.686274948813
-0.15999999999999992 1.3599999999999999 0.72886894467
-0.15999999999999992 1.44 0.782503914613
-0.15999999999999992 1.52 0.848555845558
-0.15999999999999992 1.6 0.928719277333
-0.15999999999999992 1.6800000000000002 1.02505077552
-0.15999999999999992 1.7600000000000002 1.14002169195
-0.15999999999999992 1.8399999999999999 1.27658156639
-0.15999999999999992 1.92 1.43823379598
-0.08000000000000007 -2.0 46.6034546015
-0.08000000000000007 -1.92 39.753375874
-0.08000000000000007 -1.84 33.9161479822
-0.08000000000000007 -1.76 28.9420188297
-0.08000000000000007 -1.68 24.7033788243
-0.08000000000000007 -1.6 21.091487098
-0.08000000000000007 -1.52 18.0136817968
-0.08000000000000007 -1.44 15.3910028723
-0.08000000000000007 -1.3599999999999999 13.1561663886
-0.08000000000000007 -1.28 11.2518383754
-0.08000000000000007 -1.2 9.62916394528
-0.08000000000000007 -1.12 8.24651393744
-0.08000000000000007 -1.04 7.0684169361
-0.08000000000000007 -0.96 6.06464926328
-0.08000000000000007 -0.8799999999999999 5.20945960067
-0.08000000000000007 -0.8 4.48090834826
-0.08000000000000007 -0.72 3.86030477143
-0.08000000000000007 -0.6399999999999999 3.33172749644
-0.08000000000000007 -0.56 2.88161605303
-0.08000000000000007 -0.48 2.49842298518
-0.08000000000000007 -0.3999999999999999 2.17231760505
-0.08000000000000007 -0.32000000000000006 1.89493378998
-0.08000000000000007 -0.24 1.65915535252
-0.08000000000000007 -0.15999999999999992 1.45893347705
-0.08000000000000007 -0.08000000000000007 1.28913153942
-0.08000000000000007 0.0 1.14539332867
-0.08000000000000007 0.08000000000000007 1.02403128988
-0.08000000000000007 0.16000000000000014 0.921931921201
-0.08000000000000007 0.2400000000000002 0.83647589806
-0.08000000000000007 0.31999999999999984 0.76547087524
-0.08000000000000007 0.3999999999999999 0.707095243023
-0.08000000000000007 0.48 0.659851394415
-0.08000000000000007 0.56 0.622527304545
-0.08000000000000007 0.6400000000000001 0.59416543658
-0.08000000000000007 0.7200000000000002 0.57403817644
-0.08000000000000007 0.8000000000000003 0.561629166112
-0.08000000000000007 0.8799999999999999 0.556620056654
-0.08000000000000007 0.96 0.558882341067
-0.08000000000000007 1.04 0.568474057489
-0.08000000000000007 1.12 0.585641278142
-0.08000000000000007 1.2000000000000002 0.610824422235
-0.08000000000000007 1.2800000000000002 0.644669554765
-0.08000000000000007 1.3599999999999999 0.688044961101
-0.08000000000000007 1.44 0.74206342254
-0.08000000000000007 1.52 0.808110764344
-0.08000000000000007 1.6 0.887881408607
-0.08000000000000007 1.6800000000000002 0.983421844083
-0.08000000000000007 1.7600000000000002 1.09718312816
-0.08000000000000007 1.8399999999999999 1.23208376788
-0.08000000000000007 1.92 1.39158459331
0.0 -2.0 39.8246560509
0.0 -1.92 33.973680839
0.0 -1.84 28.9878327011
0.0 -1.76 24.7392013985
0.0 -1.68 21.1187897399
0.0 -1.6 18.0337172952
0.0 -1.52 15.4048375801
0.0 -1.44 13.1647075792
0.0 -1.3599999999999999 11.2558575192
0.0 -1.28 9.62931650094
0.0 -1.2 8.24335616757
0.0 -1.12 7.06242017807
0.0 -1.04 6.05621202121
0.0 -0.96 5.19891776886
0.0 -0.8799999999999999 4.4685438285
0.0 -0.8 3.84635270505
0.0 -0.72 3.3163822968
0.0 -0.6399999999999999 2.86503639315
0.0 -0.56 2.48073586842
0.0 -0.48 2.15362162331
0.0 -0.3999999999999999 1.87530165311
0.0 -0.32000000000000006 1.63863575361
0.0 -0.24 1.43755234166
0.0 -0.15999999999999992 1.26689269067
0.0 -0.08000000000000007 1.12227858535
0.0 0.0 1.0
0.0 0.08000000000000007 0.896919919084
0.0 0.16000000000000014 0.810393858181
0.0 0.2400000000000002 0.738202020622
0.0 0.31999999999999984 0.678492349362
0.0 0.3999999999999999 0.62973301309
0.0 0.48 0.590673107612
0.0 0.56 0.560310564337
0.0 0.6400000000000001 0.53786644254
0.0 0.7200000000000002 0.522764945909
0.0 0.8000000000000003 0.514618650684
0.0 0.8799999999999999 0.51321856643
0.0 0.96 0.518528774462
0.0 1.04 0.530685506361
0.0 1.12 0.55000063895
0.0 1.2000000000000002 0.576969695388
0.0 1.2800000000000002 0.612284557648
0.0 1.3599999999999999 0.656851216511
0.0 1.44 0.711813014457
0.0 1.52 0.778579977723
0.0 1.6 0.858864990047
0.0 1.6800000000000002 0.95472773612
0.0 1.7600000000000002 1.0686275421
0.0 1.8399999999999999 1.20348646877
0.0 1.92 1.36276427604
0.08000000000000007 -2.0 34.04835966
0.08000000000000007 -1.92 29.0487412027
0.08000000000000007 -1.84 24.7883716292
0.08000000000000007 -1.76 21.157952607
0.08000000000000007 -1.68 18.0643469705
0.08000000000000007 -1.6 15.428189319
0.08000000000000007 -1.52 13.1818499244
0.08000000000000007 -1.44 11.2676997133
0.08000000000000007 -1.3599999999999999 9.6366318131
0.08000000000000007 -1.28 8.24680173131
0.08000000000000007 -1.2 7.06255384982
0.08000000000000007 -1.12 6.05350669193
0.08000000000000007 -1.04 5.19377349592
0.08000000000000007 -0.96 4.461298099
0.08000000000000007 -0.8799999999999999 3.83728909391
0.08000000000000007 -0.8 3.30573774184
0.08000000000000007 -0.72 2.85300727359
0.08000000000000007 -0.6399999999999999 2.46748304295
0.08000000000000007 -0.56 2.13927455687
0.08000000000000007 -0.48 1.85996173824
0.08000000000000007 -0.3999999999999999 1.62237891169
0.08000000000000007 -0.32000000000000006 1.42043097059
0.08000000000000007 -0.24 1.24893700918
0.08000000000000007 -0.15999999999999992 1.10349740819
0.08000000000000007 -0.08000000000000007 0.980380964121
0.08000000000000007 0.0 0.876429166457
0.08000000000000007 0.08000000000000007 0.788975167181
0.08000000000000007 0.16000000000000014 0.715775363678
0.08000000000000007 0.2400000000000002 0.654951839882
0.08000000000000007 0.31999999999999984 0.604944188972
0.08000000000000007 0.3999999999999999 0.564469481667
0.08000000000000007 0.48 0.532489353116
0.08000000000000007 0.56 0.508183363996
0.08000000000000007 0.6400000000000001 0.490927952419
0.08000000000000007 0.7200000000000002 0.48028043667
0.08000000000000007 0.8000000000000003 0.475967658353
0.08000000000000007 0.8799999999999999 0.477878974607
0.08000000000000007 0.96 0.4860634196
0.08000000000000007 1.04 0.500730962485
0.08000000000000007 1.12 0.522257894088
0.08000000000000007 1.2000000000000002 0.551196480519
0.08000000000000007 1.2800000000000002 0.588289131372
0.08000000000000007 1.3599999999999999 0.634487445992
0.08000000000000007 1.44 0.690976626431
0.08000000000000007 1.52 0.759205883405
0.08000000000000007 1.6 0.840925615301
0.08000000000000007 1.6800000000000002 0.938232314051
0.08000000000000007 1.7600000000000002 1.05362234992
0.08000000000000007 1.8399999999999999 1.19005601505
0.08000000000000007 1.92 1.35103346873
0.16000000000000014 -2.0 29.1263765092
0.16000000000000014 -1.92 24.8522093133
0.16000000000000014 -1.84 21.210029021
0.16000000000000014 -1.76 18.1063967354
0.16000000000000014 -1.68 15.4616898255
0.16000000000000014 -1.6 13.208059235
0.16000000000000014 -1.52 11.2876888373
0.16000000000000014 -1.44 9.65131218294
0.16000000000000014 -1.3599999999999999 8.25694858523
0.16000000000000014 -1.28 7.06882612023
0.16000000000000014 -1.2 6.0564639101
0.16000000000000014 -1.12 5.19389014661
0.16000000000000014 -1.04 4.45897579314
0.16000000000000014 -0.96 3.83286687188
0.16000000000000014 -0.8799999999999999 3.29950077135
0.16000000000000014 -0.8 2.8451941656
0.16000000000000014 -0.72 2.45829197315
0.16000000000000014 -0.6399999999999999 2.12886834981
0.16000000000000014 -0.56 1.84847204454
0.16000000000000014 -0.48 1.60990958549
0.16000000000000014 -0.3999999999999999 1.40706073388
0.16000000000000014 -0.32000000000000006 1.2347214714
0.16000000000000014 -0.24 1.08847049288
0.16000000000000014 -0.15999999999999992 0.964555779194
0.16000000000000014 -0.08000000000000007 0.859798340499
0.16000000000000014 0.0 0.771510660326
0.16000000000000014 0.08000000000000007 0.697427748262
0.16000000000000014 0.16000000000000014 0.635649032391
0.16000000000000014 0.2400000000000002 0.584589600763
0.16000000000000014 0.31999999999999984 0.542939541022
0.16000000000000014 0.3999999999999999 0.509630335049
0.16000000000000014 0.48 0.483807446491
0.16000000000000014 0.56 0.464808397923
0.16000000000000014 0.6400000000000001 0.452145775214
0.16000000000000014 0.7200000000000002 0.445494723085
0.16000000000000014 0.8000000000000003 0.444684611054
0.16000000000000014 0.8799999999999999 0.449694655974
0.16000000000000014 0.96 0.460653388842
0.16000000000000014 1.04 0.477841952225
0.16000000000000014 1.12 0.50170131287
0.16000000000000014 1.2000000000000002 0.532843574563
0.16000000000000014 1.2800000000000002 0.572067681436
0.16000000000000014 1.3599999999999999 0.620379914615
0.16000000000000014 1.44 0.679019708013
0.16000000000000014 1.52 0.74949144559
0.16000000000000014 1.6 0.83360305581
0.16000000000000014 1.6800000000000002 0.933512393432
0.16000000000000014 1.7600000000000002 1.05178259854
0.16000000000000014 1.8399999999999999 1.19144785303
0.16000000000000014 1.92 1.3560912215
0.2400000000000002 -2.0 24.9324347945
0.2400000000000002 -1.92 21.2764245723
0.2400000000000002 -1.84 18.1610037135
0.2400000000000002 -1.76 15.5062471553
0.2400000000000002 -1.68 13.244048021
0.2400000000000002 -1.6 11.3163703609
0.2400000000000002 -1.52 9.67376026034
0.2400000000000002 -1.44 8.2740771156
0.2400000000000002 -1.3599999999999999 7.08141253159
0.2400000000000002 -1.28 6.06516910395
0.2400000000000002 -1.2 5.19927545312
0.2400000000000002 -1.12 4.46151737193
0.2400000000000002 -1.04 3.83296792767
0.2400000000000002 -0.96 3.29750189808
0.2400000000000002 -0.8799999999999999 2.84138208425
0.2400000000000002 -0.8 2.45290688747
0.2400000000000002 -0.72 2.12211010865
0.2400000000000002 -0.6399999999999999 1.84050526892
0.2400000000000002 -0.56 1.60086789188
0.2400000000000002 -0.48 1.3970501621
0.2400000000000002 -0.3999999999999999 1.22382320503
0.2400000000000002 -0.32000000000000006 1.07674294199
0.2400000000000002 -0.24 0.952036078846
0.2400000000000002 -0.15999999999999992 0.846503303433
0.2400000000000002 -0.08000000000000007 0.757437208282
0.2400000000000002 0.0 0.682552833007
0.2400000000000002 0.08000000000000007 0.619929044425
0.2400000000000002 0.16000000000000014 0.567959250534
0.2400000000000002 0.2400000000000002 0.525310183944
0.2400000000000002 0.31999999999999984 0.490887697354
0.2400000000000002 0.3999999999999999 0.463808693576
0.2400000000000002 0.48 0.443378469976
0.2400000000000002 0.56 0.429072896113
0.2400000000000002 0.6400000000000001 0.420524967357
0.2400000000000002 0.7200000000000002 0.4175153895
0.2400000000000002 0.8000000000000003 0.419966952846
0.2400000000000002 0.8799999999999999 0.427942551419
0.2400000000000002 0.96 0.44164679649
0.2400000000000002 1.04 0.461431265804
0.2400000000000002 1.12 0.487803523195
0.2400000000000002 1.2000000000000002 0.521440139958
0.2400000000000002 1.2800000000000002 0.563204052058
0.2400000000000002 1.3599999999999999 0.61416669846
0.2400000000000002 1.44 0.675635508527
0.2400000000000002 1.52 0.749187443678
0.2400000000000002 1.6 0.836709453801
0.2400000000000002 1.6800000000000002 0.940446886303
0.2400000000000002 1.7600000000000002 1.06306108974
0.2400000000000002 1.8399999999999999 1.20769768981
0.2400000000000002 1.92 1.3780672893
0.31999999999999984 -2.0 21.3589403671
0.31999999999999984 -1.92 18.229651438
0.31999999999999984 -1.84 15.5630739992
0.31999999999999984 -1.76 13.2907979134
0.31999999999999984 -1.68 11.3545287104
0.31999999999999984 -1.6 9.70459206197
0.31999999999999984 -1.52 8.29865940459
0.31999999999999984 -1.44 7.10066201397
0.31999999999999984 -1.3599999999999999 6.07986567444
0.31999999999999984 -1.28 5.21008220301
0.31999999999999984 -1.2 4.46899760049
0.31999999999999984 -1.12 3.8375995934
0.31999999999999984 -1.04 3.29968988057
0.31999999999999984 -0.96 2.84146857123
0.31999999999999984 -0.8799999999999999 2.4511801535
0.31999999999999984 -0.8 2.11881191074
0.31999999999999984 -0.72 1.8358370487
0.31999999999999984 -0.6399999999999999 1.59499594351
0.31999999999999984 -0.56 1.39010989853
0.31999999999999984 -0.48 1.21592263194
0.31999999999999984 -0.3999999999999999 1.06796542864
0.31999999999999984 -0.32000000000000006 0.942442496898
0.31999999999999984 -0.24 0.836133588577
0.31999999999999984 -0.15999999999999992 0.746311384787
0.31999999999999984 -0.08000000000000007 0.670671527432
0.31999999999999984 0.0 0.607273501692
0.31999999999999984 0.08000000000000007 0.554490852776
0.31999999999999984 0.16000000000000014 0.510969459774
0.31999999999999984 0.2400000000000002 0.475592796147
0.31999999999999984 0.31999999999999984 0.44745328562
0.31999999999999984 0.3999999999999999 0.425829018618
0.31999999999999984 0.48 0.410165231925
0.31999999999999984 0.56 0.400060076419
0.31999999999999984 0.6400000000000001 0.395254307773
0.31999999999999984 0.7200000000000002 0.395624635626
0.31999999999999984 0.8000000000000003 0.401180560612
0.31999999999999984 0.8799999999999999 0.412064618099
0.31999999999999984 0.96 0.428556034879
0.31999999999999984 1.04 0.451077892643
0.31999999999999984 1.12 0.480207981994
0.31999999999999984 1.2000000000000002 0.516693625467
0.31999999999999984 1.2800000000000002 0.561470849841
0.31999999999999984 1.3599999999999999 0.615688399579
0.31999999999999984 1.44 0.680737207484
0.31999999999999984 1.52 0.758286078605
0.31999999999999984 1.6 0.850324502858
0.31999999999999984 1.6800000000000002 0.959213694722
0.31999999999999984 1.7600000000000002 1.08774716939
0.31999999999999984 1.8399999999999999 1.23922240944
0.31999999999999984 1.92 1.41752546065
0.3999999999999999 -2.0 18.3142164429
0.3999999999999999 -1.92 15.6337259816
0.3999999999999999 -1.84 13.3495908748
0.3999999999999999 -1.76 11.4032124129
0.3999999999999999 -1.68 9.74465691835
0.3999999999999999 -1.6 8.3313747139
0.3999999999999999 -1.52 7.12710852519
0.3999999999999999 -1.44 6.10096331263
0.3999999999999999 -1.3599999999999999 5.22661366974
0.3999999999999999 -1.28 4.48162845374
0.3999999999999999 -1.2 3.84689532223
0.3999999999999999 -1.12 3.30613041258
0.3999999999999999 -1.04 2.84546058489
0.3999999999999999 -0.96 2.4530675114
0.3999999999999999 -0.8799999999999999 2.11888448123
0.3999999999999999 -0.8 1.83433814237
0.3999999999999999 -0.72 1.59212855527
0.3999999999999999 -0.6399999999999999 1.38604191532
0.3999999999999999 -0.56 1.21079113986
0.3999999999999999 -0.48 1.06188022983
0.3999999999999999 -0.3999999999999999 0.935488926472
0.3999999999999999 -0.32000000000000006 0.828374703882
0.3999999999999999 -0.24 0.737789583098
0.3999999999999999 -0.15999999999999992 0.661409633651
0.3999999999999999 -0.08000000000000007 0.597275353909
0.3999999999999999 0.0 0.543741400733
0.3999999999999999 0.08000000000000007 0.49943437876
0.3999999999999999 0.16000000000000014 0.463217606406
0.3999999999999999 0.2400000000000002 0.434161954692
0.3999999999999999 0.31999999999999984 0.411522010754
0.3999999999999999 0.3999999999999999 0.394716954528
0.3999999999999999 0.48 0.38331565801
0.3999999999999999 0.56 0.377025624817
0.3999999999999999 0.6400000000000001 0.375685486285
0.3999999999999999 0.7200000000000002 0.379260861616
0.3999999999999999 0.8000000000000003 0.387843475848
0.3999999999999999 0.8799999999999999 0.401653513031
0.3999999999999999 0.96 0.421045264973
0.3999999999999999 1.04 0.446516220475
0.3999999999999999 1.12 0.478719828241
0.3999999999999999 1.2000000000000002 0.518482260876
0.3999999999999999 1.2800000000000002 0.56682361007
0.3999999999999999 1.3599999999999999 0.624984056697
0.3999999999999999 1.44 0.694455687239
0.3999999999999999 1.52 0.777020772753
0.3999999999999999 1.6 0.874797492435
0.3999999999999999 1.6800000000000002 0.990294274778
0.3999999999999999 1.7600000000000002 1.12647415046
0.3999999999999999 1.8399999999999999 1.28683076788
0.3999999999999999 1.92 1.47547802154
0.48 -2.0 15.7201516647
0.48 -1.92 13.4220506184
0.48 -1.84 11.4637681834
0.48 -1.76 9.79506528949
0.48 -1.68 8.37313193151
0.48 -1.6 7.16148889264
0.48 -1.52 6.12905188272
0.48 -1.44 5.24933408134
0.48 -1.3599999999999999 4.49976662744
0.48 -1.28 3.86111962289
0.48 -1.2 3.31700879594
0.48 -1.12 2.85347516834
0.48 -1.04 2.45862694251
0.48 -0.96 2.12233442148
0.48 -0.8799999999999999 1.83597013497
0.48 -0.8 1.59218750458
0.48 -0.72 1.38473236984
0.48 -0.6399999999999999 1.20828253979
0.48 -0.56 1.05831125406
0.48 -0.48 0.930971050308
0.48 -0.3999999999999999 0.822995058901
0.48 -0.32000000000000006 0.731613192498
0.48 -0.24 0.65448108039
0.48 -0.15999999999999992 0.589619924471
0.48 -0.08000000000000007 0.535365733839
0.48 0.0 0.490326635684
0.48 0.08000000000000007 0.453347167257
0.48 0.16000000000000014 0.423478632871
0.48 0.2400000000000002 0.399954765431
0.48 0.31999999999999984 0.382172068119
0.48 0.3999999999999999 0.369674331881
0.48 0.48 0.362140931544
0.48 0.56 0.359378600284
0.48 0.6400000000000001 0.361316471432
0.48 0.7200000000000002 0.368004260413
0.48 0.8000000000000003 0.379613540179
0.48 0.8799999999999999 0.396442142856
0.48 0.96 0.418921800522
0.48 1.04 0.447629221151
0.48 1.12 0.483300883857
0.48 1.2000000000000002 0.526851933017
0.48 1.2800000000000002 0.579399655989
0.48 1.3599999999999999 0.642292146736
0.48 1.44 0.717142890722
0.48 1.52 0.805872158333
0.48 1.6 0.910756268757
0.48 1.6800000000000002 1.03448598818
0.48 1.7600000000000002 1.18023556049
0.48 1.8399999999999999 1.35174414139
0.48 1.92 1.55341172521
0.56 -2.0 13.5101961828
0.56 -1.92 11.537885569
0.56 -1.84 9.857225785
0.56 -1.76 8.42510007559
0.56 -1.68 7.20476774268
0.56 -1.6 6.16492157523
0.56 -1.52 5.27888467339
0.56 -1.44 4.52392606175
0.56 -1.3599999999999999 3.88067753384
0.56 -1.28 3.33263676741
0.56 -1.2 2.86574396295
0.56 -1.12 2.46802114433
0.56 -1.04 2.12926486787
0.56 -0.96 1.84078445651
0.56 -0.8799999999999999 1.59517904336
0.56 -0.8 1.38614770509
0.56 -0.72 1.20832781379
0.56 -0.6399999999999999 1.05715746061
0.56 -0.56 0.928758421539
0.56 -0.48 0.819836662899
0.56 -0.3999999999999999 0.727597834007
0.56 -0.32000000000000006 0.649675579073
0.56 -0.24 0.584070829144
0.56 -0.15999999999999992 0.529100516669
0.56 -0.08000000000000007 0.483354396973
0.56 0.0 0.445658868911
0.56 0.08000000000000007 0.415046866528
0.56 0.16000000000000014 0.390733049314
0.56 0.2400000000000002 0.372093654555
0.56 0.31999999999999984 0.358650494916
0.56 0.3999999999999999 0.350058690709
0.56 0.48 0.346097822118
0.56 0.56 0.346666274406
0.56 0.6400000000000001 0.351778631023
0.56 0.7200000000000002 0.36156604774
0.56 0.8000000000000003 0.376279617405
0.56 0.8799999999999999 0.396296811644
0.56 0.96 0.422131164769
0.56 1.04 0.454445448325
0.56 1.12 0.494068674267
0.56 1.2000000000000002 0.542017362984
0.56 1.2800000000000002 0.59952162178
0.56 1.3599999999999999 0.66805670286
0.56 1.44 0.749380850426
0.56 1.52 0.84558040783
0.56 1.6 0.959123342004
0.56 1.6800000000000002 1.09292255831
0.56 1.7600000000000002 1.25041063016
0.56 1.8399999999999999 1.43562786047
0.56 1.92 1.65332593431
0.6400000000000001 -2.0 11.6276543409
0.6400000000000001 -1.92 9.93289321964
0.6400000000000001 -1.84 8.48874838078
0.6400000000000001 -1.76 7.2581707795
0.6400000000000001 -1.68 6.2095903659
0.6400000000000001 -1.6 5.31610616603
0.6400000000000001 -1.52 4.55479614655
0.6400000000000001 -1.44 3.9061291578
0.6400000000000001 -1.3599999999999999 3.35346386876
0.6400000000000001 -1.28 2.88262183936
0.6400000000000001 -1.2 2.48152377744
0.6400000000000001 -1.12 2.13987964862
0.6400000000000001 -1.04 1.84892468895
0.6400000000000001 -0.96 1.60119454787
0.6400000000000001 -0.8799999999999999 1.39033379285
0.6400000000000001 -0.8 1.21093286292
0.6400000000000001 -0.72 1.05838928823
0.6400000000000001 -0.6399999999999999 0.928789615243
0.6400000000000001 -0.56 0.818809008416
0.6400000000000001 -0.48 0.72562595268
0.6400000000000001 -0.3999999999999999 0.646849868426
0.6400000000000001 -0.32000000000000006 0.580459781998
0.6400000000000001 -0.24 0.524752478307
0.6400000000000001 -0.15999999999999992 0.478298805417
0.6400000000000001 -0.08000000000000007 0.439907010147
0.6400000000000001 0.0 0.408592164045
0.6400000000000001 0.08000000000000007 0.383550895382
0.6400000000000001 0.16000000000000014 0.364140778925
0.6400000000000001 0.2400000000000002 0.349863854737
0.6400000000000001 0.31999999999999984 0.340353853184
0.6400000000000001 0.3999999999999999 0.335366798408
0.6400000000000001 0.48 0.334774749215
0.6400000000000001 0.56 0.338562516785
0.6400000000000001 0.6400000000000001 0.346827275006
0.6400000000000001 0.7200000000000002 0.359781053441
0.6400000000000001 0.8000000000000003 0.37775617687
0.6400000000000001 0.8799999999999999 0.401213790973
0.6400000000000001 0.96 0.430755692863
0.6400000000000001 1.04 0.467139769987
0.6400000000000001 1.12 0.511299443471
0.6400000000000001 1.2000000000000002 0.564367614724
0.6400000000000001 1.2800000000000002 0.627705729632
0.6400000000000001 1.3599999999999999 0.702938705997
0.6400000000000001 1.44 0.791996620245
0.6400000000000001 1.52 0.897164222882
0.6400000000000001 1.6 1.02113955299
0.6400000000000001 1.6800000000000002 1.16710315551
0.6400000000000001 1.7600000000000002 1.33879967703
0.6400000000000001 1.8399999999999999 1.54063393343
0.6400000000000001 1.92 1.77778391392
0.7200000000000002 -2.0 10.024230168
0.7200000000000002 -1.92 8.56589803744
0.7200000000000002 -1.84 7.32322814823
0.7200000000000002 -1.76 6.26434022693
0.7200000000000002 -1.68 5.36206886397
0.7200000000000002 -1.6 4.59326659435
0.7200000000000002 -1.52 3.93821005726
0.7200000000000002 -1.44 3.38009399999
0.7200000000000002 -1.3599999999999999 2.90460014488
0.7200000000000002 -1.28 2.49952985877
0.7200000000000002 -1.2 2.15449120119
0.7200000000000002 -1.12 1.86063232273
0.7200000000000002 -1.04 1.61041437377
0.7200000000000002 -0.96 1.39741809793
0.7200000000000002 -0.8799999999999999 1.21617914817
0.7200000000000002 -0.8 1.06204790086
0.7200000000000002 -0.72 0.931070171267
0.7200000000000002 -0.6399999999999999 0.819885770278
0.7200000000000002 -0.56 0.72564229989
0.7200000000000002 -0.48 0.645921975918
0.7200000000000002 -0.3999999999999999 0.578679600558
0.7200000000000002 -0.32000000000000006 0.522190093536
0.7200000000000002 -0.24 0.475004235758
0.7200000000000002 -0.15999999999999992 0.435911490087
0.7200000000000002 -0.08000000000000007 0.403908945428
0.7200000000000002 0.0 0.378175587378
0.7200000000000002 0.08000000000000007 0.358051235388
0.7200000000000002 0.16000000000000014 0.343019606049
0.7200000000000002 0.2400000000000002 0.332695068024
0.7200000000000002 0.31999999999999984 0.3268127488
0.7200000000000002 0.3999999999999999 0.325221739476
0.7200000000000002 0.48 0.327881223251
0.7200000000000002 0.56 0.334859428275
0.7200000000000002 0.6400000000000001 0.346335378027
0.7200000000000002 0.7200000000000002 0.362603484094
0.7200000000000002 0.8000000000000003 0.384081099206
0.7200000000000002 0.8799999999999999 0.411319224275
0.7200000000000002 0.96 0.445016644138
0.7200000000000002 1.04 0.486037854642
0.7200000000000002 1.12 0.535435240995
0.7200000000000002 1.2000000000000002 0.594476076347
0.7200000000000002 1.2800000000000002 0.66467503325
0.7200000000000002 1.3599999999999999 0.747833042076
0.7200000000000002 1.44 0.846083493261
0.7200000000000002 1.52 0.961946968724
0.7200000000000002 1.6 1.09839590653
0.7200000000000002 1.6800000000000002 1.25893085777
0.7200000000000002 1.7600000000000002 1.44767029205
0.7200000000000002 1.8399999999999999 1.66945625535
0.7200000000000002 1.92 1.92997859117
0.8000000000000003 -2.0 8.65878836228
0.8000000000000003 -1.92 7.40183022582
0.8000000000000003 -1.84 6.33076406213
0.8000000000000003 -1.76 5.41811203299
0.8000000000000003 -1.68 4.64046036094
0.8000000000000003 -1.6 3.97785865676
0.8000000000000003 -1.52 3.41330809905
0.8000000000000003 -1.44 2.93232533522
0.8000000000000003 -1.3599999999999999 2.52257091602
0.8000000000000003 -1.28 2.17353273115
0.8000000000000003 -1.2 1.87625632467
0.8000000000000003 -1.12 1.62311517146
0.8000000000000003 -1.04 1.40761502132
0.8000000000000003 -0.96 1.22422729116
0.8000000000000003 -0.8799999999999999 1.06824723113
0.8000000000000003 -0.8 0.935673225838
0.8000000000000003 -0.72 0.82310413425
0.8000000000000003 -0.6399999999999999 0.727652034601
0.8000000000000003 -0.56 0.646868135733
0.8000000000000003 -0.48 0.57867995419
0.8000000000000003 -0.3999999999999999 0.521338145362
0.8000000000000003 -0.32000000000000006 0.473371624642
0.8000000000000003 -0.24 0.433549827252
0.8000000000000003 -0.15999999999999992 0.40085113852
0.8000000000000003 -0.08000000000000007 0.374436684705
0.8000000000000003 0.0 0.353628811979
0.8000000000000003 0.08000000000000007 0.33789370144
0.8000000000000003 0.16000000000000014 0.326827674179
0.8000000000000003 0.2400000000000002 0.32014683503
0.8000000000000003 0.31999999999999984 0.317679789335
0.8000000000000003 0.3999999999999999 0.319363245877
0.8000000000000003 0.48 0.325240393161
0.8000000000000003 0.56 0.335462007401
0.8000000000000003 0.6400000000000001 0.350290320635
0.8000000000000003 0.7200000000000002 0.370105748197
0.8000000000000003 0.8000000000000003 0.395416648143
0.8000000000000003 0.8799999999999999 0.426872363005
0.8000000000000003 0.96 0.46527987845
0.8000000000000003 1.04 0.511624526228
0.8000000000000003 1.12 0.567095262518
0.8000000000000003 1.2000000000000002 0.633115170196
0.8000000000000003 1.2800000000000002 0.711377967546
0.8000000000000003 1.3599999999999999 0.803891460021
0.8000000000000003 1.44 0.913029049811
0.8000000000000003 1.52 1.04159062467
0.8000000000000003 1.6 1.19287438809
0.8000000000000003 1.6800000000000002 1.37076147357
0.8000000000000003 1.7600000000000002 1.5798155138
0.8000000000000003 1.8399999999999999 1.82539971911
0.8000000000000003 1.92 2.11381446876
0.8799999999999999 -2.0 7.49629897852
0.8799999999999999 -1.92 6.4108260209
0.8799999999999999 -1.84 5.4858947938
0.8799999999999999 -1.76 4.69777650112
0.8799999999999999 -1.68 4.02625223605
0.8799999999999999 -1.6 3.45409427191
0.8799999999999999 -1.52 2.96662409069
0.8799999999999999 -1.44 2.55133581066
0.8799999999999999 -1.3599999999999999 2.1975753522
0.8799999999999999 -1.28 1.89626711105
0.8799999999999999 -1.2 1.63968112673
0.8799999999999999 -1.12 1.42123477307
0.8799999999999999 -1.04 1.23532388315
0.8799999999999999 -0.96 1.0771789763
0.8799999999999999 -0.8799999999999999 0.942742898719
0.8799999999999999 -0.8 0.828566738543
0.8799999999999999 -0.72 0.731721345211
0.8799999999999999 -0.6399999999999999 0.649722183087
0.8799999999999999 -0.56 0.58046559155
0.8799999999999999 -0.48 0.522174816295
0.8799999999999999 -0.3999999999999999 0.473354427304
0.8799999999999999 -0.32000000000000006 0.432751954098
0.8799999999999999 -0.24 0.399325754034
0.8799999999999999 -0.15999999999999992 0.372218289315
0.8799999999999999 -0.08000000000000007 0.350734127153
0.8799999999999999 0.0 0.334322098671
0.8799999999999999 0.08000000000000007 0.32256115886
0.8799999999999999 0.16000000000000014 0.315149584808
0.8799999999999999 0.2400000000000002 0.311897235104
0.8799999999999999 0.31999999999999984 0.312720671822
0.8799999999999999 0.3999999999999999 0.31764101995
0.8799999999999999 0.48 0.326784509347
0.8799999999999999 0.56 0.340385713123
0.8799999999999999 0.6400000000000001 0.358793565538
0.8799999999999999 0.7200000000000002 0.382480313785
0.8799999999999999 0.8000000000000003 0.412053633336
0.8799999999999999 0.8799999999999999 0.448272217648
0.8799999999999999 0.96 0.492065242186
0.8799999999999999 1.04 0.544556202102
0.8799999999999999 1.12 0.607091735124
0.8799999999999999 1.2000000000000002 0.681276169087
0.8799999999999999 1.2800000000000002 0.769012680419
0.8799999999999999 1.3599999999999999 0.872552119484
0.8799999999999999 1.44 0.994550755383
0.8799999999999999 1.52 1.13813842164
0.8799999999999999 1.6 1.30699881099
0.8799999999999999 1.6800000000000002 1.50546397933
0.8799999999999999 1.7600000000000002 1.73862548304
0.8799999999999999 1.8399999999999999 2.01246500123
0.8799999999999999 1.92 2.33400779362
0.96 -2.0 6.50693874687
0.96 -1.92 5.56746154679
0.96 -1.84 4.76694550948
0.96 -1.76 4.0848536682
0.96 -1.68 3.50368718871
0.96 -1.6 3.00853644259
0.96 -1.52 2.58669850583
0.96 -1.44 2.2273512696
0.96 -1.3599999999999999 1.92127580275
0.96 -1.28 1.66061984326
0.96 -1.2 1.43869635111
0.96 -1.12 1.24981195458
0.96 -1.04 1.08912088871
0.96 -0.96 0.952500678844
0.96 -0.8799999999999999 0.836446379953
0.96 -0.8 0.737980658463
0.96 -0.72 0.654577409772
0.96 -0.6399999999999999 0.584096951894
0.96 -0.56 0.52473113265
0.96 -0.48 0.474956942134
0.96 -0.3999999999999999 0.433497440413
0.96 -0.32000000000000006 0.399288998068
0.96 -0.24 0.371454009144
0.96 -0.15999999999999992 0.349278376465
0.96 -0.08000000000000007 0.332193191715
0.96 0.0 0.319760140289
0.96 0.08000000000000007 0.311660256481
0.96 0.16000000000000014 0.307685740525
0.96 0.2400000000000002 0.307734627566
0.96 0.31999999999999984 0.311808171785
0.96 0.3999999999999999 0.320010878573
0.96 0.48 0.332553185584
0.96 0.56 0.34975686144
0.96 0.6400000000000001 0.372063260593
0.96 0.7200000000000002 0.400044646131
0.96 0.8000000000000003 0.434418870983
0.96 0.8799999999999999 0.476067794199
0.96 0.96 0.526059904743
0.96 1.04 0.585677733211
0.96 1.12 0.656450754719
0.96 1.2000000000000002 0.740194627069
0.96 1.2800000000000002 0.839057770829
0.96 1.3599999999999999 0.955576486336
0.96 1.44 1.09274002161
0.96 1.52 1.25406726052
0.96 1.6 1.4436969985
0.96 1.6800000000000002 1.66649412202
0.96 1.7600000000000002 1.92817441551
0.96 1.8399999999999999 2.23545119792
0.96 1.92 2.59620755062
1.04 -2.0 5.665325967
1.04 -1.92 4.8501005747
1.04 -1.84 4.15547180974
1.04 -1.76 3.56361920737
1.04 -1.68 3.05935899032
1.04 -1.6 2.62975453421
1.04 -1.52 2.26378448278
1.04 -1.44 1.95205999882
1.04 -1.3599999999999999 1.68658389668
1.04 -1.28 1.46054547725
1.04 -1.2 1.26814580173
1.04 -1.12 1.10444892188
1.04 -1.04 0.965255249893
1.04 -0.96 0.846993819459
1.04 -0.8799999999999999 0.746630673792
1.04 -0.8 0.661591030516
1.04 -0.72 0.589693226501
1.04 -0.6399999999999999 0.529092748032
1.04 -0.56 0.478234910442
1.04 -0.48 0.435814973201
1.04 -0.3999999999999999 0.400744667243
1.04 -0.32000000000000006 0.372124275794
1.04 -0.24 0.349219552445
1.04 -0.15999999999999992 0.331442884305
1.04 -0.08000000000000007 0.318338217
1.04 0.0 0.309569354744
1.04 0.08000000000000007 0.304911335359
1.04 0.16000000000000014 0.304244658941
1.04 0.2400000000000002 0.307552222134
1.04 0.31999999999999984 0.314918879347
1.04 0.3999999999999999 0.326533619664
1.04 0.48 0.342694415301
1.04 0.56 0.363815865972
1.04 0.6400000000000001 0.390439835314
1.04 0.7200000000000002 0.423249352207
1.04 0.8000000000000003 0.463086133649
1.04 0.8799999999999999 0.510972178722
1.04 0.96 0.56813598763
1.04 1.04 0.636044078452
1.04 1.12 0.716438610166
1.04 1.2000000000000002 0.811382077146
1.04 1.2800000000000002 0.923310221753
1.04 1.3599999999999999 1.05509452248
1.04 1.44 1.21011586074
1.04 1.52 1.39235125626
1.04 1.6 1.60647589614
1.04 1.6800000000000002 1.85798307521
1.04 1.7600000000000002 2.15332512463
1.04 1.8399999999999999 2.50007894423
1.04 1.92 2.90714038536
1.12 -2.0 4.94986934923
1.12 -1.92 4.2403394528
1.12 -1.84 3.63578654474
1.12 -1.76 3.12070102577
1.12 -1.68 2.68186855206
1.12 -1.6 2.3080310257
1.12 -1.52 1.98959777208
1.12 -1.44 1.71839949437
1.12 -1.3599999999999999 1.48747869295
1.12 -1.28 1.29091117321
1.12 -1.2 1.12365406225
1.12 -1.12 0.981416435782
1.12 -1.04 0.86054923585
1.12 -0.96 0.757951655546
1.12 -0.8799999999999999 0.670991588834
1.12 -0.8 0.597438104773
1.12 -0.72 0.53540421374
1.12 -0.6399999999999999 0.483298457355
1.12 -0.56 0.439784080156
1.12 -0.48 0.403744735593
1.12 -0.3999999999999999 0.374255846536
1.12 -0.32000000000000006 0.350560885564
1.12 -0.24 0.33205196651
1.12 -0.15999999999999992 0.318254249349
1.12 -0.08000000000000007 0.30881375834
1.12 0.0 0.303488300897
1.12 0.08000000000000007 0.302141254218
1.12 0.16000000000000014 0.30473806028
1.12 0.2400000000000002 0.31134533926
1.12 0.31999999999999984 0.322132598652
1.12 0.3999999999999999 0.337376581928
1.12 0.48 0.357468368296
1.12 0.56 0.382923405703
1.12 0.6400000000000001 0.414394734477
1.12 0.7200000000000002 0.452689740858
1.12 0.8000000000000003 0.498790870211
1.12 0.8799999999999999 0.553880831334
1.12 0.96 0.619372938446
1.12 1.04 0.696947369286
1.12 1.12 0.788594269498
1.12 1.2000000000000002 0.896664809144
1.12 1.2800000000000002 1.02393150117
1.12 1.3599999999999999 1.17365932928
1.12 1.44 1.34968951
1.12 1.52 1.55653803774
1.12 1.6 1.79951154117
1.12 1.6800000000000002 2.08484342287
1.12 1.7600000000000002 2.41985377526
1.12 1.8399999999999999 2.81313717501
1.12 1.92 3.274783174
1.2000000000000002 -2.0 4.34221409732
1.2000000000000002 -1.92 3.72253496686
1.2000000000000002 -1.84 3.19455736572
1.2000000000000002 -1.76 2.74473620807
1.2000000000000002 -1.68 2.36153148507
1.2000000000000002 -1.6 2.03511220985
1.2000000000000002 -1.52 1.75710420691
1.2000000000000002 -1.44 1.52037527546
1.2000000000000002 -1.3599999999999999 1.31885221526
1.2000000000000002 -1.28 1.14736502074
1.2000000000000002 -1.2 1.00151424623
1.2000000000000002 -1.12 0.877558139703
1.2000000000000002 -1.04 0.772316649398
1.2000000000000002 -0.96 0.683089840668
1.2000000000000002 -0.8799999999999999 0.607588630076
1.2000000000000002 -0.8 0.543876059738
1.2000000000000002 -0.72 0.490317605327
1.2000000000000002 -0.6399999999999999 0.445539242907
1.2000000000000002 -0.56 0.408392198816
1.2000000000000002 -0.48 0.37792347827
1.2000000000000002 -0.3999999999999999 0.353351416605
1.2000000000000002 -0.32000000000000006 0.334045625933
1.2000000000000002 -0.24 0.319510822759
1.2000000000000002 -0.15999999999999992 0.309374121652
1.2000000000000002 -0.08000000000000007 0.30337546899
1.2000000000000002 0.0 0.301360971379
1.2000000000000002 0.08000000000000007 0.303278947569
1.2000000000000002 0.16000000000000014 0.309178602585
1.2000000000000002 0.2400000000000002 0.319211290073
1.2000000000000002 0.31999999999999984 0.333634395216
1.2000000000000002 0.3999999999999999 0.352817937874
1.2000000000000002 0.48 0.377254065311
1.2000000000000002 0.56 0.407569678065
1.2000000000000002 0.6400000000000001 0.444542512874
1.2000000000000002 0.7200000000000002 0.489121095243
1.2000000000000002 0.8000000000000003 0.542449073544
1.2000000000000002 0.8799999999999999 0.605894558926
1.2000000000000002 0.96 0.681085223742
1.2000000000000002 1.04 0.76995005893
1.2000000000000002 1.12 0.87476886162
1.2000000000000002 1.2000000000000002 0.998230722552
1.2000000000000002 1.2800000000000002 1.14350301379
1.2000000000000002 1.3599999999999999 1.31431264655
1.2000000000000002 1.44 1.5150416839
1.2000000000000002 1.52 1.75083976103
1.2000000000000002 1.6 2.02775619742
1.2000000000000002 1.6800000000000002 2.35289519009
1.2000000000000002 1.7600000000000002 2.73459806933
1.2000000000000002 1.8399999999999999 3.18265729272
1.2000000000000002 1.92 3.70856766727
1.2800000000000002 -2.0 3.8267710224
1.2800000000000002 -1.92 3.28340301888
1.2800000000000002 -1.84 2.82046468814
1.2800000000000002 -1.76 2.42607950472
1.2800000000000002 -1.68 2.09012965085
1.2800000000000002 -1.6 1.80399644725
1.2800000000000002 -1.52 1.5603392439
1.2800000000000002 -1.44 1.3529070981
1.2800000000000002 -1.3599999999999999 1.17637840867
1.2800000000000002 -1.28 1.02622439212
1.2800000000000002 -1.2 0.898592898211
1.2800000000000002 -1.12 0.79020958437
1.2800000000000002 -1.04 0.698293913533
1.2800000000000002 -0.96 0.62048782042
1.2800000000000002 -0.8799999999999999 0.554795216171
1.2800000000000002 -0.8 0.49953077936
1.2800000000000002 -0.72 0.453276719655
1.2800000000000002 -0.6399999999999999 0.414846404881
1.2800000000000002 -0.56 0.383253918381
1.2800000000000002 -0.48 0.357688765656
1.2800000000000002 -0.3999999999999999 0.337495081407
1.2800000000000002 -0.32000000000000006 0.322154803531
1.2800000000000002 -0.24 0.311274382415
1.2800000000000002 -0.15999999999999992 0.304574684556
1.2800000000000002 -0.08000000000000007 0.301883831483
1.2800000000000002 0.0 0.303132790275
1.2800000000000002 0.08000000000000007 0.308353602546
1.2800000000000002 0.16000000000000014 0.317680206459
1.2800000000000002 0.2400000000000002 0.331351872866
1.2800000000000002 0.31999999999999984 0.34971934372
1.2800000000000002 0.3999999999999999 0.373253830239
1.2800000000000002 0.48 0.402559101673
1.2800000000000002 0.56 0.438386974796
1.2800000000000002 0.6400000000000001 0.481656601509
1.2800000000000002 0.7200000000000002 0.533478049372
1.2800000000000002 0.8000000000000003 0.595180780009
1.2800000000000002 0.8799999999999999 0.668347755992
1.2800000000000002 0.96 0.754856051211
1.2800000000000002 1.04 0.856925006563
1.2800000000000002 1.12 0.97717316639
1.2800000000000002 1.2000000000000002 1.11868545634
1.2800000000000002 1.2800000000000002 1.2850923261
1.2800000000000002 1.3599999999999999 1.48066288732
1.2800000000000002 1.44 1.71041443625
1.2800000000000002 1.52 1.98024117075
1.2800000000000002 1.6 2.29706540394
1.2800000000000002 1.6800000000000002 2.66901515379
1.2800000000000002 1.7600000000000002 3.10563266466
1.2800000000000002 1.8399999999999999 3.61811921031
1.2800000000000002 1.92 4.21962245882
1.3599999999999999 -2.0 3.39031660766
1.3599999999999999 -1.92 2.91167782805
1.3599999999999999 -1.84 2.50391129155
1.3599999999999999 -1.76 2.15655588634
1.3599999999999999 -1.68 1.86070032761
1.3599999999999999 -1.6 1.6087545416
1.3599999999999999 -1.52 1.39425494485
1.3599999999999999 -1.44 1.21169862314
1.3599999999999999 -1.3599999999999999 1.05640215611
1.3599999999999999 -1.28 0.924381465705
1.3599999999999999 -1.2 0.812249606013
1.3599999999999999 -1.12 0.717129872298
1.3599999999999999 -1.04 0.636582000138
1.3599999999999999 -0.96 0.568539561261
1.3599999999999999 -0.8799999999999999 0.511256950036
1.3599999999999999 -0.8 0.46326460055
1.3599999999999999 -0.72 0.423331285396
1.3599999999999999 -0.6399999999999999 0.390432528954
1.3599999999999999 -0.56 0.363724324813
1.3599999999999999 -0.48 0.342521483079
1.3599999999999999 -0.3999999999999999 0.326280052055
1.3599999999999999 -0.32000000000000006 0.314583363354
1.3599999999999999 -0.24 0.307131342402
1.3599999999999999 -0.15999999999999992 0.303732810136
1.3599999999999999 -0.08000000000000007 0.304300578368
1.3599999999999999 0.0 0.308849212997
1.3599999999999999 0.08000000000000007 0.317495407699
1.3599999999999999 0.16000000000000014 0.330460977658
1.3599999999999999 0.2400000000000002 0.348078550164
1.3599999999999999 0.31999999999999984 0.370800098047
1.3599999999999999 0.3999999999999999 0.399208534892
1.3599999999999999 0.48 0.434032669488
1.3599999999999999 0.56 0.476165903164
1.3599999999999999 0.6400000000000001 0.526689149704
1.3599999999999999 0.7200000000000002 0.586898565819
1.3599999999999999 0.8000000000000003 0.658338803604
1.3599999999999999 0.8799999999999999 0.742842638067
1.3599999999999999 0.96 0.842577986348
1.3599999999999999 1.04 0.96010352489
1.3599999999999999 1.12 1.09843433142
1.3599999999999999 1.2000000000000002 1.26111923575
1.3599999999999999 1.2800000000000002 1.45233186377
1.3599999999999999 1.3599999999999999 1.67697771044
1.3599999999999999 1.44 1.94081998856
1.3599999999999999 1.52 2.25062748206
1.3599999999999999 1.6 2.61434819684
1.3599999999999999 1.6800000000000002 3.04131326416
1.3599999999999999 1.7600000000000002 3.54247632763
1.3599999999999999 1.8399999999999999 4.13069455522
1.3599999999999999 1.92 4.82105848556
1.44 -2.0 3.02165376351
1.44 -1.92 2.59782291099
1.44 -1.84 2.23677610621
1.44 -1.76 1.92925081616
1.44 -1.68 1.66735758409
1.44 -1.6 1.4443776282
1.44 -1.52 1.25459047353
1.44 -1.44 1.09312719517
1.44 -1.3599999999999999 0.955845507615
1.44 -1.28 0.839223495855
1.44 -1.2 0.740269261833
1.44 -1.12 0.656444168324
1.44 -1.04 0.585597711059
1.44 -0.96 0.525912348266
1.44 -0.8799999999999999 0.475856872259
1.44 -0.8 0.434147126822
1.44 -0.72 0.399713062619
1.44 -0.6399999999999999 0.371671285441
1.44 -0.56 0.349302393032
1.44 -0.48 0.332032519061
1.44 -0.3999999999999999 0.319418610785
1.44 -0.32000000000000006 0.311137062677
1.44 -0.24 0.306975414435
1.44 -0.15999999999999992 0.30682690039
1.44 -0.08000000000000007 0.310687710464
1.44 0.0 0.318656892426
1.44 0.08000000000000007 0.33093889293
1.44 0.16000000000000014 0.347848802522
1.44 0.2400000000000002 0.369820439183
1.44 0.31999999999999984 0.397417477781
1.44 0.3999999999999999 0.431347910956
1.44 0.48 0.472482212433
1.44 0.56 0.52187566873
1.44 0.6400000000000001 0.580795452172
1.44 0.7200000000000002 0.650753129768
1.44 0.8000000000000003 0.733543441948
1.44 0.8799999999999999 0.83129034602
1.44 0.96 0.946501505568
1.44 1.04 1.08213262372
1.44 1.12 1.24166327068
1.44 1.2000000000000002 1.42918615095
1.44 1.2800000000000002 1.64951210027
1.44 1.3599999999999999 1.90829350594
1.44 1.44 2.21216931693
1.44 1.52 2.56893536384
1.44 1.6 2.98774435829
1.44 1.6800000000000002 3.47934070261
1.44 1.7600000000000002 4.05633613386
1.44 1.8399999999999999 4.73353327362
1.44 1.92 5.52830538425
1.52 -2.0 2.71132457004
1.52 -1.92 2.33378642655
1.52 -1.84 2.01220586978
1.52 -1.76 1.73833285989
1.52 -1.68 1.50514127795
1.52 -1.6 1.30664867322
1.52 -1.52 1.13776278542
1.52 -1.44 0.99415090453
1.52 -1.3599999999999999 0.872128716571
1.52 -1.28 0.768565783809
1.52 -1.2 0.680805234419
1.52 -1.12 0.606595601349
1.52 -1.04 0.544033061696
1.52 -0.96 0.49151259478
1.52 -0.8799999999999999 0.447686805882
1.52 -0.8 0.411431359289
1.52 -0.72 0.381816133848
1.52 -0.6399999999999999 0.358081361021
1.52 -0.56 0.33961813328
1.52 -0.48 0.325952782798
1.52 -0.3999999999999999 0.316734729654
1.52 -0.32000000000000006 0.311727487829
1.52 -0.24 0.310802598237
1.52 -0.15999999999999992 0.31393633315
1.52 -0.08000000000000007 0.321209087472
1.52 0.0 0.332807441241
1.52 0.08000000000000007 0.34902894628
1.52 0.16000000000000014 0.370289759784
1.52 0.2400000000000002 0.397135320695
1.52 0.31999999999999984 0.430254342748
1.52 0.3999999999999999 0.470496483193
1.52 0.48 0.518894140459
1.52 0.56 0.576688939986
1.52 0.6400000000000001 0.645363587703
1.52 0.7200000000000002 0.726679908345
1.52 0.8000000000000003 0.822724044466
1.52 0.8799999999999999 0.935959975721
1.52 0.96 1.06929273142
1.52 1.04 1.22614291807
1.52 1.12 1.41053447388
1.52 1.2000000000000002 1.62719790151
1.52 1.2800000000000002 1.88169162752
1.52 1.3599999999999999 2.18054460191
1.52 1.44 2.53142379612
1.52 1.52 2.94333089656
1.52 1.6 3.42683323984
1.52 1.6800000000000002 3.99433491414
1.52 1.7600000000000002 4.66039498196
1.52 1.8399999999999999 5.44210098784
1.52 1.92 6.35950733356
1.6 -2.0 2.45136763732
1.6 -1.92 2.11279460848
1.6 -1.84 1.82443930919
1.6 -1.76 1.57890408229
1.6 -1.68 1.36988980502
1.6 -1.6 1.19203428717
1.6 -1.52 1.04077470592
1.6 -1.44 0.912230548138
1.6 -1.3599999999999999 0.803104057167
1.6 -1.28 0.710595629992
1.6 -1.2 0.632331994368
1.6 -1.12 0.566305323337
1.6 -1.04 0.510821725105
1.6 -0.96 0.464457786827
1.6 -0.8799999999999999 0.426024057431
1.6 -0.8 0.39453453266
1.6 -0.72 0.369181359462
1.6 -0.6399999999999999 0.349314110801
1.6 -0.56 0.334423099169
1.6 -0.48 0.324126300724
1.6 -0.3999999999999999 0.318159554604
1.6 -0.32000000000000006 0.316369785967
1.6 -0.24 0.318711078907
1.6 -0.15999999999999992 0.325243498498
1.6 -0.08000000000000007 0.336134631743
1.6 0.0 0.351663886962
1.6 0.08000000000000007 0.372229661918
1.6 0.16000000000000014 0.398359564573
1.6 0.2400000000000002 0.430723948695
1.6 0.31999999999999984 0.470153111554
1.6 0.3999999999999999 0.517658594914
1.6 0.48 0.574459135798
1.6 0.56 0.642011932768
1.6 0.6400000000000001 0.722050029858
1.6 0.7200000000000002 0.816626777234
1.6 0.8000000000000003 0.92816850919
1.6 0.8799999999999999 1.05953679093
1.6 0.96 1.21410183105
1.6 1.04 1.3958289431
1.6 1.12 1.60938027433
1.6 1.2000000000000002 1.86023441155
1.6 1.2800000000000002 2.15482693233
1.6 1.3599999999999999 2.50071550763
1.6 1.44 2.90677379123
1.6 1.52 3.38341907031
1.6 1.6 3.94287951743
1.6 1.6800000000000002 4.59950790012
1.6 1.7600000000000002 5.37014979626
1.6 1.8399999999999999 6.27457576165
1.6 1.92 7.33598853688
1.6800000000000002 -2.0 2.23511385862
1.6800000000000002 -1.92 1.92917798686
1.6800000000000002 -1.84 1.6686593372
1.6800000000000002 -1.76 1.44687439227
1.6800000000000002 -1.68 1.25813333474
1.6800000000000002 -1.6 1.09759407695
1.6800000000000002 -1.52 0.961138038819
1.6800000000000002 -1.44 0.845264487106
1.6800000000000002 -1.3599999999999999 0.747000725238
1.6800000000000002 -1.28 0.663825829819
1.6800000000000002 -1.2 0.593605977188
1.6800000000000002 -1.12 0.534539700905
1.6800000000000002 -1.04 0.485111675737
1.6800000000000002 -0.96 0.444053842506
1.6800000000000002 -0.8799999999999999 0.410312876461
1.6800000000000002 -0.8 0.383023164592
1.6800000000000002 -0.72 0.361484598621
1.6800000000000002 -0.6399999999999999 0.345144613961
1.6800000000000002 -0.56 0.333584013862
1.6800000000000002 -0.48 0.326506215061
1.6800000000000002 -0.3999999999999999 0.323729639035
1.6800000000000002 -0.32000000000000006 0.325183053671
1.6800000000000002 -0.24 0.330903745826
1.6800000000000002 -0.15999999999999992 0.341038477914
1.6800000000000002 -0.08000000000000007 0.355847253039
1.6800000000000002 0.0 0.375709985291
1.6800000000000002 0.08000000000000007 0.401136246313
1.6800000000000002 0.16000000000000014 0.432778338185
1.6800000000000002 0.2400000000000002 0.471448028014
1.6800000000000002 0.31999999999999984 0.518137373544
1.6800000000000002 0.3999999999999999 0.574044174057
1.6800000000000002 0.48 0.640602699511
1.6800000000000002 0.56 0.719520486242
1.6800000000000002 0.6400000000000001 0.812822143235
1.6800000000000002 0.7200000000000002 0.922901292773
1.6800000000000002 0.8000000000000003 1.05258197801
1.6800000000000002 0.8799999999999999 1.20519111282
1.6800000000000002 0.96 1.38464383266
1.6800000000000002 1.04 1.59554393606
1.6800000000000002 1.12 1.84330199343
1.6800000000000002 1.2000000000000002 2.1342741535
1.6800000000000002 1.2800000000000002 2.47592520808
1.6800000000000002 1.3599999999999999 2.87702009882
1.6800000000000002 1.44 3.34784877874
1.6800000000000002 1.52 3.90049019752
1.6800000000000002 1.6 4.54912218284
1.6800000000000002 1.6800000000000002 5.31038516773
1.6800000000000002 1.7600000000000002 6.20380909519
1.6800000000000002 1.8399999999999999 7.25231445229
1.6800000000000002 1.92 8.48280028742
1.7600000000000002 -2.0 2.05701531681
1.7600000000000002 -1.92 1.77822593968
1.7600000000000002 -1.84 1.54086947158
1.7600000000000002 -1.76 1.33885661305
1.7600000000000002 -1.68 1.16700479288
1.7600000000000002 -1.6 1.02090521106
1.7600000000000002 -1.52 0.896809732506
1.7600000000000002 -1.44 0.791534729911
1.7600000000000002 -1.3599999999999999 0.70237940888
1.7600000000000002 -1.28 0.62705651997
1.7600000000000002 -1.2 0.563633680078
1.7600000000000002 -1.12 0.510483797814
1.7600000000000002 -1.04 0.46624333102
1.7600000000000002 -0.96 0.429777305565
1.7600000000000002 -0.8799999999999999 0.400150197967
1.7600000000000002 -0.8 0.376601934853
1.7600000000000002 -0.72 0.358528393541
1.7600000000000002 -0.6399999999999999 0.345465903475
1.7600000000000002 -0.56 0.337079350914
1.7600000000000002 -0.48 0.333153581703
1.7600000000000002 -0.3999999999999999 0.333587881568
1.7600000000000002 -0.32000000000000006 0.338393392326
1.7600000000000002 -0.24 0.347693397719
1.7600000000000002 -0.15999999999999992 0.361726486225
1.7600000000000002 -0.08000000000000007 0.380852671956
1.7600000000000002 0.0 0.405562630705
1.7600000000000002 0.08000000000000007 0.43649028806
1.7600000000000002 0.16000000000000014 0.474429082554
1.7600000000000002 0.2400000000000002 0.520352321059
1.7600000000000002 0.31999999999999984 0.575438148643
1.7600000000000002 0.3999999999999999 0.641099773482
1.7600000000000002 0.48 0.719021722232
1.7600000000000002 0.56 0.811203055993
1.7600000000000002 0.6400000000000001 0.920008655536
1.7600000000000002 0.7200000000000002 1.04822989152
1.7600000000000002 0.8000000000000003 1.19915623615
1.7600000000000002 0.8799999999999999 1.37665965348
1.7600000000000002 0.96 1.58529393332
1.7600000000000002 1.04 1.83041151718
1.7600000000000002 1.12 2.11830081333
1.7600000000000002 1.2000000000000002 2.45634752374
1.7600000000000002 1.2800000000000002 2.85322412185
1.7600000000000002 1.3599999999999999 3.31911234181
1.7600000000000002 1.44 3.86596438748
1.7600000000000002 1.52 4.50780956215
1.7600000000000002 1.6 5.26111418551
1.7600000000000002 1.6800000000000002 6.14520403153
1.7600000000000002 1.7600000000000002 7.18276012457
1.7600000000000002 1.8399999999999999 8.40040061339
1.7600000000000002 1.92 9.82936365069
1.8399999999999999 -2.0 1.91250295433
1.8399999999999999 -1.92 1.6560658435
1.8399999999999999 -1.84 1.4377913068
1.8399999999999999 -1.76 1.25207958521
1.8399999999999999 -1.68 1.09416630767
1.8399999999999999 -1.6 0.960000262741
1.8399999999999999 -1.52 0.846139466157
1.8399999999999999 -1.44 0.749662857901
1.8399999999999999 -1.3599999999999999 0.668095363396
1.8399999999999999 -1.28 0.599344396306
1.8399999999999999 -1.2 0.541646173948
1.8399999999999999 -1.12 0.493520468047
1.8399999999999999 -1.04 0.453732629985
1.8399999999999999 -0.96 0.421261916304
1.8399999999999999 -0.8799999999999999 0.395275301887
1.8399999999999999 -0.8 0.375106108976
1.8399999999999999 -0.72 0.360236903788
1.8399999999999999 -0.6399999999999999 0.350286221918
1.8399999999999999 -0.56 0.344998782006
1.8399999999999999 -0.48 0.344238936581
1.8399999999999999 -0.3999999999999999 0.347987192065
1.8399999999999999 -0.32000000000000006 0.356339708679
1.8399999999999999 -0.24 0.369510767396
1.8399999999999999 -0.15999999999999992 0.387838267249
1.8399999999999999 -0.08000000000000007 0.411792394015
1.8399999999999999 0.0 0.441987682669
1.8399999999999999 0.08000000000000007 0.479198783076
1.8399999999999999 0.16000000000000014 0.524380333363
1.8399999999999999 0.2400000000000002 0.578691450838
1.8399999999999999 0.31999999999999984 0.643525468752
1.8399999999999999 0.3999999999999999 0.720545681789
1.8399999999999999 0.48 0.811728017325
1.8399999999999999 0.56 0.91941172717
1.8399999999999999 0.6400000000000001 1.04635940029
1.8399999999999999 0.7200000000000002 1.19582783606
1.8399999999999999 0.8000000000000003 1.37165159638
1.8399999999999999 0.8799999999999999 1.57834138003
1.8399999999999999 0.96 1.82119974314
1.8399999999999999 1.04 2.10645713441
1.8399999999999999 1.12 2.44143173524
1.8399999999999999 1.2000000000000002 2.83471720509
1.8399999999999999 1.2800000000000002 3.29640314896
1.8399999999999999 1.3599999999999999 3.83833396275
1.8399999999999999 1.44 4.4744126972
1.8399999999999999 1.52 5.22095773597
1.8399999999999999 1.6 6.09712143815
1.8399999999999999 1.6800000000000002 7.1253814856
1.8399999999999999 1.7600000000000002 8.33211754018
1.8399999999999999 1.8399999999999999 9.74828800503
1.8399999999999999 1.92 11.4102242519
1.92 -2.0 1.79786935569
1.92 -1.92 1.5595637226
1.92 -1.84 1.35678040758
1.92 -1.76 1.18431707363
1.92 -1.68 1.03774923256
1.92 -1.6 0.91331673625
1.92 -1.52 0.807827311318
1.92 -1.44 0.718574662439
1.92 -1.3599999999999999 0.643269043256
1.92 -1.28 0.579978513715
1.92 -1.2 0.527079376803
1.92 -1.12 0.48321452315
1.92 -1.04 0.447258614851
1.92 -0.96 0.418289215306
1.92 -0.8799999999999999 0.39556312442
1.92 -0.8 0.378497312059
1.92 -0.72 0.36665396061
1.92 -0.6399999999999999 0.359729232919
1.92 -0.56 0.357545477451
1.92 -0.48 0.360046670704
1.92 -0.3999999999999999 0.367296979938
1.92 -0.32000000000000006 0.379482409373
1.92 -0.24 0.396915572057
1.92 -0.15999999999999992 0.42004370985
1.92 -0.08000000000000007 0.449460167262
1.92 0.0 0.485919613507
1.92 0.08000000000000007 0.53035740328
1.92 0.16000000000000014 0.583913572966
1.92 0.2400000000000002 0.647962087888
1.92 0.31999999999999984 0.724146090916
1.92 0.3999999999999999 0.814420056743
1.92 0.48 0.921099933265
1.92 0.56 1.04692255644
1.92 0.6400000000000001 1.19511586288
1.92 0.7200000000000002 1.36948170146
1.92 0.8000000000000003 1.57449336849
1.92 0.8799999999999999 1.81541036858
1.92 0.96 2.09841334543
1.92 1.04 2.43076264418
1.92 1.12 2.82098457309
1.92 1.2000000000000002 3.27909014304
1.92 1.2800000000000002 3.81683189666
1.92 1.3599999999999999 4.44800541578
1.92 1.44 5.18880324241
1.92 1.52 6.05823029289
1.92 1.6 7.07859142255
1.92 1.6800000000000002 8.27606364923
1.92 1.7600000000000002 9.68136771568
1.92 1.8399999999999999 11.3305562199
1.92 1.92 13.2659385321
