#diff_E diff_E1_nin diff_E2_nin
0 6.07153858408e-08 6.07153858408e-08 6.07153838317e-09 1.00000000607
1 6.07153843663e-08 6.07153843663e-08 1.21430767663e-08 1.00000001214
2 6.07153828917e-08 6.07153828917e-08 1.82146151495e-08 1.00000001821
3 6.07153814172e-08 6.07153814172e-08 2.42861530886e-08 1.00000002429
4 6.07153799427e-08 6.07153799427e-08 3.03576910277e-08 1.00000003036
5 6.07153784681e-08 6.07153784681e-08 3.64292289667e-08 1.00000003643
6 6.07153769936e-08 6.07153769936e-08 4.25007664617e-08 1.0000000425
7 6.0715375519e-08 6.0715375519e-08 4.85723039567e-08 1.00000004857
8 6.07153740445e-08 6.07153740445e-08 5.46438414517e-08 1.00000005464
9 6.07153725699e-08 6.07153725699e-08 6.07153785026e-08 1.00000006072
10 6.07153710954e-08 6.07153710954e-08 6.67869155535e-08 1.00000006679
11 6.07153696209e-08 6.07153696209e-08 7.28584526044e-08 1.00000007286
12 6.07153681463e-08 6.07153681463e-08 7.89299892112e-08 1.00000007893
13 6.07153666718e-08 6.07153666718e-08 8.5001525818e-08 1.000000085
14 6.07153651972e-08 6.07153651972e-08 9.10730624248e-08 1.00000009107
15 6.07153637227e-08 6.07153637227e-08 9.71445985876e-08 1.00000009714
16 6.07153622482e-08 6.07153622482e-08 1.0321613475e-07 1.00000010322
17 6.07153607736e-08 6.07153607736e-08 1.09287670913e-07 1.00000010929
18 6.07153592991e-08 6.07153592991e-08 1.15359206632e-07 1.00000011536
19 6.07153578245e-08 6.07153578245e-08 1.2143074235e-07 1.00000012143
20 6.071535635e-08 6.071535635e-08 1.27502278069e-07 1.0000001275
21 6.07153548754e-08 6.07153548754e-08 1.33573813343e-07 1.00000013357
22 6.07153534009e-08 6.07153534009e-08 1.39645348618e-07 1.00000013965
23 6.07153519264e-08 6.07153519264e-08 1.45716883893e-07 1.00000014572
24 6.07153504518e-08 6.07153504518e-08 1.51788418723e-07 1.00000015179
25 6.07153489773e-08 6.07153489773e-08 1.57859953553e-07 1.00000015786
26 6.07153475027e-08 6.07153475027e-08 1.63931488384e-07 1.00000016393
27 6.07153460282e-08 6.07153460282e-08 1.7000302277e-07 1.00000017
28 6.07153445537e-08 6.07153445537e-08 1.76074557157e-07 1.00000017607
29 6.07153430791e-08 6.07153430791e-08 1.82146091543e-07 1.00000018215
30 6.07153416046e-08 6.07153416046e-08 1.88217625485e-07 1.00000018822
31 6.071534013e-08 6.071534013e-08 1.94289159428e-07 1.00000019429
32 6.07153386555e-08 6.07153386555e-08 2.0036069337e-07 1.00000020036
33 6.07153371809e-08 6.07153371809e-08 2.06432226868e-07 1.00000020643
34 6.07153357064e-08 6.07153357064e-08 2.12503760366e-07 1.0000002125
35 6.07153342319e-08 6.07153342319e-08 2.18575293864e-07 1.00000021858
36 6.07153327573e-08 6.07153327573e-08 2.24646826918e-07 1.00000022465
37 6.07153312828e-08 6.07153312828e-08 2.30718359973e-07 1.00000023072
38 6.07153298082e-08 6.07153298082e-08 2.36789893027e-07 1.00000023679
39 6.07153283337e-08 6.07153283337e-08 2.42861426081e-07 1.00000024286
40 6.07153268592e-08 6.07153268592e-08 2.48932958691e-07 1.00000024893
41 6.07153253846e-08 6.07153253846e-08 2.55004491301e-07 1.000000255
42 6.07153239101e-08 6.07153239101e-08 2.61076023911e-07 1.00000026108
43 6.07153224355e-08 6.07153224355e-08 2.67147556077e-07 1.00000026715
44 6.0715320961e-08 6.0715320961e-08 2.73219088243e-07 1.00000027322
45 6.07153194865e-08 6.07153194865e-08 2.79290620409e-07 1.00000027929
46 6.07153180119e-08 6.07153180119e-08 2.8536215213e-07 1.00000028536
47 6.07153165374e-08 6.07153165374e-08 2.91433683852e-07 1.00000029143
48 6.07153150628e-08 6.07153150628e-08 2.97505215574e-07 1.00000029751
49 6.07153135883e-08 6.07153135883e-08 3.03576746852e-07 1.00000030358
50 6.07153121138e-08 6.07153121138e-08 3.0964827813e-07 1.00000030965
51 6.07153106392e-08 6.07153106392e-08 3.15719809407e-07 1.00000031572
52 6.07153091647e-08 6.07153091647e-08 3.21791340241e-07 1.00000032179
53 6.07153076901e-08 6.07153076901e-08 3.27862871075e-07 1.00000032786
54 6.07153062156e-08 6.07153062156e-08 3.33934401908e-07 1.00000033393
55 6.07153047411e-08 6.07153047411e-08 3.40005932298e-07 1.00000034001
56 6.07153032665e-08 6.07153032665e-08 3.46077462687e-07 1.00000034608
57 6.0715301792e-08 6.0715301792e-08 3.52148993077e-07 1.00000035215
58 6.07153003174e-08 6.07153003174e-08 3.58220523022e-07 1.00000035822
59 6.07152988429e-08 6.07152988429e-08 3.64292052968e-07 1.00000036429
60 6.07152973684e-08 6.07152973684e-08 3.70363582913e-07 1.00000037036
61 6.07152958938e-08 6.07152958938e-08 3.76435112415e-07 1.00000037644
62 6.07152944193e-08 6.07152944193e-08 3.82506641916e-07 1.00000038251
63 6.07152929448e-08 6.07152929448e-08 3.88578171417e-07 1.00000038858
64 6.07152914702e-08 6.07152914702e-08 3.94649700475e-07 1.00000039465
65 6.07152899957e-08 6.07152899957e-08 4.00721229532e-07 1.00000040072
66 6.07152885211e-08 6.07152885211e-08 4.06792758589e-07 1.00000040679
67 6.07152870466e-08 6.07152870466e-08 4.12864287203e-07 1.00000041286
68 6.07152855721e-08 6.07152855721e-08 4.18935815816e-07 1.00000041894
69 6.07152840975e-08 6.07152840975e-08 4.25007344429e-07 1.00000042501
70 6.0715282623e-08 6.0715282623e-08 4.31078872598e-07 1.00000043108
71 6.07152811484e-08 6.07152811484e-08 4.37150400767e-07 1.00000043715
72 6.07152796739e-08 6.07152796739e-08 4.43221928936e-07 1.00000044322
73 6.07152781994e-08 6.07152781994e-08 4.49293456661e-07 1.00000044929
74 6.07152767248e-08 6.07152767248e-08 4.55364984386e-07 1.00000045536
75 6.07152752503e-08 6.07152752503e-08 4.61436512111e-07 1.00000046144
76 6.07152737758e-08 6.07152737758e-08 4.67508039392e-07 1.00000046751
77 6.07152723012e-08 6.07152723012e-08 4.73579566673e-07 1.00000047358
78 6.07152708267e-08 6.07152708267e-08 4.79651093954e-07 1.00000047965
79 6.07152693521e-08 6.07152693521e-08 4.85722620791e-07 1.00000048572
80 6.07152678776e-08 6.07152678776e-08 4.91794147628e-07 1.00000049179
81 6.07152664031e-08 6.07152664031e-08 4.97865674465e-07 1.00000049787
82 6.07152649285e-08 6.07152649285e-08 5.03937200858e-07 1.00000050394
83 6.0715263454e-08 6.0715263454e-08 5.1000872725e-07 1.00000051001
84 6.07152619795e-08 6.07152619795e-08 5.16080253643e-07 1.00000051608
85 6.07152605049e-08 6.07152605049e-08 5.22151779592e-07 1.00000052215
86 6.07152590304e-08 6.07152590304e-08 5.2822330554e-07 1.00000052822
87 6.07152575558e-08 6.07152575558e-08 5.34294831489e-07 1.00000053429
88 6.07152560813e-08 6.07152560813e-08 5.40366356994e-07 1.00000054037
89 6.07152546068e-08 6.07152546068e-08 5.46437882498e-07 1.00000054644
90 6.07152531322e-08 6.07152531322e-08 5.52509408003e-07 1.00000055251
91 6.07152516577e-08 6.07152516577e-08 5.58580933063e-07 1.00000055858
92 6.07152501832e-08 6.07152501832e-08 5.64652458124e-07 1.00000056465
93 6.07152487086e-08 6.07152487086e-08 5.70723983184e-07 1.00000057072
94 6.07152472341e-08 6.07152472341e-08 5.76795507801e-07 1.0000005768
95 6.07152457595e-08 6.07152457595e-08 5.82867032417e-07 1.00000058287
96 6.0715244285e-08 6.0715244285e-08 5.88938557033e-07 1.00000058894
97 6.07152428105e-08 6.07152428105e-08 5.95010081206e-07 1.00000059501
98 6.07152413359e-08 6.07152413359e-08 6.01081605378e-07 1.00000060108
99 6.07152398614e-08 6.07152398614e-08 6.0715312955e-07 1.00000060715
100 6.07152383869e-08 6.07152383869e-08 6.13224653279e-07 1.00000061322
101 6.07152369123e-08 6.07152369123e-08 6.19296177007e-07 1.0000006193
102 6.07152354378e-08 6.07152354378e-08 6.25367700735e-07 1.00000062537
103 6.07152339633e-08 6.07152339633e-08 6.31439224019e-07 1.00000063144
104 6.07152324887e-08 6.07152324887e-08 6.37510747303e-07 1.00000063751
105 6.07152310142e-08 6.07152310142e-08 6.43582270587e-07 1.00000064358
106 6.07152295397e-08 6.07152295397e-08 6.49653793428e-07 1.00000064965
107 6.07152280651e-08 6.07152280651e-08 6.55725316268e-07 1.00000065573
108 6.07152265906e-08 6.07152265906e-08 6.61796839108e-07 1.0000006618
109 6.0715225116e-08 6.0715225116e-08 6.67868361504e-07 1.00000066787
110 6.07152236415e-08 6.07152236415e-08 6.739398839e-07 1.00000067394
111 6.0715222167e-08 6.0715222167e-08 6.80011406295e-07 1.00000068001
112 6.07152206924e-08 6.07152206924e-08 6.86082928247e-07 1.00000068608
113 6.07152192179e-08 6.07152192179e-08 6.92154450199e-07 1.00000069215
114 6.07152177434e-08 6.07152177434e-08 6.98225972151e-07 1.00000069823
115 6.07152162688e-08 6.07152162688e-08 7.04297493659e-07 1.0000007043
116 6.07152147943e-08 6.07152147943e-08 7.10369015167e-07 1.00000071037
117 6.07152133198e-08 6.07152133198e-08 7.16440536674e-07 1.00000071644
118 6.07152118452e-08 6.07152118452e-08 7.22512057738e-07 1.00000072251
119 6.07152103707e-08 6.07152103707e-08 7.28583578802e-07 1.00000072858
120 6.07152088962e-08 6.07152088962e-08 7.34655099865e-07 1.00000073466
121 6.07152074216e-08 6.07152074216e-08 7.40726620485e-07 1.00000074073
122 6.07152059471e-08 6.07152059471e-08 7.46798141105e-07 1.0000007468
123 6.07152044726e-08 6.07152044726e-08 7.52869661724e-07 1.00000075287
124 6.0715202998e-08 6.0715202998e-08 7.589411819e-07 1.00000075894
125 6.07152015235e-08 6.07152015235e-08 7.65012702075e-07 1.00000076501
126 6.0715200049e-08 6.0715200049e-08 7.71084222251e-07 1.00000077108
127 6.07151985744e-08 6.07151985744e-08 7.77155741982e-07 1.00000077716
128 6.07151970999e-08 6.07151970999e-08 7.83227261714e-07 1.00000078323
129 6.07151956254e-08 6.07151956254e-08 7.89298781445e-07 1.0000007893
130 6.07151941508e-08 6.07151941508e-08 7.95370300732e-07 1.00000079537
131 6.07151926763e-08 6.07151926763e-08 8.0144182002e-07 1.00000080144
132 6.07151912018e-08 6.07151912018e-08 8.07513339307e-07 1.00000080751
133 6.07151897272e-08 6.07151897272e-08 8.1358485815e-07 1.00000081358
134 6.07151882527e-08 6.07151882527e-08 8.19656376994e-07 1.00000081966
135 6.07151867781e-08 6.07151867781e-08 8.25727895837e-07 1.00000082573
136 6.07151853036e-08 6.07151853036e-08 8.31799414236e-07 1.0000008318
137 6.07151838291e-08 6.07151838291e-08 8.37870932635e-07 1.00000083787
138 6.07151823545e-08 6.07151823545e-08 8.43942451034e-07 1.00000084394
139 6.071518088e-08 6.071518088e-08 8.50013968989e-07 1.00000085001
140 6.07151794055e-08 6.07151794055e-08 8.56085486944e-07 1.00000085609
141 6.07151779309e-08 6.07151779309e-08 8.62157004899e-07 1.00000086216
142 6.07151764564e-08 6.07151764564e-08 8.6822852241e-07 1.00000086823
143 6.07151749819e-08 6.07151749819e-08 8.74300039921e-07 1.0000008743
144 6.07151735073e-08 6.07151735073e-08 8.80371557432e-07 1.00000088037
145 6.07151720328e-08 6.07151720328e-08 8.86443074499e-07 1.00000088644
146 6.07151705583e-08 6.07151705583e-08 8.92514591566e-07 1.00000089251
147 6.07151690838e-08 6.07151690838e-08 8.98586108633e-07 1.00000089859
148 6.07151676092e-08 6.07151676092e-08 9.04657625256e-07 1.00000090466
149 6.07151661347e-08 6.07151661347e-08 9.10729141879e-07 1.00000091073
150 6.07151646602e-08 6.07151646602e-08 9.16800658501e-07 1.0000009168
151 6.07151631856e-08 6.07151631856e-08 9.2287217468e-07 1.00000092287
152 6.07151617111e-08 6.07151617111e-08 9.28943690859e-07 1.00000092894
153 6.07151602366e-08 6.07151602366e-08 9.35015207038e-07 1.00000093502
154 6.0715158762e-08 6.0715158762e-08 9.41086722772e-07 1.00000094109
155 6.07151572875e-08 6.07151572875e-08 9.47158238507e-07 1.00000094716
156 6.0715155813e-08 6.0715155813e-08 9.53229754241e-07 1.00000095323
157 6.07151543384e-08 6.07151543384e-08 9.59301269532e-07 1.0000009593
158 6.07151528639e-08 6.07151528639e-08 9.65372784822e-07 1.00000096537
159 6.07151513894e-08 6.07151513894e-08 9.71444300113e-07 1.00000097144
160 6.07151499148e-08 6.07151499148e-08 9.77515814959e-07 1.00000097752
161 6.07151484403e-08 6.07151484403e-08 9.83587329806e-07 1.00000098359
162 6.07151469658e-08 6.07151469658e-08 9.89658844652e-07 1.00000098966
163 6.07151454912e-08 6.07151454912e-08 9.95730359055e-07 1.00000099573
164 6.07151440167e-08 6.07151440167e-08 1.00180187346e-06 1.0000010018
165 6.07151425422e-08 6.07151425422e-08 1.00787338786e-06 1.00000100787
166 6.07151410676e-08 6.07151410676e-08 1.01394490182e-06 1.00000101394
167 6.07151395931e-08 6.07151395931e-08 1.02001641578e-06 1.00000102002
168 6.07151381186e-08 6.07151381186e-08 1.02608792973e-06 1.00000102609
169 6.0715136644e-08 6.0715136644e-08 1.03215944325e-06 1.00000103216
170 6.07151351695e-08 6.07151351695e-08 1.03823095676e-06 1.00000103823
171 6.0715133695e-08 6.0715133695e-08 1.04430247028e-06 1.0000010443
172 6.07151322205e-08 6.07151322205e-08 1.05037398335e-06 1.00000105037
173 6.07151307459e-08 6.07151307459e-08 1.05644549642e-06 1.00000105645
174 6.07151292714e-08 6.07151292714e-08 1.06251700949e-06 1.00000106252
175 6.07151277969e-08 6.07151277969e-08 1.06858852211e-06 1.00000106859
176 6.07151263223e-08 6.07151263223e-08 1.07466003474e-06 1.00000107466
177 6.07151248478e-08 6.07151248478e-08 1.08073154736e-06 1.00000108073
178 6.07151233733e-08 6.07151233733e-08 1.08680305955e-06 1.0000010868
179 6.07151218987e-08 6.07151218987e-08 1.09287457173e-06 1.00000109287
180 6.07151204242e-08 6.07151204242e-08 1.09894608391e-06 1.00000109895
181 6.07151189497e-08 6.07151189497e-08 1.10501759565e-06 1.00000110502
182 6.07151174752e-08 6.07151174752e-08 1.11108910739e-06 1.00000111109
183 6.07151160006e-08 6.07151160006e-08 1.11716061912e-06 1.00000111716
184 6.07151145261e-08 6.07151145261e-08 1.12323213042e-06 1.00000112323
185 6.07151130516e-08 6.07151130516e-08 1.12930364171e-06 1.0000011293
186 6.0715111577e-08 6.0715111577e-08 1.13537515301e-06 1.00000113538
187 6.07151101025e-08 6.07151101025e-08 1.14144666385e-06 1.00000114145
188 6.0715108628e-08 6.0715108628e-08 1.1475181747e-06 1.00000114752
189 6.07151071534e-08 6.07151071534e-08 1.15358968555e-06 1.00000115359
190 6.07151056789e-08 6.07151056789e-08 1.15966119596e-06 1.00000115966
191 6.07151042044e-08 6.07151042044e-08 1.16573270637e-06 1.00000116573
192 6.07151027299e-08 6.07151027299e-08 1.17180421677e-06 1.0000011718
193 6.07151012553e-08 6.07151012553e-08 1.17787572673e-06 1.00000117788
194 6.07150997808e-08 6.07150997808e-08 1.18394723669e-06 1.00000118395
195 6.07150983063e-08 6.07150983063e-08 1.19001874666e-06 1.00000119002
196 6.07150968317e-08 6.07150968317e-08 1.19609025617e-06 1.00000119609
197 6.07150953572e-08 6.07150953572e-08 1.20216176569e-06 1.00000120216
198 6.07150938827e-08 6.07150938827e-08 1.20823327521e-06 1.00000120823
199 6.07150924081e-08 6.07150924081e-08 1.21430478428e-06 1.0000012143
200 6.07150909336e-08 6.07150909336e-08 1.22037629335e-06 1.00000122038
201 6.07150894591e-08 6.07150894591e-08 1.22644780243e-06 1.00000122645
202 6.07150879846e-08 6.07150879846e-08 1.23251931106e-06 1.00000123252
203 6.071508651e-08 6.071508651e-08 1.23859081969e-06 1.00000123859
204 6.07150850355e-08 6.07150850355e-08 1.24466232831e-06 1.00000124466
205 6.0715083561e-08 6.0715083561e-08 1.2507338365e-06 1.00000125073
206 6.07150820864e-08 6.07150820864e-08 1.25680534468e-06 1.00000125681
207 6.07150806119e-08 6.07150806119e-08 1.26287685287e-06 1.00000126288
208 6.07150791374e-08 6.07150791374e-08 1.26894836061e-06 1.00000126895
209 6.07150776629e-08 6.07150776629e-08 1.27501986835e-06 1.00000127502
210 6.07150761883e-08 6.07150761883e-08 1.28109137609e-06 1.00000128109
211 6.07150747138e-08 6.07150747138e-08 1.28716288339e-06 1.00000128716
212 6.07150732393e-08 6.07150732393e-08 1.29323439069e-06 1.00000129323
213 6.07150717647e-08 6.07150717647e-08 1.29930589798e-06 1.00000129931
214 6.07150702902e-08 6.07150702902e-08 1.30537740484e-06 1.00000130538
215 6.07150688157e-08 6.07150688157e-08 1.31144891169e-06 1.00000131145
216 6.07150673412e-08 6.07150673412e-08 1.31752041854e-06 1.00000131752
217 6.07150658666e-08 6.07150658666e-08 1.32359192495e-06 1.00000132359
218 6.07150643921e-08 6.07150643921e-08 1.32966343136e-06 1.00000132966
219 6.07150629176e-08 6.07150629176e-08 1.33573493777e-06 1.00000133573
220 6.07150614431e-08 6.07150614431e-08 1.34180644373e-06 1.00000134181
221 6.07150599685e-08 6.07150599685e-08 1.3478779497e-06 1.00000134788
222 6.0715058494e-08 6.0715058494e-08 1.35394945566e-06 1.00000135395
223 6.07150570195e-08 6.07150570195e-08 1.36002096118e-06 1.00000136002
224 6.07150555449e-08 6.07150555449e-08 1.3660924667e-06 1.00000136609
225 6.07150540704e-08 6.07150540704e-08 1.37216397222e-06 1.00000137216
226 6.07150525959e-08 6.07150525959e-08 1.3782354773e-06 1.00000137824
227 6.07150511214e-08 6.07150511214e-08 1.38430698238e-06 1.00000138431
228 6.07150496468e-08 6.07150496468e-08 1.39037848745e-06 1.00000139038
229 6.07150481723e-08 6.07150481723e-08 1.39644999209e-06 1.00000139645
230 6.07150466978e-08 6.07150466978e-08 1.40252149672e-06 1.00000140252
231 6.07150452233e-08 6.07150452233e-08 1.40859300135e-06 1.00000140859
232 6.07150437487e-08 6.07150437487e-08 1.41466450554e-06 1.00000141466
233 6.07150422742e-08 6.07150422742e-08 1.42073600973e-06 1.00000142074
234 6.07150407997e-08 6.07150407997e-08 1.42680751392e-06 1.00000142681
235 6.07150393251e-08 6.07150393251e-08 1.43287901766e-06 1.00000143288
236 6.07150378506e-08 6.07150378506e-08 1.4389505214e-06 1.00000143895
237 6.07150363761e-08 6.07150363761e-08 1.44502202515e-06 1.00000144502
238 6.07150349016e-08 6.07150349016e-08 1.45109352845e-06 1.00000145109
239 6.0715033427e-08 6.0715033427e-08 1.45716503175e-06 1.00000145717
240 6.07150319525e-08 6.07150319525e-08 1.46323653505e-06 1.00000146324
241 6.0715030478e-08 6.0715030478e-08 1.4693080379e-06 1.00000146931
242 6.07150290035e-08 6.07150290035e-08 1.47537954076e-06 1.00000147538
243 6.07150275289e-08 6.07150275289e-08 1.48145104362e-06 1.00000148145
244 6.07150260544e-08 6.07150260544e-08 1.48752254603e-06 1.00000148752
245 6.07150245799e-08 6.07150245799e-08 1.49359404844e-06 1.00000149359
246 6.07150231054e-08 6.07150231054e-08 1.49966555085e-06 1.00000149967
247 6.07150216308e-08 6.07150216308e-08 1.50573705282e-06 1.00000150574
248 6.07150201563e-08 6.07150201563e-08 1.51180855479e-06 1.00000151181
249 6.07150186818e-08 6.07150186818e-08 1.51788005676e-06 1.00000151788
250 6.07150172073e-08 6.07150172073e-08 1.52395155828e-06 1.00000152395
251 6.07150157327e-08 6.07150157327e-08 1.5300230598e-06 1.00000153002
252 6.07150142582e-08 6.07150142582e-08 1.53609456133e-06 1.00000153609
253 6.07150127837e-08 6.07150127837e-08 1.54216606241e-06 1.00000154217
254 6.07150113092e-08 6.07150113092e-08 1.54823756349e-06 1.00000154824
255 6.07150098346e-08 6.07150098346e-08 1.55430906457e-06 1.00000155431
256 6.07150083601e-08 6.07150083601e-08 1.5603805652e-06 1.00000156038
257 6.07150068856e-08 6.07150068856e-08 1.56645206584e-06 1.00000156645
258 6.07150054111e-08 6.07150054111e-08 1.57252356647e-06 1.00000157252
259 6.07150039365e-08 6.07150039365e-08 1.57859506666e-06 1.0000015786
260 6.0715002462e-08 6.0715002462e-08 1.58466656686e-06 1.00000158467
261 6.07150009875e-08 6.07150009875e-08 1.59073806705e-06 1.00000159074
262 6.0714999513e-08 6.0714999513e-08 1.5968095668e-06 1.00000159681
263 6.07149980384e-08 6.07149980384e-08 1.60288106654e-06 1.00000160288
264 6.07149965639e-08 6.07149965639e-08 1.60895256629e-06 1.00000160895
265 6.07149950894e-08 6.07149950894e-08 1.61502406559e-06 1.00000161502
266 6.07149936149e-08 6.07149936149e-08 1.6210955649e-06 1.0000016211
267 6.07149921403e-08 6.07149921403e-08 1.6271670642e-06 1.00000162717
268 6.07149906658e-08 6.07149906658e-08 1.63323856306e-06 1.00000163324
269 6.07149891913e-08 6.07149891913e-08 1.63931006192e-06 1.00000163931
270 6.07149877168e-08 6.07149877168e-08 1.64538156078e-06 1.00000164538
271 6.07149862422e-08 6.07149862422e-08 1.65145305919e-06 1.00000165145
272 6.07149847677e-08 6.07149847677e-08 1.65752455761e-06 1.00000165752
273 6.07149832932e-08 6.07149832932e-08 1.66359605602e-06 1.0000016636
274 6.07149818187e-08 6.07149818187e-08 1.66966755399e-06 1.00000166967
275 6.07149803442e-08 6.07149803442e-08 1.67573905197e-06 1.00000167574
276 6.07149788696e-08 6.07149788696e-08 1.68181054994e-06 1.00000168181
277 6.07149773951e-08 6.07149773951e-08 1.68788204746e-06 1.00000168788
278 6.07149759206e-08 6.07149759206e-08 1.69395354499e-06 1.00000169395
279 6.07149744461e-08 6.07149744461e-08 1.70002504252e-06 1.00000170003
280 6.07149729715e-08 6.07149729715e-08 1.7060965396e-06 1.0000017061
281 6.0714971497e-08 6.0714971497e-08 1.71216803668e-06 1.00000171217
282 6.07149700225e-08 6.07149700225e-08 1.71823953377e-06 1.00000171824
283 6.0714968548e-08 6.0714968548e-08 1.7243110304e-06 1.00000172431
284 6.07149670734e-08 6.07149670734e-08 1.73038252704e-06 1.00000173038
285 6.07149655989e-08 6.07149655989e-08 1.73645402368e-06 1.00000173645
286 6.07149641244e-08 6.07149641244e-08 1.74252551988e-06 1.00000174253
287 6.07149626499e-08 6.07149626499e-08 1.74859701607e-06 1.0000017486
288 6.07149611754e-08 6.07149611754e-08 1.75466851227e-06 1.00000175467
289 6.07149597008e-08 6.07149597008e-08 1.76074000802e-06 1.00000176074
290 6.07149582263e-08 6.07149582263e-08 1.76681150377e-06 1.00000176681
291 6.07149567518e-08 6.07149567518e-08 1.77288299952e-06 1.00000177288
292 6.07149552773e-08 6.07149552773e-08 1.77895449482e-06 1.00000177895
293 6.07149538027e-08 6.07149538027e-08 1.78502599013e-06 1.00000178503
294 6.07149523282e-08 6.07149523282e-08 1.79109748544e-06 1.0000017911
295 6.07149508537e-08 6.07149508537e-08 1.79716898074e-06 1.00000179717
296 6.07149493792e-08 6.07149493792e-08 1.80324047561e-06 1.00000180324
297 6.07149479047e-08 6.07149479047e-08 1.80931197047e-06 1.00000180931
298 6.07149464301e-08 6.07149464301e-08 1.81538346533e-06 1.00000181538
299 6.07149449556e-08 6.07149449556e-08 1.82145495975e-06 1.00000182145
300 6.07149434811e-08 6.07149434811e-08 1.82752645417e-06 1.00000182753
301 6.07149420066e-08 6.07149420066e-08 1.83359794859e-06 1.0000018336
302 6.0714940532e-08 6.0714940532e-08 1.83966944256e-06 1.00000183967
303 6.07149390575e-08 6.07149390575e-08 1.84574093653e-06 1.00000184574
304 6.0714937583e-08 6.0714937583e-08 1.85181243051e-06 1.00000185181
305 6.07149361085e-08 6.07149361085e-08 1.85788392404e-06 1.00000185788
306 6.0714934634e-08 6.0714934634e-08 1.86395541757e-06 1.00000186396
307 6.07149331594e-08 6.07149331594e-08 1.8700269111e-06 1.00000187003
308 6.07149316849e-08 6.07149316849e-08 1.87609840419e-06 1.0000018761
309 6.07149302104e-08 6.07149302104e-08 1.88216989727e-06 1.00000188217
310 6.07149287359e-08 6.07149287359e-08 1.88824139036e-06 1.00000188824
311 6.07149272613e-08 6.07149272613e-08 1.894312883e-06 1.00000189431
312 6.07149257868e-08 6.07149257868e-08 1.90038437564e-06 1.00000190038
313 6.07149243123e-08 6.07149243123e-08 1.90645586828e-06 1.00000190646
314 6.07149228378e-08 6.07149228378e-08 1.91252736048e-06 1.00000191253
315 6.07149213633e-08 6.07149213633e-08 1.91859885268e-06 1.0000019186
316 6.07149198887e-08 6.07149198887e-08 1.92467034488e-06 1.00000192467
317 6.07149184142e-08 6.07149184142e-08 1.93074183663e-06 1.00000193074
318 6.07149169397e-08 6.07149169397e-08 1.93681332838e-06 1.00000193681
319 6.07149154652e-08 6.07149154652e-08 1.94288482014e-06 1.00000194288
320 6.07149139907e-08 6.07149139907e-08 1.94895631145e-06 1.00000194896
321 6.07149125161e-08 6.07149125161e-08 1.95502780276e-06 1.00000195503
322 6.07149110416e-08 6.07149110416e-08 1.96109929407e-06 1.0000019611
323 6.07149095671e-08 6.07149095671e-08 1.96717078493e-06 1.00000196717
324 6.07149080926e-08 6.07149080926e-08 1.9732422758e-06 1.00000197324
325 6.07149066181e-08 6.07149066181e-08 1.97931376666e-06 1.00000197931
326 6.07149051435e-08 6.07149051435e-08 1.98538525709e-06 1.00000198539
327 6.0714903669e-08 6.0714903669e-08 1.99145674751e-06 1.00000199146
328 6.07149021945e-08 6.07149021945e-08 1.99752823793e-06 1.00000199753
329 6.071490072e-08 6.071490072e-08 2.00359972791e-06 1.0000020036
330 6.07148992455e-08 6.07148992455e-08 2.00967121788e-06 1.00000200967
331 6.07148977709e-08 6.07148977709e-08 2.01574270786e-06 1.00000201574
332 6.07148962964e-08 6.07148962964e-08 2.02181419739e-06 1.00000202181
333 6.07148948219e-08 6.07148948219e-08 2.02788568693e-06 1.00000202789
334 6.07148933474e-08 6.07148933474e-08 2.03395717646e-06 1.00000203396
335 6.07148918729e-08 6.07148918729e-08 2.04002866555e-06 1.00000204003
336 6.07148903983e-08 6.07148903983e-08 2.04610015464e-06 1.0000020461
337 6.07148889238e-08 6.07148889238e-08 2.05217164373e-06 1.00000205217
338 6.07148874493e-08 6.07148874493e-08 2.05824313237e-06 1.00000205824
339 6.07148859748e-08 6.07148859748e-08 2.06431462102e-06 1.00000206431
340 6.07148845003e-08 6.07148845003e-08 2.07038610966e-06 1.00000207039
341 6.07148830258e-08 6.07148830258e-08 2.07645759787e-06 1.00000207646
342 6.07148815512e-08 6.07148815512e-08 2.08252908607e-06 1.00000208253
343 6.07148800767e-08 6.07148800767e-08 2.08860057427e-06 1.0000020886
344 6.07148786022e-08 6.07148786022e-08 2.09467206203e-06 1.00000209467
345 6.07148771277e-08 6.07148771277e-08 2.10074354978e-06 1.00000210074
346 6.07148756532e-08 6.07148756532e-08 2.10681503754e-06 1.00000210682
347 6.07148741786e-08 6.07148741786e-08 2.11288652485e-06 1.00000211289
348 6.07148727041e-08 6.07148727041e-08 2.11895801216e-06 1.00000211896
349 6.07148712296e-08 6.07148712296e-08 2.12502949948e-06 1.00000212503
350 6.07148697551e-08 6.07148697551e-08 2.13110098635e-06 1.0000021311
351 6.07148682806e-08 6.07148682806e-08 2.13717247322e-06 1.00000213717
352 6.0714866806e-08 6.0714866806e-08 2.14324396008e-06 1.00000214324
353 6.07148653315e-08 6.07148653315e-08 2.14931544651e-06 1.00000214932
354 6.0714863857e-08 6.0714863857e-08 2.15538693293e-06 1.00000215539
355 6.07148623825e-08 6.07148623825e-08 2.16145841936e-06 1.00000216146
356 6.0714860908e-08 6.0714860908e-08 2.16752990534e-06 1.00000216753
357 6.07148594335e-08 6.07148594335e-08 2.17360139132e-06 1.0000021736
358 6.07148579589e-08 6.07148579589e-08 2.1796728773e-06 1.00000217967
359 6.07148564844e-08 6.07148564844e-08 2.18574436284e-06 1.00000218574
360 6.07148550099e-08 6.07148550099e-08 2.19181584837e-06 1.00000219182
361 6.07148535354e-08 6.07148535354e-08 2.19788733391e-06 1.00000219789
362 6.07148520609e-08 6.07148520609e-08 2.203958819e-06 1.00000220396
363 6.07148505864e-08 6.07148505864e-08 2.2100303041e-06 1.00000221003
364 6.07148491118e-08 6.07148491118e-08 2.21610178919e-06 1.0000022161
365 6.07148476373e-08 6.07148476373e-08 2.22217327384e-06 1.00000222217
366 6.07148461628e-08 6.07148461628e-08 2.22824475848e-06 1.00000222824
367 6.07148446883e-08 6.07148446883e-08 2.23431624313e-06 1.00000223432
368 6.07148432138e-08 6.07148432138e-08 2.24038772734e-06 1.00000224039
369 6.07148417393e-08 6.07148417393e-08 2.24645921154e-06 1.00000224646
370 6.07148402647e-08 6.07148402647e-08 2.25253069575e-06 1.00000225253
371 6.07148387902e-08 6.07148387902e-08 2.25860217951e-06 1.0000022586
372 6.07148373157e-08 6.07148373157e-08 2.26467366327e-06 1.00000226467
373 6.07148358412e-08 6.07148358412e-08 2.27074514703e-06 1.00000227075
374 6.07148343667e-08 6.07148343667e-08 2.27681663034e-06 1.00000227682
375 6.07148328922e-08 6.07148328922e-08 2.28288811366e-06 1.00000228289
376 6.07148314176e-08 6.07148314176e-08 2.28895959697e-06 1.00000228896
377 6.07148299431e-08 6.07148299431e-08 2.29503107985e-06 1.00000229503
378 6.07148284686e-08 6.07148284686e-08 2.30110256272e-06 1.0000023011
379 6.07148269941e-08 6.07148269941e-08 2.30717404559e-06 1.00000230717
380 6.07148255196e-08 6.07148255196e-08 2.31324552802e-06 1.00000231325
381 6.07148240451e-08 6.07148240451e-08 2.31931701045e-06 1.00000231932
382 6.07148225705e-08 6.07148225705e-08 2.32538849287e-06 1.00000232539
383 6.0714821096e-08 6.0714821096e-08 2.33145997486e-06 1.00000233146
384 6.07148196215e-08 6.07148196215e-08 2.33753145684e-06 1.00000233753
385 6.0714818147e-08 6.0714818147e-08 2.34360293883e-06 1.0000023436
386 6.07148166725e-08 6.07148166725e-08 2.34967442037e-06 1.00000234967
387 6.0714815198e-08 6.0714815198e-08 2.35574590191e-06 1.00000235575
388 6.07148137234e-08 6.07148137234e-08 2.36181738344e-06 1.00000236182
389 6.07148122489e-08 6.07148122489e-08 2.36788886454e-06 1.00000236789
390 6.07148107744e-08 6.07148107744e-08 2.37396034564e-06 1.00000237396
391 6.07148092999e-08 6.07148092999e-08 2.38003182673e-06 1.00000238003
392 6.07148078254e-08 6.07148078254e-08 2.38610330738e-06 1.0000023861
393 6.07148063509e-08 6.07148063509e-08 2.39217478804e-06 1.00000239217
394 6.07148048764e-08 6.07148048764e-08 2.39824626869e-06 1.00000239825
395 6.07148034018e-08 6.07148034018e-08 2.40431774889e-06 1.00000240432
396 6.07148019273e-08 6.07148019273e-08 2.4103892291e-06 1.00000241039
397 6.07148004528e-08 6.07148004528e-08 2.41646070931e-06 1.00000241646
398 6.07147989783e-08 6.07147989783e-08 2.42253218907e-06 1.00000242253
399 6.07147975038e-08 6.07147975038e-08 2.42860366884e-06 1.0000024286
400 6.07147960293e-08 6.07147960293e-08 2.4346751486e-06 1.00000243468
401 6.07147945548e-08 6.07147945548e-08 2.44074662792e-06 1.00000244075
402 6.07147930802e-08 6.07147930802e-08 2.44681810724e-06 1.00000244682
403 6.07147916057e-08 6.07147916057e-08 2.45288958656e-06 1.00000245289
404 6.07147901312e-08 6.07147901312e-08 2.45896106543e-06 1.00000245896
405 6.07147886567e-08 6.07147886567e-08 2.46503254431e-06 1.00000246503
406 6.07147871822e-08 6.07147871822e-08 2.47110402318e-06 1.0000024711
407 6.07147857077e-08 6.07147857077e-08 2.47717550161e-06 1.00000247718
408 6.07147842332e-08 6.07147842332e-08 2.48324698005e-06 1.00000248325
409 6.07147827586e-08 6.07147827586e-08 2.48931845848e-06 1.00000248932
410 6.07147812841e-08 6.07147812841e-08 2.49538993646e-06 1.00000249539
411 6.07147798096e-08 6.07147798096e-08 2.50146141445e-06 1.00000250146
412 6.07147783351e-08 6.07147783351e-08 2.50753289244e-06 1.00000250753
413 6.07147768606e-08 6.07147768606e-08 2.51360436998e-06 1.0000025136
414 6.07147753861e-08 6.07147753861e-08 2.51967584752e-06 1.00000251968
415 6.07147739116e-08 6.07147739116e-08 2.52574732507e-06 1.00000252575
416 6.0714772437e-08 6.0714772437e-08 2.53181880217e-06 1.00000253182
417 6.07147709625e-08 6.07147709625e-08 2.53789027926e-06 1.00000253789
418 6.0714769488e-08 6.0714769488e-08 2.54396175636e-06 1.00000254396
419 6.07147680135e-08 6.07147680135e-08 2.55003323302e-06 1.00000255003
420 6.0714766539e-08 6.0714766539e-08 2.55610470967e-06 1.0000025561
421 6.07147650645e-08 6.07147650645e-08 2.56217618633e-06 1.00000256218
422 6.071476359e-08 6.071476359e-08 2.56824766254e-06 1.00000256825
423 6.07147621154e-08 6.07147621154e-08 2.57431913875e-06 1.00000257432
424 6.07147606409e-08 6.07147606409e-08 2.58039061496e-06 1.00000258039
425 6.07147591664e-08 6.07147591664e-08 2.58646209073e-06 1.00000258646
426 6.07147576919e-08 6.07147576919e-08 2.59253356649e-06 1.00000259253
427 6.07147562174e-08 6.07147562174e-08 2.59860504226e-06 1.00000259861
428 6.07147547429e-08 6.07147547429e-08 2.60467651758e-06 1.00000260468
429 6.07147532684e-08 6.07147532684e-08 2.6107479929e-06 1.00000261075
430 6.07147517939e-08 6.07147517939e-08 2.61681946823e-06 1.00000261682
431 6.07147503193e-08 6.07147503193e-08 2.6228909431e-06 1.00000262289
432 6.07147488448e-08 6.07147488448e-08 2.62896241798e-06 1.00000262896
433 6.07147473703e-08 6.07147473703e-08 2.63503389286e-06 1.00000263503
434 6.07147458958e-08 6.07147458958e-08 2.6411053673e-06 1.00000264111
435 6.07147444213e-08 6.07147444213e-08 2.64717684173e-06 1.00000264718
436 6.07147429468e-08 6.07147429468e-08 2.65324831616e-06 1.00000265325
437 6.07147414723e-08 6.07147414723e-08 2.65931979015e-06 1.00000265932
438 6.07147399978e-08 6.07147399978e-08 2.66539126415e-06 1.00000266539
439 6.07147385233e-08 6.07147385233e-08 2.67146273814e-06 1.00000267146
440 6.07147370487e-08 6.07147370487e-08 2.67753421168e-06 1.00000267753
441 6.07147355742e-08 6.07147355742e-08 2.68360568523e-06 1.00000268361
442 6.07147340997e-08 6.07147340997e-08 2.68967715877e-06 1.00000268968
443 6.07147326252e-08 6.07147326252e-08 2.69574863188e-06 1.00000269575
444 6.07147311507e-08 6.07147311507e-08 2.70182010498e-06 1.00000270182
445 6.07147296762e-08 6.07147296762e-08 2.70789157808e-06 1.00000270789
446 6.07147282017e-08 6.07147282017e-08 2.71396305074e-06 1.00000271396
447 6.07147267272e-08 6.07147267272e-08 2.7200345234e-06 1.00000272003
448 6.07147252526e-08 6.07147252526e-08 2.72610599605e-06 1.00000272611
449 6.07147237781e-08 6.07147237781e-08 2.73217746827e-06 1.00000273218
450 6.07147223036e-08 6.07147223036e-08 2.73824894048e-06 1.00000273825
451 6.07147208291e-08 6.07147208291e-08 2.7443204127e-06 1.00000274432
452 6.07147193546e-08 6.07147193546e-08 2.75039188447e-06 1.00000275039
453 6.07147178801e-08 6.07147178801e-08 2.75646335623e-06 1.00000275646
454 6.07147164056e-08 6.07147164056e-08 2.762534828e-06 1.00000276253
455 6.07147149311e-08 6.07147149311e-08 2.76860629933e-06 1.00000276861
456 6.07147134566e-08 6.07147134566e-08 2.77467777066e-06 1.00000277468
457 6.0714711982e-08 6.0714711982e-08 2.78074924198e-06 1.00000278075
458 6.07147105075e-08 6.07147105075e-08 2.78682071286e-06 1.00000278682
459 6.0714709033e-08 6.0714709033e-08 2.79289218375e-06 1.00000279289
460 6.07147075585e-08 6.07147075585e-08 2.79896365463e-06 1.00000279896
461 6.0714706084e-08 6.0714706084e-08 2.80503512506e-06 1.00000280504
462 6.07147046095e-08 6.07147046095e-08 2.8111065955e-06 1.00000281111
463 6.0714703135e-08 6.0714703135e-08 2.81717806594e-06 1.00000281718
464 6.07147016605e-08 6.07147016605e-08 2.82324953593e-06 1.00000282325
465 6.0714700186e-08 6.0714700186e-08 2.82932100593e-06 1.00000282932
466 6.07146987115e-08 6.07146987115e-08 2.83539247592e-06 1.00000283539
467 6.07146972369e-08 6.07146972369e-08 2.84146394547e-06 1.00000284146
468 6.07146957624e-08 6.07146957624e-08 2.84753541502e-06 1.00000284754
469 6.07146942879e-08 6.07146942879e-08 2.85360688457e-06 1.00000285361
470 6.07146928134e-08 6.07146928134e-08 2.85967835367e-06 1.00000285968
471 6.07146913389e-08 6.07146913389e-08 2.86574982278e-06 1.00000286575
472 6.07146898644e-08 6.07146898644e-08 2.87182129188e-06 1.00000287182
473 6.07146883899e-08 6.07146883899e-08 2.87789276054e-06 1.00000287789
474 6.07146869154e-08 6.07146869154e-08 2.88396422921e-06 1.00000288396
475 6.07146854409e-08 6.07146854409e-08 2.89003569787e-06 1.00000289004
476 6.07146839664e-08 6.07146839664e-08 2.89610716608e-06 1.00000289611
477 6.07146824919e-08 6.07146824919e-08 2.9021786343e-06 1.00000290218
478 6.07146810173e-08 6.07146810173e-08 2.90825010252e-06 1.00000290825
479 6.07146795428e-08 6.07146795428e-08 2.91432157029e-06 1.00000291432
480 6.07146780683e-08 6.07146780683e-08 2.92039303806e-06 1.00000292039
481 6.07146765938e-08 6.07146765938e-08 2.92646450584e-06 1.00000292646
482 6.07146751193e-08 6.07146751193e-08 2.93253597317e-06 1.00000293254
483 6.07146736448e-08 6.07146736448e-08 2.93860744049e-06 1.00000293861
484 6.07146721703e-08 6.07146721703e-08 2.94467890782e-06 1.00000294468
485 6.07146706958e-08 6.07146706958e-08 2.95075037471e-06 1.00000295075
486 6.07146692213e-08 6.07146692213e-08 2.95682184159e-06 1.00000295682
487 6.07146677468e-08 6.07146677468e-08 2.96289330848e-06 1.00000296289
488 6.07146662723e-08 6.07146662723e-08 2.96896477492e-06 1.00000296896
489 6.07146647977e-08 6.07146647977e-08 2.97503624136e-06 1.00000297504
490 6.07146633232e-08 6.07146633232e-08 2.9811077078e-06 1.00000298111
491 6.07146618487e-08 6.07146618487e-08 2.9871791738e-06 1.00000298718
492 6.07146603742e-08 6.07146603742e-08 2.99325063979e-06 1.00000299325
493 6.07146588997e-08 6.07146588997e-08 2.99932210579e-06 1.00000299932
494 6.07146574252e-08 6.07146574252e-08 3.00539357134e-06 1.00000300539
495 6.07146559507e-08 6.07146559507e-08 3.0114650369e-06 1.00000301147
496 6.07146544762e-08 6.07146544762e-08 3.01753650245e-06 1.00000301754
497 6.07146530017e-08 6.07146530017e-08 3.02360796756e-06 1.00000302361
498 6.07146515272e-08 6.07146515272e-08 3.02967943266e-06 1.00000302968
499 6.07146500527e-08 6.07146500527e-08 3.03575089777e-06 1.00000303575
500 6.07146485782e-08 6.07146485782e-08 3.04182236244e-06 1.00000304182
501 6.07146471037e-08 6.07146471037e-08 3.0478938271e-06 1.00000304789
502 6.07146456291e-08 6.07146456291e-08 3.05396529177e-06 1.00000305397
503 6.07146441546e-08 6.07146441546e-08 3.06003675599e-06 1.00000306004
504 6.07146426801e-08 6.07146426801e-08 3.06610822021e-06 1.00000306611
505 6.07146412056e-08 6.07146412056e-08 3.07217968443e-06 1.00000307218
506 6.07146397311e-08 6.07146397311e-08 3.0782511482e-06 1.00000307825
507 6.07146382566e-08 6.07146382566e-08 3.08432261198e-06 1.00000308432
508 6.07146367821e-08 6.07146367821e-08 3.09039407576e-06 1.00000309039
509 6.07146353076e-08 6.07146353076e-08 3.09646553909e-06 1.00000309647
510 6.07146338331e-08 6.07146338331e-08 3.10253700242e-06 1.00000310254
511 6.07146323586e-08 6.07146323586e-08 3.10860846575e-06 1.00000310861
512 6.07146308841e-08 6.07146308841e-08 3.11467992864e-06 1.00000311468
513 6.07146294096e-08 6.07146294096e-08 3.12075139153e-06 1.00000312075
514 6.07146279351e-08 6.07146279351e-08 3.12682285442e-06 1.00000312682
515 6.07146264606e-08 6.07146264606e-08 3.13289431686e-06 1.00000313289
516 6.07146249861e-08 6.07146249861e-08 3.1389657793e-06 1.00000313897
517 6.07146235115e-08 6.07146235115e-08 3.14503724175e-06 1.00000314504
518 6.0714622037e-08 6.0714622037e-08 3.15110870375e-06 1.00000315111
519 6.07146205625e-08 6.07146205625e-08 3.15718016575e-06 1.00000315718
520 6.0714619088e-08 6.0714619088e-08 3.16325162775e-06 1.00000316325
521 6.07146176135e-08 6.07146176135e-08 3.1693230893e-06 1.00000316932
522 6.0714616139e-08 6.0714616139e-08 3.17539455086e-06 1.00000317539
523 6.07146146645e-08 6.07146146645e-08 3.18146601241e-06 1.00000318147
524 6.071461319e-08 6.071461319e-08 3.18753747353e-06 1.00000318754
525 6.07146117155e-08 6.07146117155e-08 3.19360893464e-06 1.00000319361
526 6.0714610241e-08 6.0714610241e-08 3.19968039575e-06 1.00000319968
527 6.07146087665e-08 6.07146087665e-08 3.20575185642e-06 1.00000320575
528 6.0714607292e-08 6.0714607292e-08 3.21182331708e-06 1.00000321182
529 6.07146058175e-08 6.07146058175e-08 3.21789477775e-06 1.00000321789
530 6.0714604343e-08 6.0714604343e-08 3.22396623798e-06 1.00000322397
531 6.07146028685e-08 6.07146028685e-08 3.2300376982e-06 1.00000323004
532 6.0714601394e-08 6.0714601394e-08 3.23610915842e-06 1.00000323611
533 6.07145999195e-08 6.07145999195e-08 3.2421806182e-06 1.00000324218
534 6.0714598445e-08 6.0714598445e-08 3.24825207798e-06 1.00000324825
535 6.07145969704e-08 6.07145969704e-08 3.25432353776e-06 1.00000325432
536 6.07145954959e-08 6.07145954959e-08 3.2603949971e-06 1.00000326039
537 6.07145940214e-08 6.07145940214e-08 3.26646645643e-06 1.00000326647
538 6.07145925469e-08 6.07145925469e-08 3.27253791577e-06 1.00000327254
539 6.07145910724e-08 6.07145910724e-08 3.27860937466e-06 1.00000327861
540 6.07145895979e-08 6.07145895979e-08 3.28468083355e-06 1.00000328468
541 6.07145881234e-08 6.07145881234e-08 3.29075229244e-06 1.00000329075
542 6.07145866489e-08 6.07145866489e-08 3.29682375089e-06 1.00000329682
543 6.07145851744e-08 6.07145851744e-08 3.30289520933e-06 1.0000033029
544 6.07145836999e-08 6.07145836999e-08 3.30896666778e-06 1.00000330897
545 6.07145822254e-08 6.07145822254e-08 3.31503812578e-06 1.00000331504
546 6.07145807509e-08 6.07145807509e-08 3.32110958379e-06 1.00000332111
547 6.07145792764e-08 6.07145792764e-08 3.32718104179e-06 1.00000332718
548 6.07145778019e-08 6.07145778019e-08 3.33325249935e-06 1.00000333325
549 6.07145763274e-08 6.07145763274e-08 3.33932395691e-06 1.00000333932
550 6.07145748529e-08 6.07145748529e-08 3.34539541447e-06 1.0000033454
551 6.07145733784e-08 6.07145733784e-08 3.35146687203e-06 1.00000335147
552 6.07145719039e-08 6.07145719039e-08 3.35753832914e-06 1.00000335754
553 6.07145704294e-08 6.07145704294e-08 3.36360978626e-06 1.00000336361
554 6.07145689549e-08 6.07145689549e-08 3.36968124337e-06 1.00000336968
555 6.07145674804e-08 6.07145674804e-08 3.37575270004e-06 1.00000337575
556 6.07145660059e-08 6.07145660059e-08 3.38182415671e-06 1.00000338182
557 6.07145645314e-08 6.07145645314e-08 3.38789561338e-06 1.0000033879
558 6.07145630569e-08 6.07145630569e-08 3.39396706961e-06 1.00000339397
559 6.07145615824e-08 6.07145615824e-08 3.40003852584e-06 1.00000340004
560 6.07145601078e-08 6.07145601078e-08 3.40610998206e-06 1.00000340611
561 6.07145586333e-08 6.07145586333e-08 3.41218143785e-06 1.00000341218
562 6.07145571588e-08 6.07145571588e-08 3.41825289363e-06 1.00000341825
563 6.07145556843e-08 6.07145556843e-08 3.42432434941e-06 1.00000342432
564 6.07145542098e-08 6.07145542098e-08 3.43039580475e-06 1.0000034304
565 6.07145527353e-08 6.07145527353e-08 3.43646726009e-06 1.00000343647
566 6.07145512608e-08 6.07145512608e-08 3.44253871543e-06 1.00000344254
567 6.07145497863e-08 6.07145497863e-08 3.44861017032e-06 1.00000344861
568 6.07145483118e-08 6.07145483118e-08 3.45468162521e-06 1.00000345468
569 6.07145468373e-08 6.07145468373e-08 3.46075308011e-06 1.00000346075
570 6.07145453628e-08 6.07145453628e-08 3.46682453456e-06 1.00000346682
571 6.07145438883e-08 6.07145438883e-08 3.47289598901e-06 1.0000034729
572 6.07145424138e-08 6.07145424138e-08 3.47896744346e-06 1.00000347897
573 6.07145409393e-08 6.07145409393e-08 3.48503889747e-06 1.00000348504
574 6.07145394648e-08 6.07145394648e-08 3.49111035147e-06 1.00000349111
575 6.07145379903e-08 6.07145379903e-08 3.49718180548e-06 1.00000349718
576 6.07145365158e-08 6.07145365158e-08 3.50325325904e-06 1.00000350325
577 6.07145350413e-08 6.07145350413e-08 3.5093247126e-06 1.00000350932
578 6.07145335668e-08 6.07145335668e-08 3.51539616616e-06 1.0000035154
579 6.07145320923e-08 6.07145320923e-08 3.52146761928e-06 1.00000352147
580 6.07145306178e-08 6.07145306178e-08 3.5275390724e-06 1.00000352754
581 6.07145291433e-08 6.07145291433e-08 3.53361052552e-06 1.00000353361
582 6.07145276688e-08 6.07145276688e-08 3.53968197819e-06 1.00000353968
583 6.07145261943e-08 6.07145261943e-08 3.54575343087e-06 1.00000354575
584 6.07145247198e-08 6.07145247198e-08 3.55182488354e-06 1.00000355182
585 6.07145232453e-08 6.07145232453e-08 3.55789633577e-06 1.0000035579
586 6.07145217708e-08 6.07145217708e-08 3.563967788e-06 1.00000356397
587 6.07145202963e-08 6.07145202963e-08 3.57003924023e-06 1.00000357004
588 6.07145188218e-08 6.07145188218e-08 3.57611069202e-06 1.00000357611
589 6.07145173473e-08 6.07145173473e-08 3.5821821438e-06 1.00000358218
590 6.07145158728e-08 6.07145158728e-08 3.58825359559e-06 1.00000358825
591 6.07145143983e-08 6.07145143983e-08 3.59432504693e-06 1.00000359433
592 6.07145129238e-08 6.07145129238e-08 3.60039649827e-06 1.0000036004
593 6.07145114493e-08 6.07145114493e-08 3.60646794961e-06 1.00000360647
594 6.07145099748e-08 6.07145099748e-08 3.61253940051e-06 1.00000361254
595 6.07145085003e-08 6.07145085003e-08 3.61861085141e-06 1.00000361861
596 6.07145070258e-08 6.07145070258e-08 3.62468230231e-06 1.00000362468
597 6.07145055513e-08 6.07145055513e-08 3.63075375276e-06 1.00000363075
598 6.07145040768e-08 6.07145040768e-08 3.63682520321e-06 1.00000363683
599 6.07145026023e-08 6.07145026023e-08 3.64289665367e-06 1.0000036429
#theta1,theta2 (true)= 3.0 1.0 theta1,theta2 _estimated= 3.0000036429 2.0000036429
