#gd-step, abs-grad_likelihood, theta-error
0 0.13925 0.39986075
1 0.14675 0.399714
2 0.12925 0.39958475
3 0.13675 0.399448
4 0.13675 0.39931125
5 0.11175 0.3991995
6 0.13425 0.39906525
7 0.12925 0.398936
8 0.11925 0.39881675
9 0.13175 0.398685
10 0.11425 0.39857075
11 0.11175 0.398459
12 0.10675 0.39835225
13 0.12425 0.398228
14 0.13925 0.39808875
15 0.15675 0.397932
16 0.14925 0.39778275
17 0.12925 0.3976535
18 0.13425 0.39751925
19 0.13675 0.3973825
20 0.14425 0.39723825
21 0.12175 0.3971165
22 0.11425 0.39700225
23 0.15425 0.396848
24 0.14675 0.39670125
25 0.12675 0.3965745
26 0.13425 0.39644025
27 0.13675 0.3963035
28 0.14175 0.39616175
29 0.14425 0.3960175
30 0.12425 0.39589325
31 0.11675 0.3957765
32 0.15175 0.39562475
33 0.13675 0.395488
34 0.12425 0.39536375
35 0.14425 0.3952195
36 0.12425 0.39509525
37 0.10425 0.394991
38 0.16425 0.39482675
39 0.11925 0.3947075
40 0.10925 0.39459825
41 0.12175 0.3944765
42 0.13175 0.39434475
43 0.17675 0.394168
44 0.12925 0.39403875
45 0.14425 0.3938945
46 0.13675 0.39375775
47 0.12675 0.393631
48 0.12925 0.39350175
49 0.13675 0.393365
50 0.13675 0.39322825
51 0.12425 0.393104
52 0.13175 0.39297225
53 0.11425 0.392858
54 0.13925 0.39271875
55 0.14675 0.392572
56 0.13175 0.39244025
57 0.12175 0.3923185
58 0.13425 0.39218425
59 0.14675 0.3920375
60 0.10925 0.39192825
61 0.14675 0.3917815
62 0.12425 0.39165725
63 0.12425 0.391533
64 0.12425 0.39140875
65 0.12425 0.3912845
66 0.11675 0.39116775
67 0.12425 0.3910435
68 0.14675 0.39089675
69 0.12675 0.39077
70 0.09425 0.39067575
71 0.12675 0.390549
72 0.11675 0.39043225
73 0.11175 0.3903205
74 0.10175 0.39021875
75 0.13425 0.3900845
76 0.09175 0.38999275
77 0.13675 0.389856
78 0.13675 0.38971925
79 0.15675 0.3895625
80 0.09925 0.38946325
81 0.13175 0.3893315
82 0.13925 0.38919225
83 0.13675 0.3890555
84 0.13675 0.38891875
85 0.13175 0.388787
86 0.13675 0.38865025
87 0.11425 0.388536
88 0.11425 0.38842175
89 0.11675 0.388305
90 0.12425 0.38818075
91 0.13925 0.3880415
92 0.12175 0.38791975
93 0.15425 0.3877655
94 0.10175 0.38766375
95 0.09425 0.3875695
96 0.11175 0.38745775
97 0.12175 0.387336
98 0.14175 0.38719425
99 0.11925 0.387075
100 0.14175 0.38693325
101 0.14175 0.3867915
102 0.12175 0.38666975
103 0.15675 0.386513
104 0.14425 0.38636875
105 0.14425 0.3862245
106 0.13175 0.38609275
107 0.10675 0.385986
108 0.11175 0.38587425
109 0.11175 0.3857625
110 0.10175 0.38566075
111 0.10175 0.385559
112 0.14425 0.38541475
113 0.09675 0.385318
114 0.13925 0.38517875
115 0.15425 0.3850245
116 0.14425 0.38488025
117 0.12925 0.384751
118 0.11675 0.38463425
119 0.13925 0.384495
120 0.15425 0.38434075
121 0.13675 0.384204
122 0.14425 0.38405975
123 0.16675 0.383893
124 0.13675 0.38375625
125 0.11675 0.3836395
126 0.14175 0.38349775
127 0.11425 0.3833835
128 0.12425 0.38325925
129 0.12425 0.383135
130 0.12425 0.38301075
131 0.12675 0.382884
132 0.10175 0.38278225
133 0.11925 0.382663
134 0.08925 0.38257375
135 0.11175 0.382462
136 0.13925 0.38232275
137 0.12425 0.3821985
138 0.13925 0.38205925
139 0.10925 0.38195
140 0.14675 0.38180325
141 0.13175 0.3816715
142 0.12925 0.38154225
143 0.12675 0.3814155
144 0.12425 0.38129125
145 0.13175 0.3811595
146 0.10425 0.38105525
147 0.13675 0.3809185
148 0.10925 0.38080925
149 0.12925 0.38068
150 0.13925 0.38054075
151 0.13675 0.380404
152 0.13675 0.38026725
153 0.13175 0.3801355
154 0.14425 0.37999125
155 0.14675 0.3798445
156 0.11425 0.37973025
157 0.13175 0.3795985
158 0.11675 0.37948175
159 0.12425 0.3793575
160 0.13925 0.37921825
161 0.11175 0.3791065
162 0.13175 0.37897475
163 0.13925 0.3788355
164 0.11675 0.37871875
165 0.11925 0.3785995
166 0.15425 0.37844525
167 0.11425 0.378331
168 0.14175 0.37818925
169 0.12425 0.378065
170 0.13425 0.37793075
171 0.12175 0.377809
172 0.12925 0.37767975
173 0.12175 0.377558
174 0.15175 0.37740625
175 0.13175 0.3772745
176 0.10925 0.37716525
177 0.14925 0.377016
178 0.10925 0.37690675
179 0.10925 0.3767975
180 0.12925 0.37666825
181 0.11925 0.376549
182 0.12675 0.37642225
183 0.10925 0.376313
184 0.11425 0.37619875
185 0.11925 0.3760795
186 0.14925 0.37593025
187 0.13675 0.3757935
188 0.12175 0.37567175
189 0.12425 0.3755475
190 0.12675 0.37542075
191 0.13675 0.375284
192 0.12675 0.37515725
193 0.13425 0.375023
194 0.14175 0.37488125
195 0.10425 0.374777
196 0.12925 0.37464775
197 0.12675 0.374521
198 0.13425 0.37438675
199 0.10425 0.3742825
200 0.10675 0.37417575
201 0.13675 0.374039
202 0.12425 0.37391475
203 0.11675 0.373798
204 0.12175 0.37367625
205 0.10675 0.3735695
206 0.14925 0.37342025
207 0.12175 0.3732985
208 0.10425 0.37319425
209 0.10175 0.3730925
210 0.14175 0.37295075
211 0.12425 0.3728265
212 0.10425 0.37272225
213 0.13925 0.372583
214 0.09925 0.37248375
215 0.12175 0.372362
216 0.10925 0.37225275
217 0.12425 0.3721285
218 0.11925 0.37200925
219 0.12175 0.3718875
220 0.12175 0.37176575
221 0.14175 0.371624
222 0.09675 0.37152725
223 0.11675 0.3714105
224 0.13925 0.37127125
225 0.12925 0.371142
226 0.14175 0.37100025
227 0.10425 0.370896
228 0.12175 0.37077425
229 0.09675 0.3706775
230 0.11675 0.37056075
231 0.11675 0.370444
232 0.11925 0.37032475
233 0.11675 0.370208
234 0.12925 0.37007875
235 0.14175 0.369937
236 0.10675 0.36983025
237 0.13925 0.369691
238 0.11925 0.36957175
239 0.13425 0.3694375
240 0.10425 0.36933325
241 0.12925 0.369204
242 0.11925 0.36908475
243 0.13925 0.3689455
244 0.13175 0.36881375
245 0.13175 0.368682
246 0.14425 0.36853775
247 0.11425 0.3684235
248 0.10175 0.36832175
249 0.12675 0.368195
250 0.14175 0.36805325
251 0.12925 0.367924
252 0.13175 0.36779225
253 0.10425 0.367688
254 0.12425 0.36756375
255 0.11425 0.3674495
256 0.12425 0.36732525
257 0.12425 0.367201
258 0.11675 0.36708425
259 0.12425 0.36696
260 0.11425 0.36684575
261 0.11675 0.366729
262 0.12925 0.36659975
263 0.11175 0.366488
264 0.10675 0.36638125
265 0.12675 0.3662545
266 0.11175 0.36614275
267 0.13425 0.3660085
268 0.15175 0.36585675
269 0.15425 0.3657025
270 0.13175 0.36557075
271 0.13675 0.365434
272 0.11425 0.36531975
273 0.11675 0.365203
274 0.13675 0.36506625
275 0.10675 0.3649595
276 0.09675 0.36486275
277 0.12175 0.364741
278 0.13175 0.36460925
279 0.11925 0.36449
280 0.11925 0.36437075
281 0.07425 0.3642965
282 0.14925 0.36414725
283 0.10925 0.364038
284 0.11175 0.36392625
285 0.08175 0.3638445
286 0.11425 0.36373025
287 0.10925 0.363621
288 0.11175 0.36350925
289 0.14425 0.363365
290 0.09425 0.36327075
291 0.13425 0.3631365
292 0.10675 0.36302975
293 0.12175 0.362908
294 0.12675 0.36278125
295 0.14675 0.3626345
296 0.11925 0.36251525
297 0.11925 0.362396
298 0.12675 0.36226925
299 0.12425 0.362145
300 0.11425 0.36203075
301 0.10175 0.361929
302 0.08925 0.36183975
303 0.10925 0.3617305
304 0.11425 0.36161625
305 0.14175 0.3614745
306 0.10675 0.36136775
307 0.12675 0.361241
308 0.13675 0.36110425
309 0.13175 0.3609725
310 0.12175 0.36085075
311 0.13175 0.360719
312 0.13175 0.36058725
313 0.11425 0.360473
314 0.09675 0.36037625
315 0.12175 0.3602545
316 0.12175 0.36013275
317 0.12675 0.360006
318 0.11175 0.35989425
319 0.13925 0.359755
320 0.12675 0.35962825
321 0.13925 0.359489
322 0.09925 0.35938975
323 0.10675 0.359283
324 0.11675 0.35916625
325 0.11425 0.359052
326 0.12675 0.35892525
327 0.11675 0.3588085
328 0.12675 0.35868175
329 0.11175 0.35857
330 0.11675 0.35845325
331 0.11175 0.3583415
332 0.14675 0.35819475
333 0.13175 0.358063
334 0.12175 0.35794125
335 0.11175 0.3578295
336 0.09675 0.35773275
337 0.10425 0.3576285
338 0.10425 0.35752425
339 0.10675 0.3574175
340 0.13175 0.35728575
341 0.12175 0.357164
342 0.11425 0.35704975
343 0.11925 0.3569305
344 0.10675 0.35682375
345 0.14675 0.356677
346 0.14675 0.35653025
347 0.10675 0.3564235
348 0.15175 0.35627175
349 0.09675 0.356175
350 0.13925 0.35603575
351 0.11675 0.355919
352 0.10925 0.35580975
353 0.09175 0.355718
354 0.12425 0.35559375
355 0.13925 0.3554545
356 0.12675 0.35532775
357 0.15175 0.355176
358 0.12925 0.35504675
359 0.11175 0.354935
360 0.12675 0.35480825
361 0.11925 0.354689
362 0.13425 0.35455475
363 0.13175 0.354423
364 0.13425 0.35428875
365 0.13175 0.354157
366 0.11675 0.35404025
367 0.11175 0.3539285
368 0.11175 0.35381675
369 0.11675 0.3537
370 0.08925 0.35361075
371 0.10925 0.3535015
372 0.12925 0.35337225
373 0.12675 0.3532455
374 0.10925 0.35313625
375 0.13925 0.352997
376 0.12925 0.35286775
377 0.13925 0.3527285
378 0.09675 0.35263175
379 0.13175 0.3525
380 0.12175 0.35237825
381 0.13175 0.3522465
382 0.13675 0.35210975
383 0.13175 0.351978
384 0.13175 0.35184625
385 0.09425 0.351752
386 0.12425 0.35162775
387 0.11925 0.3515085
388 0.15175 0.35135675
389 0.12925 0.3512275
390 0.12425 0.35110325
391 0.11425 0.350989
392 0.11425 0.35087475
393 0.12925 0.3507455
394 0.14175 0.35060375
395 0.13425 0.3504695
396 0.09675 0.35037275
397 0.13425 0.3502385
398 0.13675 0.35010175
399 0.09675 0.350005
400 0.13925 0.34986575
401 0.12425 0.3497415
402 0.09675 0.34964475
403 0.14675 0.349498
404 0.13425 0.34936375
405 0.10175 0.349262
406 0.11425 0.34914775
407 0.13425 0.3490135
408 0.12175 0.34889175
409 0.14675 0.348745
410 0.12175 0.34862325
411 0.12675 0.3484965
412 0.11675 0.34837975
413 0.13175 0.348248
414 0.12425 0.34812375
415 0.10675 0.348017
416 0.10175 0.34791525
417 0.09175 0.3478235
418 0.13175 0.34769175
419 0.08175 0.34761
420 0.12675 0.34748325
421 0.13425 0.347349
422 0.11675 0.34723225
423 0.10675 0.3471255
424 0.13175 0.34699375
425 0.14675 0.346847
426 0.07925 0.34676775
427 0.11925 0.3466485
428 0.10675 0.34654175
429 0.13175 0.34641
430 0.11175 0.34629825
431 0.10925 0.346189
432 0.09925 0.34608975
433 0.09925 0.3459905
434 0.11175 0.34587875
435 0.10675 0.345772
436 0.08925 0.34568275
437 0.07925 0.3456035
438 0.12675 0.34547675
439 0.06925 0.3454075
440 0.12175 0.34528575
441 0.14175 0.345144
442 0.09925 0.34504475
443 0.11675 0.344928
444 0.12175 0.34480625
445 0.12175 0.3446845
446 0.13175 0.34455275
447 0.10925 0.3444435
448 0.12925 0.34431425
449 0.11175 0.3442025
450 0.11175 0.34409075
451 0.11675 0.343974
452 0.12425 0.34384975
453 0.09925 0.3437505
454 0.12425 0.34362625
455 0.13925 0.343487
456 0.14425 0.34334275
457 0.09425 0.3432485
458 0.09425 0.34315425
459 0.15175 0.3430025
460 0.13425 0.34286825
461 0.12175 0.3427465
462 0.11675 0.34262975
463 0.09925 0.3425305
464 0.09925 0.34243125
465 0.12175 0.3423095
466 0.13925 0.34217025
467 0.11175 0.3420585
468 0.10675 0.34195175
469 0.08675 0.341865
470 0.13425 0.34173075
471 0.14175 0.341589
472 0.10175 0.34148725
473 0.12675 0.3413605
474 0.14175 0.34121875
475 0.14675 0.341072
476 0.14425 0.34092775
477 0.11175 0.340816
478 0.09175 0.34072425
479 0.12925 0.340595
480 0.10675 0.34048825
481 0.12675 0.3403615
482 0.12425 0.34023725
483 0.14175 0.3400955
484 0.11425 0.33998125
485 0.11925 0.339862
486 0.11175 0.33975025
487 0.09675 0.3396535
488 0.12925 0.33952425
489 0.09425 0.33943
490 0.13675 0.33929325
491 0.13425 0.339159
492 0.12925 0.33902975
493 0.10675 0.338923
494 0.08925 0.33883375
495 0.12425 0.3387095
496 0.11425 0.33859525
497 0.13675 0.3384585
498 0.10925 0.33834925
499 0.13675 0.3382125
500 0.09925 0.33811325
501 0.10175 0.3380115
502 0.14675 0.33786475
503 0.07675 0.337788
504 0.13175 0.33765625
505 0.11925 0.337537
506 0.10925 0.33742775
507 0.12925 0.3372985
508 0.11925 0.33717925
509 0.12425 0.337055
510 0.12925 0.33692575
511 0.10675 0.336819
512 0.10425 0.33671475
513 0.12675 0.336588
514 0.09175 0.33649625
515 0.10675 0.3363895
516 0.11675 0.33627275
517 0.14925 0.3361235
518 0.10925 0.33601425
519 0.09675 0.3359175
520 0.12675 0.33579075
521 0.12175 0.335669
522 0.12175 0.33554725
523 0.12175 0.3354255
524 0.10925 0.33531625
525 0.09675 0.3352195
526 0.11425 0.33510525
527 0.09425 0.335011
528 0.11925 0.33489175
529 0.08175 0.33481
530 0.11675 0.33469325
531 0.12675 0.3345665
532 0.07925 0.33448725
533 0.07425 0.334413
534 0.10425 0.33430875
535 0.10675 0.334202
536 0.11175 0.33409025
537 0.13175 0.3339585
538 0.11675 0.33384175
539 0.12425 0.3337175
540 0.10675 0.33361075
541 0.09675 0.333514
542 0.09175 0.33342225
543 0.13675 0.3332855
544 0.11675 0.33316875
545 0.12675 0.333042
546 0.13175 0.33291025
547 0.15175 0.3327585
548 0.13675 0.33262175
549 0.10175 0.33252
550 0.10175 0.33241825
551 0.12675 0.3322915
552 0.12175 0.33216975
553 0.11675 0.332053
554 0.11925 0.33193375
555 0.12675 0.331807
556 0.16675 0.33164025
557 0.13675 0.3315035
558 0.11175 0.33139175
559 0.10675 0.331285
560 0.09925 0.33118575
561 0.11925 0.3310665
562 0.11675 0.33094975
563 0.11175 0.330838
564 0.13925 0.33069875
565 0.13675 0.330562
566 0.10925 0.33045275
567 0.10675 0.330346
568 0.11425 0.33023175
569 0.09425 0.3301375
570 0.11675 0.33002075
571 0.10675 0.329914
572 0.13425 0.32977975
573 0.11425 0.3296655
574 0.13175 0.32953375
575 0.11925 0.3294145
576 0.13675 0.32927775
577 0.09675 0.329181
578 0.09675 0.32908425
579 0.13675 0.3289475
580 0.14925 0.32879825
581 0.12175 0.3286765
582 0.11175 0.32856475
583 0.10675 0.328458
584 0.10675 0.32835125
585 0.09925 0.328252
586 0.11675 0.32813525
587 0.13675 0.3279985
588 0.12675 0.32787175
589 0.10175 0.32777
590 0.08425 0.32768575
591 0.10925 0.3275765
592 0.10425 0.32747225
593 0.07675 0.3273955
594 0.11175 0.32728375
595 0.12925 0.3271545
596 0.11425 0.32704025
597 0.11425 0.326926
598 0.08675 0.32683925
599 0.09675 0.3267425
600 0.09925 0.32664325
601 0.11675 0.3265265
602 0.10925 0.32641725
603 0.13675 0.3262805
604 0.10175 0.32617875
605 0.08425 0.3260945
606 0.11925 0.32597525
607 0.14175 0.3258335
608 0.13175 0.32570175
609 0.11175 0.32559
610 0.06925 0.32552075
611 0.11175 0.325409
612 0.09675 0.32531225
613 0.07425 0.325238
614 0.12925 0.32510875
615 0.11425 0.3249945
616 0.12175 0.32487275
617 0.12925 0.3247435
618 0.12175 0.32462175
619 0.11425 0.3245075
620 0.11175 0.32439575
621 0.09675 0.324299
622 0.11675 0.32418225
623 0.11175 0.3240705
624 0.15175 0.32391875
625 0.12675 0.323792
626 0.09175 0.32370025
627 0.13425 0.323566
628 0.08425 0.32348175
629 0.13925 0.3233425
630 0.11675 0.32322575
631 0.11675 0.323109
632 0.14675 0.32296225
633 0.07175 0.3228905
634 0.09925 0.32279125
635 0.11925 0.322672
636 0.10175 0.32257025
637 0.08925 0.322481
638 0.12925 0.32235175
639 0.10675 0.322245
640 0.10175 0.32214325
641 0.14175 0.3220015
642 0.10175 0.32189975
643 0.11175 0.321788
644 0.10925 0.32167875
645 0.14175 0.321537
646 0.12675 0.32141025
647 0.11925 0.321291
648 0.06675 0.32122425
649 0.10425 0.32112
650 0.14925 0.32097075
651 0.08675 0.320884
652 0.12675 0.32075725
653 0.09675 0.3206605
654 0.10675 0.32055375
655 0.12675 0.320427
656 0.10425 0.32032275
657 0.09675 0.320226
658 0.11425 0.32011175
659 0.12425 0.3199875
660 0.11425 0.31987325
661 0.12675 0.3197465
662 0.09925 0.31964725
663 0.08675 0.3195605
664 0.12675 0.31943375
665 0.11675 0.319317
666 0.13925 0.31917775
667 0.13675 0.319041
668 0.09675 0.31894425
669 0.10425 0.31884
670 0.12925 0.31871075
671 0.12175 0.318589
672 0.13925 0.31844975
673 0.12675 0.318323
674 0.10925 0.31821375
675 0.09425 0.3181195
676 0.09425 0.31802525
677 0.09175 0.3179335
678 0.12425 0.31780925
679 0.12675 0.3176825
680 0.10925 0.31757325
681 0.11425 0.317459
682 0.11925 0.31733975
683 0.09925 0.3172405
684 0.13675 0.31710375
685 0.11175 0.316992
686 0.09925 0.31689275
687 0.12175 0.316771
688 0.11675 0.31665425
689 0.09675 0.3165575
690 0.11425 0.31644325
691 0.08675 0.3163565
692 0.11675 0.31623975
693 0.13175 0.316108
694 0.12425 0.31598375
695 0.13175 0.315852
696 0.07675 0.31577525
697 0.11175 0.3156635
698 0.14425 0.31551925
699 0.10925 0.31541
700 0.11425 0.31529575
701 0.09675 0.315199
702 0.09925 0.31509975
703 0.11425 0.3149855
704 0.08425 0.31490125
705 0.10925 0.314792
706 0.11675 0.31467525
707 0.10675 0.3145685
708 0.12175 0.31444675
709 0.05425 0.3143925
710 0.13175 0.31426075
711 0.10175 0.314159
712 0.09425 0.31406475
713 0.12425 0.3139405
714 0.14175 0.31379875
715 0.12675 0.313672
716 0.12925 0.31354275
717 0.09925 0.3134435
718 0.13175 0.31331175
719 0.12675 0.313185
720 0.11175 0.31307325
721 0.11675 0.3129565
722 0.13175 0.31282475
723 0.12675 0.312698
724 0.11925 0.31257875
725 0.11925 0.3124595
726 0.09925 0.31236025
727 0.12925 0.312231
728 0.12925 0.31210175
729 0.11175 0.31199
730 0.09925 0.31189075
731 0.11925 0.3117715
732 0.10925 0.31166225
733 0.13425 0.311528
734 0.08925 0.31143875
735 0.09675 0.311342
736 0.08425 0.31125775
737 0.08925 0.3111685
738 0.13175 0.31103675
739 0.07925 0.3109575
740 0.12925 0.31082825
741 0.11675 0.3107115
742 0.12425 0.31058725
743 0.09925 0.310488
744 0.12425 0.31036375
745 0.07925 0.3102845
746 0.10925 0.31017525
747 0.11175 0.3100635
748 0.09175 0.30997175
749 0.11925 0.3098525
750 0.11675 0.30973575
751 0.10675 0.309629
752 0.09675 0.30953225
753 0.10675 0.3094255
754 0.11425 0.30931125
755 0.10175 0.3092095
756 0.11175 0.30909775
757 0.12425 0.3089735
758 0.11175 0.30886175
759 0.10925 0.3087525
760 0.09175 0.30866075
761 0.09425 0.3085665
762 0.08175 0.30848475
763 0.10675 0.308378
764 0.10675 0.30827125
765 0.13425 0.308137
766 0.10675 0.30803025
767 0.13425 0.307896
768 0.10175 0.30779425
769 0.10925 0.307685
770 0.10175 0.30758325
771 0.13425 0.307449
772 0.07175 0.30737725
773 0.09175 0.3072855
774 0.11175 0.30717375
775 0.11425 0.3070595
776 0.12175 0.30693775
777 0.10175 0.306836
778 0.11675 0.30671925
779 0.09175 0.3066275
780 0.12925 0.30649825
781 0.11675 0.3063815
782 0.09675 0.30628475
783 0.12175 0.306163
784 0.10925 0.30605375
785 0.10425 0.3059495
786 0.09425 0.30585525
787 0.12175 0.3057335
788 0.09925 0.30563425
789 0.11175 0.3055225
790 0.13175 0.30539075
791 0.09175 0.305299
792 0.10675 0.30519225
793 0.09675 0.3050955
794 0.10425 0.30499125
795 0.11925 0.304872
796 0.09675 0.30477525
797 0.09925 0.304676
798 0.07425 0.30460175
799 0.11175 0.30449
800 0.11675 0.30437325
801 0.11675 0.3042565
802 0.10175 0.30415475
803 0.10925 0.3040455
804 0.13425 0.30391125
805 0.11175 0.3037995
806 0.11675 0.30368275
807 0.10425 0.3035785
808 0.12425 0.30345425
809 0.10175 0.3033525
810 0.11425 0.30323825
811 0.11175 0.3031265
812 0.10425 0.30302225
813 0.09425 0.302928
814 0.09425 0.30283375
815 0.09175 0.302742
816 0.08425 0.30265775
817 0.10675 0.302551
818 0.13425 0.30241675
819 0.11925 0.3022975
820 0.13175 0.30216575
821 0.06925 0.3020965
822 0.09925 0.30199725
823 0.10925 0.301888
824 0.10675 0.30178125
825 0.10675 0.3016745
826 0.14425 0.30153025
827 0.09675 0.3014335
828 0.07925 0.30135425
829 0.11425 0.30124
830 0.10425 0.30113575
831 0.11175 0.301024
832 0.10425 0.30091975
833 0.11175 0.300808
834 0.10425 0.30070375
835 0.09925 0.3006045
836 0.09175 0.30051275
837 0.10425 0.3004085
838 0.13675 0.30027175
839 0.08925 0.3001825
840 0.13425 0.30004825
841 0.05175 0.2999965
842 0.10925 0.29988725
843 0.09425 0.299793
844 0.10675 0.29968625
845 0.10175 0.2995845
846 0.10675 0.29947775
847 0.09425 0.2993835
848 0.10425 0.29927925
849 0.08425 0.299195
850 0.11925 0.29907575
851 0.06175 0.299014
852 0.11425 0.29889975
853 0.13675 0.298763
854 0.09175 0.29867125
855 0.08925 0.298582
856 0.11175 0.29847025
857 0.10175 0.2983685
858 0.12925 0.29823925
859 0.07925 0.29816
860 0.11675 0.29804325
861 0.07925 0.297964
862 0.08675 0.29787725
863 0.07675 0.2978005
864 0.13425 0.29766625
865 0.10925 0.297557
866 0.09925 0.29745775
867 0.14175 0.297316
868 0.09175 0.29722425
869 0.11175 0.2971125
870 0.08175 0.29703075
871 0.13175 0.296899
872 0.11675 0.29678225
873 0.12925 0.296653
874 0.09175 0.29656125
875 0.11425 0.296447
876 0.10675 0.29634025
877 0.08425 0.296256
878 0.08175 0.29617425
879 0.09925 0.296075
880 0.10675 0.29596825
881 0.10425 0.295864
882 0.11925 0.29574475
883 0.10675 0.295638
884 0.13675 0.29550125
885 0.10425 0.295397
886 0.08925 0.29530775
887 0.09425 0.2952135
888 0.07925 0.29513425
889 0.07175 0.2950625
890 0.13425 0.29492825
891 0.09925 0.294829
892 0.10175 0.29472725
893 0.11175 0.2946155
894 0.08675 0.29452875
895 0.13675 0.294392
896 0.12925 0.29426275
897 0.13925 0.2941235
898 0.09675 0.29402675
899 0.11675 0.29391
900 0.10925 0.29380075
901 0.12925 0.2936715
902 0.10175 0.29356975
903 0.11675 0.293453
904 0.11925 0.29333375
905 0.12175 0.293212
906 0.08925 0.29312275
907 0.11425 0.2930085
908 0.10925 0.29289925
909 0.09175 0.2928075
910 0.11425 0.29269325
911 0.13675 0.2925565
912 0.07425 0.29248225
913 0.12175 0.2923605
914 0.12175 0.29223875
915 0.08425 0.2921545
916 0.09675 0.29205775
917 0.09425 0.2919635
918 0.11425 0.29184925
919 0.12175 0.2917275
920 0.09175 0.29163575
921 0.05925 0.2915765
922 0.08675 0.29148975
923 0.07675 0.291413
924 0.06175 0.29135125
925 0.11175 0.2912395
926 0.09675 0.29114275
927 0.11925 0.2910235
928 0.09425 0.29092925
929 0.10675 0.2908225
930 0.11175 0.29071075
931 0.08425 0.2906265
932 0.07675 0.29054975
933 0.09425 0.2904555
934 0.10425 0.29035125
935 0.08175 0.2902695
936 0.08675 0.29018275
937 0.11925 0.2900635
938 0.09675 0.28996675
939 0.12175 0.289845
940 0.11425 0.28973075
941 0.10675 0.289624
942 0.08425 0.28953975
943 0.10175 0.289438
944 0.14175 0.28929625
945 0.09675 0.2891995
946 0.10175 0.28909775
947 0.13675 0.288961
948 0.05925 0.28890175
949 0.11425 0.2887875
950 0.12425 0.28866325
951 0.11675 0.2885465
952 0.10425 0.28844225
953 0.09175 0.2883505
954 0.10675 0.28824375
955 0.11175 0.288132
956 0.09175 0.28804025
957 0.11925 0.287921
958 0.10675 0.28781425
959 0.07925 0.287735
960 0.10425 0.28763075
961 0.08675 0.287544
962 0.10675 0.28743725
963 0.11175 0.2873255
964 0.12925 0.28719625
965 0.05175 0.2871445
966 0.12925 0.28701525
967 0.10425 0.286911
968 0.09675 0.28681425
969 0.07925 0.286735
970 0.10675 0.28662825
971 0.12675 0.2865015
972 0.09175 0.28640975
973 0.12675 0.286283
974 0.11925 0.28616375
975 0.10175 0.286062
976 0.09675 0.28596525
977 0.09925 0.285866
978 0.13175 0.28573425
979 0.05675 0.2856775
980 0.09925 0.28557825
981 0.10425 0.285474
982 0.10675 0.28536725
983 0.11675 0.2852505
984 0.10175 0.28514875
985 0.08425 0.2850645
986 0.07675 0.28498775
987 0.12925 0.2848585
988 0.12175 0.28473675
989 0.09675 0.28464
990 0.08675 0.28455325
991 0.10425 0.284449
992 0.12175 0.28432725
993 0.09925 0.284228
994 0.14175 0.28408625
995 0.09925 0.283987
996 0.09425 0.28389275
997 0.11175 0.283781
998 0.06425 0.28371675
999 0.11425 0.2836025
1000 0.11925 0.28348325
1001 0.12425 0.283359
1002 0.07675 0.28328225
1003 0.06925 0.283213
1004 0.11675 0.28309625
1005 0.09425 0.283002
1006 0.08925 0.28291275
1007 0.11925 0.2827935
1008 0.13675 0.28265675
1009 0.09425 0.2825625
1010 0.09425 0.28246825
1011 0.09675 0.2823715
1012 0.10925 0.28226225
1013 0.11175 0.2821505
1014 0.12175 0.28202875
1015 0.10675 0.281922
1016 0.10925 0.28181275
1017 0.10675 0.281706
1018 0.07925 0.28162675
1019 0.06925 0.2815575
1020 0.12675 0.28143075
1021 0.10925 0.2813215
1022 0.09425 0.28122725
1023 0.09425 0.281133
1024 0.09925 0.28103375
1025 0.11675 0.280917
1026 0.08675 0.28083025
1027 0.12175 0.2807085
1028 0.11675 0.28059175
1029 0.09925 0.2804925
1030 0.08175 0.28041075
1031 0.06925 0.2803415
1032 0.08425 0.28025725
1033 0.10925 0.280148
1034 0.11925 0.28002875
1035 0.12675 0.279902
1036 0.09675 0.27980525
1037 0.13175 0.2796735
1038 0.09425 0.27957925
1039 0.09675 0.2794825
1040 0.09925 0.27938325
1041 0.12175 0.2792615
1042 0.10175 0.27915975
1043 0.09425 0.2790655
1044 0.12425 0.27894125
1045 0.08925 0.278852
1046 0.12425 0.27872775
1047 0.10425 0.2786235
1048 0.08925 0.27853425
1049 0.08925 0.278445
1050 0.13675 0.27830825
1051 0.10425 0.278204
1052 0.10175 0.27810225
1053 0.07175 0.2780305
1054 0.10925 0.27792125
1055 0.10675 0.2778145
1056 0.10175 0.27771275
1057 0.12175 0.277591
1058 0.09925 0.27749175
1059 0.09175 0.2774
1060 0.09925 0.27730075
1061 0.13925 0.2771615
1062 0.08925 0.27707225
1063 0.10425 0.276968
1064 0.10425 0.27686375
1065 0.10675 0.276757
1066 0.06925 0.27668775
1067 0.10675 0.276581
1068 0.11675 0.27646425
1069 0.10925 0.276355
1070 0.07675 0.27627825
1071 0.05925 0.276219
1072 0.07675 0.27614225
1073 0.11675 0.2760255
1074 0.08675 0.27593875
1075 0.10675 0.275832
1076 0.10175 0.27573025
1077 0.09425 0.275636
1078 0.09175 0.27554425
1079 0.11175 0.2754325
1080 0.09425 0.27533825
1081 0.11925 0.275219
1082 0.11925 0.27509975
1083 0.10425 0.2749955
1084 0.11675 0.27487875
1085 0.09175 0.274787
1086 0.10925 0.27467775
1087 0.13925 0.2745385
1088 0.09925 0.27443925
1089 0.11925 0.27432
1090 0.08425 0.27423575
1091 0.11175 0.274124
1092 0.13175 0.27399225
1093 0.08675 0.2739055
1094 0.12175 0.27378375
1095 0.12925 0.2736545
1096 0.09925 0.27355525
1097 0.09925 0.273456
1098 0.06175 0.27339425
1099 0.10175 0.2732925
1100 0.11675 0.27317575
1101 0.11175 0.273064
1102 0.10175 0.27296225
1103 0.08925 0.272873
1104 0.11175 0.27276125
1105 0.09925 0.272662
1106 0.06925 0.27259275
1107 0.13425 0.2724585
1108 0.11675 0.27234175
1109 0.08925 0.2722525
1110 0.13425 0.27211825
1111 0.09425 0.272024
1112 0.10175 0.27192225
1113 0.11675 0.2718055
1114 0.11675 0.27168875
1115 0.05925 0.2716295
1116 0.09425 0.27153525
1117 0.09925 0.271436
1118 0.07175 0.27136425
1119 0.11425 0.27125
1120 0.08925 0.27116075
1121 0.08175 0.271079
1122 0.10675 0.27097225
1123 0.08925 0.270883
1124 0.10925 0.27077375
1125 0.12175 0.270652
1126 0.10675 0.27054525
1127 0.07925 0.270466
1128 0.06425 0.27040175
1129 0.10425 0.2702975
1130 0.06675 0.27023075
1131 0.11425 0.2701165
1132 0.12425 0.26999225
1133 0.09175 0.2699005
1134 0.12175 0.26977875
1135 0.10425 0.2696745
1136 0.06675 0.26960775
1137 0.10175 0.269506
1138 0.10675 0.26939925
1139 0.10175 0.2692975
1140 0.10175 0.26919575
1141 0.08425 0.2691115
1142 0.10925 0.26900225
1143 0.10425 0.268898
1144 0.07175 0.26882625
1145 0.07925 0.268747
1146 0.11425 0.26863275
1147 0.07675 0.268556
1148 0.12425 0.26843175
1149 0.09425 0.2683375
1150 0.11925 0.26821825
1151 0.10425 0.268114
1152 0.10175 0.26801225
1153 0.10425 0.267908
1154 0.10175 0.26780625
1155 0.11425 0.267692
1156 0.13175 0.26756025
1157 0.11175 0.2674485
1158 0.07675 0.26737175
1159 0.10925 0.2672625
1160 0.12175 0.26714075
1161 0.08925 0.2670515
1162 0.07925 0.26697225
1163 0.10175 0.2668705
1164 0.09675 0.26677375
1165 0.12675 0.266647
1166 0.09925 0.26654775
1167 0.08675 0.266461
1168 0.08925 0.26637175
1169 0.09175 0.26628
1170 0.10675 0.26617325
1171 0.06925 0.266104
1172 0.07675 0.26602725
1173 0.07675 0.2659505
1174 0.13675 0.26581375
1175 0.09925 0.2657145
1176 0.09925 0.26561525
1177 0.09175 0.2655235
1178 0.08675 0.26543675
1179 0.10925 0.2653275
1180 0.09925 0.26522825
1181 0.12925 0.265099
1182 0.11175 0.26498725
1183 0.09675 0.2648905
1184 0.07675 0.26481375
1185 0.12925 0.2646845
1186 0.10925 0.26457525
1187 0.09425 0.264481
1188 0.09175 0.26438925
1189 0.09925 0.26429
1190 0.10425 0.26418575
1191 0.10175 0.264084
1192 0.06175 0.26402225
1193 0.09925 0.263923
1194 0.07675 0.26384625
1195 0.11425 0.263732
1196 0.08175 0.26365025
1197 0.10675 0.2635435
1198 0.06425 0.26347925
1199 0.09925 0.26338
1200 0.08925 0.26329075
1201 0.10675 0.263184
1202 0.09925 0.26308475
1203 0.10925 0.2629755
1204 0.10925 0.26286625
1205 0.09425 0.262772
1206 0.08925 0.26268275
1207 0.10175 0.262581
1208 0.09175 0.26248925
1209 0.08675 0.2624025
1210 0.09175 0.26231075
1211 0.08175 0.262229
1212 0.10925 0.26211975
1213 0.09175 0.262028
1214 0.09925 0.26192875
1215 0.10425 0.2618245
1216 0.13175 0.26169275
1217 0.10675 0.261586
1218 0.11675 0.26146925
1219 0.10675 0.2613625
1220 0.10425 0.26125825
1221 0.09925 0.261159
1222 0.11175 0.26104725
1223 0.12675 0.2609205
1224 0.08675 0.26083375
1225 0.07925 0.2607545
1226 0.10925 0.26064525
1227 0.10425 0.260541
1228 0.09675 0.26044425
1229 0.10425 0.26034
1230 0.09925 0.26024075
1231 0.06925 0.2601715
1232 0.13425 0.26003725
1233 0.09175 0.2599455
1234 0.11175 0.25983375
1235 0.09925 0.2597345
1236 0.11175 0.25962275
1237 0.04675 0.259576
1238 0.09425 0.25948175
1239 0.10175 0.25938
1240 0.11175 0.25926825
1241 0.08675 0.2591815
1242 0.11925 0.25906225
1243 0.10675 0.2589555
1244 0.10425 0.25885125
1245 0.13425 0.258717
1246 0.13175 0.25858525
1247 0.09925 0.258486
1248 0.07925 0.25840675
1249 0.08675 0.25832
1250 0.10925 0.25821075
1251 0.08925 0.2581215
1252 0.07675 0.25804475
1253 0.10175 0.257943
1254 0.08425 0.25785875
1255 0.10175 0.257757
1256 0.06425 0.25769275
1257 0.10175 0.257591
1258 0.10175 0.25748925
1259 0.08925 0.2574
1260 0.08925 0.25731075
1261 0.09425 0.2572165
1262 0.07675 0.25713975
1263 0.11675 0.257023
1264 0.10675 0.25691625
1265 0.05925 0.256857
1266 0.12425 0.25673275
1267 0.10425 0.2566285
1268 0.09675 0.25653175
1269 0.07175 0.25646
1270 0.09175 0.25636825
1271 0.11175 0.2562565
1272 0.08675 0.25616975
1273 0.07675 0.256093
1274 0.10675 0.25598625
1275 0.10675 0.2558795
1276 0.05675 0.25582275
1277 0.07425 0.2557485
1278 0.10925 0.25563925
1279 0.12175 0.2555175
1280 0.08925 0.25542825
1281 0.13175 0.2552965
1282 0.09925 0.25519725
1283 0.07925 0.255118
1284 0.09175 0.25502625
1285 0.09675 0.2549295
1286 0.06675 0.25486275
1287 0.08675 0.254776
1288 0.08425 0.25469175
1289 0.09675 0.254595
1290 0.10175 0.25449325
1291 0.08925 0.254404
1292 0.10925 0.25429475
1293 0.11175 0.254183
1294 0.08925 0.25409375
1295 0.08925 0.2540045
1296 0.10175 0.25390275
1297 0.09675 0.253806
1298 0.08175 0.25372425
1299 0.12425 0.2536
1300 0.09425 0.25350575
1301 0.06925 0.2534365
1302 0.07925 0.25335725
1303 0.08175 0.2532755
1304 0.10175 0.25317375
1305 0.07175 0.253102
1306 0.09425 0.25300775
1307 0.10425 0.2529035
1308 0.09675 0.25280675
1309 0.08425 0.2527225
1310 0.09675 0.25262575
1311 0.11175 0.252514
1312 0.03925 0.25247475
1313 0.10425 0.2523705
1314 0.09675 0.25227375
1315 0.09175 0.252182
1316 0.07925 0.25210275
1317 0.08675 0.252016
1318 0.08175 0.25193425
1319 0.08175 0.2518525
1320 0.08925 0.25176325
1321 0.10675 0.2516565
1322 0.11925 0.25153725
1323 0.07675 0.2514605
1324 0.12425 0.25133625
1325 0.08675 0.2512495
1326 0.09925 0.25115025
1327 0.08675 0.2510635
1328 0.05175 0.25101175
1329 0.08425 0.2509275
1330 0.08675 0.25084075
1331 0.07925 0.2507615
1332 0.10925 0.25065225
1333 0.09425 0.250558
1334 0.09925 0.25045875
1335 0.10675 0.250352
1336 0.06175 0.25029025
1337 0.10925 0.250181
1338 0.10175 0.25007925
1339 0.11175 0.2499675
1340 0.07925 0.24988825
1341 0.09675 0.2497915
1342 0.08425 0.24970725
1343 0.07925 0.249628
1344 0.10925 0.24951875
1345 0.06675 0.249452
1346 0.11175 0.24934025
1347 0.14175 0.2491985
1348 0.12425 0.24907425
1349 0.09175 0.2489825
1350 0.09175 0.24889075
1351 0.08925 0.2488015
1352 0.11175 0.24868975
1353 0.10925 0.2485805
1354 0.09925 0.24848125
1355 0.08925 0.248392
1356 0.10675 0.24828525
1357 0.10675 0.2481785
1358 0.11175 0.24806675
1359 0.11175 0.247955
1360 0.10675 0.24784825
1361 0.10175 0.2477465
1362 0.12425 0.24762225
1363 0.06425 0.247558
1364 0.09675 0.24746125
1365 0.05675 0.2474045
1366 0.12425 0.24728025
1367 0.10925 0.247171
1368 0.11925 0.24705175
1369 0.07175 0.24698
1370 0.10175 0.24687825
1371 0.08925 0.246789
1372 0.07925 0.24670975
1373 0.07425 0.2466355
1374 0.05675 0.24657875
1375 0.10925 0.2464695
1376 0.08925 0.24638025
1377 0.07925 0.246301
1378 0.11675 0.24618425
1379 0.08175 0.2461025
1380 0.10175 0.24600075
1381 0.07175 0.245929
1382 0.10425 0.24582475
1383 0.06425 0.2457605
1384 0.10925 0.24565125
1385 0.07675 0.2455745
1386 0.13675 0.24543775
1387 0.09425 0.2453435
1388 0.09925 0.24524425
1389 0.07925 0.245165
1390 0.06425 0.24510075
1391 0.10675 0.244994
1392 0.08675 0.24490725
1393 0.07425 0.244833
1394 0.07675 0.24475625
1395 0.11425 0.244642
1396 0.05175 0.24459025
1397 0.10675 0.2444835
1398 0.11675 0.24436675
1399 0.09675 0.24427
1400 0.11175 0.24415825
1401 0.09175 0.2440665
1402 0.07425 0.24399225
1403 0.07925 0.243913
1404 0.08675 0.24382625
1405 0.09175 0.2437345
1406 0.13175 0.24360275
1407 0.09425 0.2435085
1408 0.05425 0.24345425
1409 0.12925 0.243325
1410 0.04925 0.24327575
1411 0.06925 0.2432065
1412 0.10175 0.24310475
1413 0.09675 0.243008
1414 0.09175 0.24291625
1415 0.08925 0.242827
1416 0.05925 0.24276775
1417 0.04175 0.242726
1418 0.11925 0.24260675
1419 0.08425 0.2425225
1420 0.12425 0.24239825
1421 0.09675 0.2423015
1422 0.08925 0.24221225
1423 0.07925 0.242133
1424 0.10425 0.24202875
1425 0.09175 0.241937
1426 0.06425 0.24187275
1427 0.10425 0.2417685
1428 0.06925 0.24169925
1429 0.09925 0.2416
1430 0.09925 0.24150075
1431 0.10925 0.2413915
1432 0.07175 0.24131975
1433 0.09925 0.2412205
1434 0.08675 0.24113375
1435 0.10175 0.241032
1436 0.07425 0.24095775
1437 0.10425 0.2408535
1438 0.08175 0.24077175
1439 0.08925 0.2406825
1440 0.11675 0.24056575
1441 0.09175 0.240474
1442 0.09675 0.24037725
1443 0.09675 0.2402805
1444 0.08425 0.24019625
1445 0.09175 0.2401045
1446 0.06925 0.24003525
1447 0.07925 0.239956
1448 0.05425 0.23990175
1449 0.08675 0.239815
1450 0.07175 0.23974325
1451 0.09175 0.2396515
1452 0.06925 0.23958225
1453 0.10675 0.2394755
1454 0.06175 0.23941375
1455 0.09425 0.2393195
1456 0.09425 0.23922525
1457 0.10925 0.239116
1458 0.09925 0.23901675
1459 0.08675 0.23893
1460 0.10425 0.23882575
1461 0.06675 0.238759
1462 0.07425 0.23868475
1463 0.09425 0.2385905
1464 0.05175 0.23853875
1465 0.08175 0.238457
1466 0.09925 0.23835775
1467 0.08675 0.238271
1468 0.09925 0.23817175
1469 0.07675 0.238095
1470 0.07175 0.23802325
1471 0.09675 0.2379265
1472 0.12675 0.23779975
1473 0.09175 0.237708
1474 0.10675 0.23760125
1475 0.06425 0.237537
1476 0.10425 0.23743275
1477 0.09925 0.2373335
1478 0.11175 0.23722175
1479 0.09425 0.2371275
1480 0.10175 0.23702575
1481 0.09925 0.2369265
1482 0.09175 0.23683475
1483 0.12175 0.236713
1484 0.09175 0.23662125
1485 0.07425 0.236547
1486 0.10925 0.23643775
1487 0.10175 0.236336
1488 0.06925 0.23626675
1489 0.08675 0.23618
1490 0.08175 0.23609825
1491 0.08675 0.2360115
1492 0.11425 0.23589725
1493 0.08175 0.2358155
1494 0.08675 0.23572875
1495 0.07925 0.2356495
1496 0.10925 0.23554025
1497 0.07675 0.2354635
1498 0.09675 0.23536675
1499 0.10925 0.2352575
1500 0.09175 0.23516575
1501 0.09425 0.2350715
1502 0.10425 0.23496725
1503 0.09175 0.2348755
1504 0.07675 0.23479875
1505 0.08675 0.234712
1506 0.08175 0.23463025
1507 0.07675 0.2345535
1508 0.08425 0.23446925
1509 0.06925 0.2344
1510 0.08925 0.23431075
1511 0.09675 0.234214
1512 0.09425 0.23411975
1513 0.07425 0.2340455
1514 0.07425 0.23397125
1515 0.08925 0.233882
1516 0.07175 0.23381025
1517 0.09425 0.233716
1518 0.07925 0.23363675
1519 0.08425 0.2335525
1520 0.08925 0.23346325
1521 0.08175 0.2333815
1522 0.10925 0.23327225
1523 0.10925 0.233163
1524 0.07425 0.23308875
1525 0.12175 0.232967
1526 0.05675 0.23291025
1527 0.06425 0.232846
1528 0.09925 0.23274675
1529 0.08925 0.2326575
1530 0.07425 0.23258325
1531 0.10925 0.232474
1532 0.09175 0.23238225
1533 0.10925 0.232273
1534 0.09175 0.23218125
1535 0.09425 0.232087
1536 0.08425 0.23200275
1537 0.06925 0.2319335
1538 0.09675 0.23183675
1539 0.08175 0.231755
1540 0.11675 0.23163825
1541 0.09175 0.2315465
1542 0.07425 0.23147225
1543 0.07675 0.2313955
1544 0.09675 0.23129875
1545 0.10175 0.231197
1546 0.09425 0.23110275
1547 0.10175 0.231001
1548 0.09425 0.23090675
1549 0.07675 0.23083
1550 0.08675 0.23074325
1551 0.09175 0.2306515
1552 0.10675 0.23054475
1553 0.12425 0.2304205
1554 0.09925 0.23032125
1555 0.11675 0.2302045
1556 0.10675 0.23009775
1557 0.04925 0.2300485
1558 0.07175 0.22997675
1559 0.10675 0.22987
1560 0.07175 0.22979825
1561 0.09925 0.229699
1562 0.11925 0.22957975
1563 0.08175 0.229498
1564 0.08175 0.22941625
1565 0.10175 0.2293145
1566 0.07925 0.22923525
1567 0.07175 0.2291635
1568 0.08925 0.22907425
1569 0.05925 0.229015
1570 0.07175 0.22894325
1571 0.12425 0.228819
1572 0.10925 0.22870975
1573 0.11175 0.228598
1574 0.06925 0.22852875
1575 0.08675 0.228442
1576 0.03925 0.22840275
1577 0.10925 0.2282935
1578 0.08675 0.22820675
1579 0.10425 0.2281025
1580 0.10925 0.22799325
1581 0.10175 0.2278915
1582 0.12925 0.22776225
1583 0.11425 0.227648
1584 0.08175 0.22756625
1585 0.07425 0.227492
1586 0.08675 0.22740525
1587 0.07675 0.2273285
1588 0.08675 0.22724175
1589 0.07175 0.22717
1590 0.08925 0.22708075
1591 0.08675 0.226994
1592 0.11175 0.22688225
1593 0.08925 0.226793
1594 0.09925 0.22669375
1595 0.08425 0.2266095
1596 0.06675 0.22654275
1597 0.08175 0.226461
1598 0.08925 0.22637175
1599 0.09925 0.2262725
1600 0.08675 0.22618575
1601 0.06675 0.226119
1602 0.09425 0.22602475
1603 0.10425 0.2259205
1604 0.04175 0.22587875
1605 0.11425 0.2257645
1606 0.09925 0.22566525
1607 0.08675 0.2255785
1608 0.12425 0.22545425
1609 0.10675 0.2253475
1610 0.05925 0.22528825
1611 0.09675 0.2251915
1612 0.10675 0.22508475
1613 0.06425 0.2250205
1614 0.07925 0.22494125
1615 0.06675 0.2248745
1616 0.09175 0.22478275
1617 0.10175 0.224681
1618 0.09675 0.22458425
1619 0.08675 0.2244975
1620 0.08425 0.22441325
1621 0.08175 0.2243315
1622 0.10925 0.22422225
1623 0.09425 0.224128
1624 0.09425 0.22403375
1625 0.10925 0.2239245
1626 0.08425 0.22384025
1627 0.06925 0.223771
1628 0.07925 0.22369175
1629 0.07925 0.2236125
1630 0.07425 0.22353825
1631 0.08175 0.2234565
1632 0.12175 0.22333475
1633 0.11425 0.2232205
1634 0.10175 0.22311875
1635 0.09425 0.2230245
1636 0.08175 0.22294275
1637 0.11925 0.2228235
1638 0.09925 0.22272425
1639 0.06425 0.22266
1640 0.07925 0.22258075
1641 0.03425 0.2225465
1642 0.09175 0.22245475
1643 0.08175 0.222373
1644 0.08675 0.22228625
1645 0.06425 0.222222
1646 0.11425 0.22210775
1647 0.05675 0.222051
1648 0.10675 0.22194425
1649 0.08175 0.2218625
1650 0.10175 0.22176075
1651 0.09175 0.221669
1652 0.10175 0.22156725
1653 0.08425 0.221483
1654 0.05175 0.22143125
1655 0.09425 0.221337
1656 0.13175 0.22120525
1657 0.07675 0.2211285
1658 0.09675 0.22103175
1659 0.08425 0.2209475
1660 0.07675 0.22087075
1661 0.10675 0.220764
1662 0.06175 0.22070225
1663 0.11175 0.2205905
1664 0.04175 0.22054875
1665 0.08925 0.2204595
1666 0.09925 0.22036025
1667 0.07425 0.220286
1668 0.09925 0.22018675
1669 0.10425 0.2200825
1670 0.07925 0.22000325
1671 0.06175 0.2199415
1672 0.10175 0.21983975
1673 0.08425 0.2197555
1674 0.11925 0.21963625
1675 0.09675 0.2195395
1676 0.07925 0.21946025
1677 0.08175 0.2193785
1678 0.07175 0.21930675
1679 0.10425 0.2192025
1680 0.06925 0.21913325
1681 0.05675 0.2190765
1682 0.08675 0.21898975
1683 0.08675 0.218903
1684 0.06675 0.21883625
1685 0.08675 0.2187495
1686 0.08425 0.21866525
1687 0.08675 0.2185785
1688 0.07425 0.21850425
1689 0.09175 0.2184125
1690 0.08925 0.21832325
1691 0.07675 0.2182465
1692 0.08675 0.21815975
1693 0.06925 0.2180905
1694 0.09675 0.21799375
1695 0.11925 0.2178745
1696 0.09425 0.21778025
1697 0.06675 0.2177135
1698 0.08425 0.21762925
1699 0.11175 0.2175175
1700 0.06925 0.21744825
1701 0.10675 0.2173415
1702 0.08425 0.21725725
1703 0.06425 0.217193
1704 0.10925 0.21708375
1705 0.05175 0.217032
1706 0.10175 0.21693025
1707 0.08925 0.216841
1708 0.07175 0.21676925
1709 0.10925 0.21666
1710 0.06925 0.21659075
1711 0.10425 0.2164865
1712 0.04675 0.21643975
1713 0.06675 0.216373
1714 0.08425 0.21628875
1715 0.08675 0.216202
1716 0.09425 0.21610775
1717 0.08675 0.216021
1718 0.06175 0.21595925
1719 0.05425 0.215905
1720 0.10175 0.21580325
1721 0.05675 0.2157465
1722 0.07175 0.21567475
1723 0.08675 0.215588
1724 0.08925 0.21549875
1725 0.09675 0.215402
1726 0.07675 0.21532525
1727 0.07425 0.215251
1728 0.06175 0.21518925
1729 0.07675 0.2151125
1730 0.06675 0.21504575
1731 0.06175 0.214984
1732 0.08675 0.21489725
1733 0.10675 0.2147905
1734 0.08925 0.21470125
1735 0.07175 0.2146295
1736 0.07925 0.21455025
1737 0.07175 0.2144785
1738 0.09675 0.21438175
1739 0.07425 0.2143075
1740 0.07925 0.21422825
1741 0.06925 0.214159
1742 0.08425 0.21407475
1743 0.06425 0.2140105
1744 0.08175 0.21392875
1745 0.07925 0.2138495
1746 0.09675 0.21375275
1747 0.06425 0.2136885
1748 0.09175 0.21359675
1749 0.03175 0.213565
1750 0.06425 0.21350075
1751 0.07425 0.2134265
1752 0.11675 0.21330975
1753 0.07425 0.2132355
1754 0.05425 0.21318125
1755 0.08175 0.2130995
1756 0.04925 0.21305025
1757 0.12425 0.212926
1758 0.09425 0.21283175
1759 0.11675 0.212715
1760 0.09175 0.21262325
1761 0.10175 0.2125215
1762 0.11175 0.21240975
1763 0.07675 0.212333
1764 0.09925 0.21223375
1765 0.05675 0.212177
1766 0.10675 0.21207025
1767 0.08425 0.211986
1768 0.09175 0.21189425
1769 0.11425 0.21178
1770 0.09425 0.21168575
1771 0.05425 0.2116315
1772 0.08925 0.21154225
1773 0.08675 0.2114555
1774 0.07425 0.21138125
1775 0.09675 0.2112845
1776 0.06925 0.21121525
1777 0.09675 0.2111185
1778 0.08675 0.21103175
1779 0.11425 0.2109175
1780 0.06425 0.21085325
1781 0.11925 0.210734
1782 0.07175 0.21066225
1783 0.05925 0.210603
1784 0.07675 0.21052625
1785 0.06675 0.2104595
1786 0.09175 0.21036775
1787 0.07425 0.2102935
1788 0.07675 0.21021675
1789 0.07425 0.2101425
1790 0.03675 0.21010575
1791 0.11675 0.209989
1792 0.07925 0.20990975
1793 0.07925 0.2098305
1794 0.09425 0.20973625
1795 0.06675 0.2096695
1796 0.09675 0.20957275
1797 0.07175 0.209501
1798 0.08425 0.20941675
1799 0.07925 0.2093375
1800 0.07425 0.20926325
1801 0.09925 0.209164
1802 0.05175 0.20911225
1803 0.12425 0.208988
1804 0.09675 0.20889125
1805 0.05175 0.2088395
1806 0.06925 0.20877025
1807 0.07925 0.208691
1808 0.06175 0.20862925
1809 0.06925 0.20856
1810 0.10175 0.20845825
1811 0.09175 0.2083665
1812 0.08425 0.20828225
1813 0.09175 0.2081905
1814 0.06425 0.20812625
1815 0.08425 0.208042
1816 0.09425 0.20794775
1817 0.08675 0.207861
1818 0.07175 0.20778925
1819 0.07925 0.20771
1820 0.06675 0.20764325
1821 0.07175 0.2075715
1822 0.05925 0.20751225
1823 0.07425 0.207438
1824 0.06425 0.20737375
1825 0.05925 0.2073145
1826 0.08925 0.20722525
1827 0.07175 0.2071535
1828 0.04925 0.20710425
1829 0.11425 0.20699
1830 0.05175 0.20693825
1831 0.11425 0.206824
1832 0.08925 0.20673475
1833 0.09175 0.206643
1834 0.10175 0.20654125
1835 0.05425 0.206487
1836 0.09425 0.20639275
1837 0.06675 0.206326
1838 0.06925 0.20625675
1839 0.07675 0.20618
1840 0.10425 0.20607575
1841 0.04675 0.206029
1842 0.05925 0.20596975
1843 0.06425 0.2059055
1844 0.07175 0.20583375
1845 0.08675 0.205747
1846 0.08675 0.20566025
1847 0.08175 0.2055785
1848 0.13425 0.20544425
1849 0.08425 0.20536
1850 0.09175 0.20526825
1851 0.10175 0.2051665
1852 0.08175 0.20508475
1853 0.07925 0.2050055
1854 0.06675 0.20493875
1855 0.10175 0.204837
1856 0.10425 0.20473275
1857 0.08175 0.204651
1858 0.06925 0.20458175
1859 0.09675 0.204485
1860 0.10175 0.20438325
1861 0.06675 0.2043165
1862 0.08675 0.20422975
1863 0.07675 0.204153
1864 0.05925 0.20409375
1865 0.09175 0.204002
1866 0.10925 0.20389275
1867 0.08925 0.2038035
1868 0.08175 0.20372175
1869 0.09425 0.2036275
1870 0.05425 0.20357325
1871 0.06425 0.203509
1872 0.10675 0.20340225
1873 0.09675 0.2033055
1874 0.09425 0.20321125
1875 0.11175 0.2030995
1876 0.04425 0.20305525
1877 0.09675 0.2029585
1878 0.06925 0.20288925
1879 0.06425 0.202825
1880 0.03675 0.20278825
1881 0.11175 0.2026765
1882 0.06425 0.20261225
1883 0.11675 0.2024955
1884 0.06175 0.20243375
1885 0.09675 0.202337
1886 0.07925 0.20225775
1887 0.10675 0.202151
1888 0.07425 0.20207675
1889 0.04675 0.20203
1890 0.08925 0.20194075
1891 0.07925 0.2018615
1892 0.07925 0.20178225
1893 0.08925 0.201693
1894 0.08675 0.20160625
1895 0.09675 0.2015095
1896 0.06925 0.20144025
1897 0.10675 0.2013335
1898 0.07925 0.20125425
1899 0.06925 0.201185
1900 0.08175 0.20110325
1901 0.07425 0.201029
1902 0.11175 0.20091725
1903 0.09675 0.2008205
1904 0.08175 0.20073875
1905 0.07675 0.200662
1906 0.09425 0.20056775
1907 0.06675 0.200501
1908 0.08175 0.20041925
1909 0.10175 0.2003175
1910 0.09175 0.20022575
1911 0.02425 0.2002015
1912 0.07925 0.20012225
1913 0.05175 0.2000705
1914 0.05675 0.20001375
1915 0.07675 0.199937
1916 0.10675 0.19983025
1917 0.05925 0.199771
1918 0.08675 0.19968425
1919 0.08425 0.1996
1920 0.06425 0.19953575
1921 0.07425 0.1994615
1922 0.10175 0.19935975
1923 0.04425 0.1993155
1924 0.08675 0.19922875
1925 0.08175 0.199147
1926 0.08925 0.19905775
1927 0.04175 0.199016
1928 0.11425 0.19890175
1929 0.06925 0.1988325
1930 0.06175 0.19877075
1931 0.09425 0.1986765
1932 0.08175 0.19859475
1933 0.09675 0.198498
1934 0.10425 0.19839375
1935 0.02675 0.198367
1936 0.07675 0.19829025
1937 0.03925 0.198251
1938 0.09425 0.19815675
1939 0.09925 0.1980575
1940 0.08925 0.19796825
1941 0.09675 0.1978715
1942 0.08675 0.19778475
1943 0.07425 0.1977105
1944 0.07925 0.19763125
1945 0.08675 0.1975445
1946 0.08925 0.19745525
1947 0.10925 0.197346
1948 0.08425 0.19726175
1949 0.10675 0.197155
1950 0.07425 0.19708075
1951 0.06925 0.1970115
1952 0.06425 0.19694725
1953 0.08925 0.196858
1954 0.08675 0.19677125
1955 0.07175 0.1966995
1956 0.04675 0.19665275
1957 0.09675 0.196556
1958 0.07175 0.19648425
1959 0.07675 0.1964075
1960 0.08425 0.19632325
1961 0.07175 0.1962515
1962 0.08175 0.19616975
1963 0.08175 0.196088
1964 0.08425 0.19600375
1965 0.04925 0.1959545
1966 0.07675 0.19587775
1967 0.08925 0.1957885
1968 0.07175 0.19571675
1969 0.07925 0.1956375
1970 0.09175 0.19554575
1971 0.05925 0.1954865
1972 0.07175 0.19541475
1973 0.07675 0.195338
1974 0.09425 0.19524375
1975 0.07675 0.195167
1976 0.07425 0.19509275
1977 0.06675 0.195026
1978 0.07925 0.19494675
1979 0.03925 0.1949075
1980 0.03175 0.19487575
1981 0.07425 0.1948015
1982 0.05925 0.19474225
1983 0.07425 0.194668
1984 0.08425 0.19458375
1985 0.07925 0.1945045
1986 0.07675 0.19442775
1987 0.07675 0.194351
1988 0.06425 0.19428675
1989 0.04425 0.1942425
1990 0.06675 0.19417575
1991 0.06425 0.1941115
1992 0.10925 0.19400225
1993 0.07425 0.193928
1994 0.07425 0.19385375
1995 0.07925 0.1937745
1996 0.06675 0.19370775
1997 0.09175 0.193616
1998 0.09425 0.19352175
1999 0.04675 0.193475
2000 0.08175 0.19339325
2001 0.09425 0.193299
2002 0.09425 0.19320475
2003 0.06925 0.1931355
2004 0.08925 0.19304625
2005 0.10425 0.192942
2006 0.06425 0.19287775
2007 0.11675 0.192761
2008 0.08175 0.19267925
2009 0.06925 0.19261
2010 0.14175 0.19246825
2011 0.05175 0.1924165
2012 0.08175 0.19233475
2013 0.04925 0.1922855
2014 0.06675 0.19221875
2015 0.08675 0.192132
2016 0.06925 0.19206275
2017 0.10425 0.1919585
2018 0.09425 0.19186425
2019 0.03925 0.191825
2020 0.08175 0.19174325
2021 0.04925 0.191694
2022 0.07425 0.19161975
2023 0.07925 0.1915405
2024 0.06675 0.19147375
2025 0.04925 0.1914245
2026 0.07175 0.19135275
2027 0.06425 0.1912885
2028 0.05925 0.19122925
2029 0.08425 0.191145
2030 0.08175 0.19106325
2031 0.08175 0.1909815
2032 0.08175 0.19089975
2033 0.08425 0.1908155
2034 0.10425 0.19071125
2035 0.04425 0.190667
2036 0.07925 0.19058775
2037 0.04425 0.1905435
2038 0.08675 0.19045675
2039 0.07675 0.19038
2040 0.06175 0.19031825
2041 0.07175 0.1902465
2042 0.08925 0.19015725
2043 0.03925 0.190118
2044 0.08175 0.19003625
2045 0.04175 0.1899945
2046 0.11175 0.18988275
2047 0.08675 0.189796
2048 0.07175 0.18972425
2049 0.10425 0.18962
2050 0.08925 0.18953075
2051 0.09175 0.189439
2052 0.06675 0.18937225
2053 0.06925 0.189303
2054 0.08175 0.18922125
2055 0.06675 0.1891545
2056 0.05925 0.18909525
2057 0.08175 0.1890135
2058 0.09425 0.18891925
2059 0.06925 0.18885
2060 0.06675 0.18878325
2061 0.10425 0.188679
2062 0.07675 0.18860225
2063 0.05425 0.188548
2064 0.09175 0.18845625
2065 0.08175 0.1883745
2066 0.08925 0.18828525
2067 0.07925 0.188206
2068 0.10175 0.18810425
2069 0.06175 0.1880425
2070 0.07175 0.18797075
2071 0.05425 0.1879165
2072 0.08925 0.18782725
2073 0.10425 0.187723
2074 0.09675 0.18762625
2075 0.09425 0.187532
2076 0.06925 0.18746275
2077 0.08675 0.187376
2078 0.08175 0.18729425
2079 0.08425 0.18721
2080 0.06675 0.18714325
2081 0.04925 0.187094
2082 0.07425 0.18701975
2083 0.09175 0.186928
2084 0.08175 0.18684625
2085 0.08425 0.186762
2086 0.07175 0.18669025
2087 0.07175 0.1866185
2088 0.07425 0.18654425
2089 0.08175 0.1864625
2090 0.08425 0.18637825
2091 0.06425 0.186314
2092 0.08925 0.18622475
2093 0.07425 0.1861505
2094 0.06175 0.18608875
2095 0.08175 0.186007
2096 0.09425 0.18591275
2097 0.05425 0.1858585
2098 0.07175 0.18578675
2099 0.06425 0.1857225
2100 0.05925 0.18566325
2101 0.03925 0.185624
2102 0.06925 0.18555475
2103 0.10425 0.1854505
2104 0.09675 0.18535375
2105 0.05425 0.1852995
2106 0.10675 0.18519275
2107 0.06925 0.1851235
2108 0.09925 0.18502425
2109 0.07425 0.18495
2110 0.07175 0.18487825
2111 0.07675 0.1848015
2112 0.09175 0.18470975
2113 0.06925 0.1846405
2114 0.03675 0.18460375
2115 0.04925 0.1845545
2116 0.05675 0.18449775
2117 0.08175 0.184416
2118 0.05675 0.18435925
2119 0.06925 0.18429
2120 0.07425 0.18421575
2121 0.08425 0.1841315
2122 0.08925 0.18404225
2123 0.07925 0.183963
2124 0.05925 0.18390375
2125 0.07675 0.183827
2126 0.07425 0.18375275
2127 0.06175 0.183691
2128 0.05925 0.18363175
2129 0.06925 0.1835625
2130 0.07675 0.18348575
2131 0.06175 0.183424
2132 0.03675 0.18338725
2133 0.06425 0.183323
2134 0.06675 0.18325625
2135 0.07425 0.183182
2136 0.05675 0.18312525
2137 0.07175 0.1830535
2138 0.07925 0.18297425
2139 0.08425 0.18289
2140 0.03175 0.18285825
2141 0.09925 0.182759
2142 0.10425 0.18265475
2143 0.03425 0.1826205
2144 0.08425 0.18253625
2145 0.06425 0.182472
2146 0.09175 0.18238025
2147 0.05425 0.182326
2148 0.07925 0.18224675
2149 0.09175 0.182155
2150 0.08425 0.18207075
2151 0.09175 0.181979
2152 0.06925 0.18190975
2153 0.08925 0.1818205
2154 0.06175 0.18175875
2155 0.09175 0.181667
2156 0.09425 0.18157275
2157 0.06675 0.181506
2158 0.10425 0.18140175
2159 0.07425 0.1813275
2160 0.07425 0.18125325
2161 0.06925 0.181184
2162 0.06175 0.18112225
2163 0.06175 0.1810605
2164 0.05425 0.18100625
2165 0.05675 0.1809495
2166 0.08425 0.18086525
2167 0.04925 0.180816
2168 0.09175 0.18072425
2169 0.05175 0.1806725
2170 0.08425 0.18058825
2171 0.06675 0.1805215
2172 0.08175 0.18043975
2173 0.11425 0.1803255
2174 0.09425 0.18023125
2175 0.06925 0.180162
2176 0.06175 0.18010025
2177 0.08675 0.1800135
2178 0.07675 0.17993675
2179 0.07925 0.1798575
2180 0.05925 0.17979825
2181 0.09675 0.1797015
2182 0.07425 0.17962725
2183 0.06425 0.179563
2184 0.10175 0.17946125
2185 0.08675 0.1793745
2186 0.08675 0.17928775
2187 0.05925 0.1792285
2188 0.07175 0.17915675
2189 0.06925 0.1790875
2190 0.09675 0.17899075
2191 0.07175 0.178919
2192 0.07175 0.17884725
2193 0.07425 0.178773
2194 0.09675 0.17867625
2195 0.07925 0.178597
2196 0.03425 0.17856275
2197 0.06425 0.1784985
2198 0.07175 0.17842675
2199 0.03675 0.17839
2200 0.07425 0.17831575
2201 0.05675 0.178259
2202 0.05925 0.17819975
2203 0.06925 0.1781305
2204 0.11675 0.17801375
2205 0.07175 0.177942
2206 0.08425 0.17785775
2207 0.08675 0.177771
2208 0.06425 0.17770675
2209 0.05175 0.177655
2210 0.05425 0.17760075
2211 0.07675 0.177524
2212 0.05675 0.17746725
2213 0.08925 0.177378
2214 0.07675 0.17730125
2215 0.05925 0.177242
2216 0.07925 0.17716275
2217 0.05175 0.177111
2218 0.07925 0.17703175
2219 0.08675 0.176945
2220 0.04175 0.17690325
2221 0.05175 0.1768515
2222 0.06425 0.17678725
2223 0.05425 0.176733
2224 0.07675 0.17665625
2225 0.11175 0.1765445
2226 0.06175 0.17648275
2227 0.07425 0.1764085
2228 0.06425 0.17634425
2229 0.06425 0.17628
2230 0.02675 0.17625325
2231 0.05175 0.1762015
2232 0.10675 0.17609475
2233 0.05175 0.176043
2234 0.09175 0.17595125
2235 0.03675 0.1759145
2236 0.04675 0.17586775
2237 0.06175 0.175806
2238 0.06675 0.17573925
2239 0.07425 0.175665
2240 0.08425 0.17558075
2241 0.05175 0.175529
2242 0.08425 0.17544475
2243 0.09425 0.1753505
2244 0.07925 0.17527125
2245 0.09925 0.175172
2246 0.08925 0.17508275
2247 0.06675 0.175016
2248 0.09675 0.17491925
2249 0.03925 0.17488
2250 0.05675 0.17482325
2251 0.06925 0.174754
2252 0.06175 0.17469225
2253 0.06425 0.174628
2254 0.06175 0.17456625
2255 0.09675 0.1744695
2256 0.04425 0.17442525
2257 0.05425 0.174371
2258 0.07175 0.17429925
2259 0.10425 0.174195
2260 0.08175 0.17411325
2261 0.08675 0.1740265
2262 0.08675 0.17393975
2263 0.05425 0.1738855
2264 0.06425 0.17382125
2265 0.07925 0.173742
2266 0.07175 0.17367025
2267 0.09925 0.173571
2268 0.05175 0.17351925
2269 0.06925 0.17345
2270 0.08925 0.17336075
2271 0.05425 0.1733065
2272 0.08925 0.17321725
2273 0.04675 0.1731705
2274 0.11425 0.17305625
2275 0.09925 0.172957
2276 0.06925 0.17288775
2277 0.07175 0.172816
2278 0.10675 0.17270925
2279 0.08425 0.172625
2280 0.05425 0.17257075
2281 0.10425 0.1724665
2282 0.08425 0.17238225
2283 0.08675 0.1722955
2284 0.10175 0.17219375
2285 0.07175 0.172122
2286 0.08675 0.17203525
2287 0.07425 0.171961
2288 0.07425 0.17188675
2289 0.05925 0.1718275
2290 0.05925 0.17176825
2291 0.08925 0.171679
2292 0.05675 0.17162225
2293 0.06175 0.1715605
2294 0.06425 0.17149625
2295 0.04175 0.1714545
2296 0.08175 0.17137275
2297 0.06175 0.171311
2298 0.08175 0.17122925
2299 0.09675 0.1711325
2300 0.08175 0.17105075
2301 0.09925 0.1709515
2302 0.06425 0.17088725
2303 0.06175 0.1708255
2304 0.08925 0.17073625
2305 0.05425 0.170682
2306 0.07175 0.17061025
2307 0.07675 0.1705335
2308 0.07175 0.17046175
2309 0.06675 0.170395
2310 0.07425 0.17032075
2311 0.07175 0.170249
2312 0.11175 0.17013725
2313 0.07675 0.1700605
2314 0.05925 0.17000125
2315 0.06175 0.1699395
2316 0.07675 0.16986275
2317 0.08175 0.169781
2318 0.05425 0.16972675
2319 0.03925 0.1696875
2320 0.08925 0.16959825
2321 0.08675 0.1695115
2322 0.03925 0.16947225
2323 0.07925 0.169393
2324 0.08925 0.16930375
2325 0.08425 0.1692195
2326 0.02675 0.16919275
2327 0.07425 0.1691185
2328 0.08925 0.16902925
2329 0.06425 0.168965
2330 0.07425 0.16889075
2331 0.07175 0.168819
2332 0.08425 0.16873475
2333 0.05675 0.168678
2334 0.03925 0.16863875
2335 0.07425 0.1685645
2336 0.08425 0.16848025
2337 0.06175 0.1684185
2338 0.06425 0.16835425
2339 0.06675 0.1682875
2340 0.04675 0.16824075
2341 0.08425 0.1681565
2342 0.09175 0.16806475
2343 0.06425 0.1680005
2344 0.05925 0.16794125
2345 0.04925 0.167892
2346 0.06175 0.16783025
2347 0.10425 0.167726
2348 0.05425 0.16767175
2349 0.06675 0.167605
2350 0.05175 0.16755325
2351 0.08675 0.1674665
2352 0.06675 0.16739975
2353 0.04175 0.167358
2354 0.04175 0.16731625
2355 0.06425 0.167252
2356 0.09425 0.16715775
2357 0.09175 0.167066
2358 0.05925 0.16700675
2359 0.07675 0.16693
2360 0.07675 0.16685325
2361 0.07675 0.1667765
2362 0.03675 0.16673975
2363 0.04925 0.1666905
2364 0.08925 0.16660125
2365 0.03425 0.166567
2366 0.06425 0.16650275
2367 0.07675 0.166426
2368 0.06925 0.16635675
2369 0.05675 0.1663
2370 0.04925 0.16625075
2371 0.04425 0.1662065
2372 0.08425 0.16612225
2373 0.07175 0.1660505
2374 0.04675 0.16600375
2375 0.06925 0.1659345
2376 0.06175 0.16587275
2377 0.07675 0.165796
2378 0.05675 0.16573925
2379 0.06175 0.1656775
2380 0.06175 0.16561575
2381 0.07175 0.165544
2382 0.07425 0.16546975
2383 0.04175 0.165428
2384 0.09425 0.16533375
2385 0.09675 0.165237
2386 0.08675 0.16515025
2387 0.07675 0.1650735
2388 0.09425 0.16497925
2389 0.07675 0.1649025
2390 0.06925 0.16483325
2391 0.08425 0.164749
2392 0.08925 0.16465975
2393 0.06675 0.164593
2394 0.06925 0.16452375
2395 0.07675 0.164447
2396 0.07425 0.16437275
2397 0.07925 0.1642935
2398 0.07425 0.16421925
2399 0.09925 0.16412
2400 0.06175 0.16405825
2401 0.08425 0.163974
2402 0.10925 0.16386475
2403 0.06425 0.1638005
2404 0.05175 0.16374875
2405 0.07925 0.1636695
2406 0.10425 0.16356525
2407 0.11175 0.1634535
2408 0.06675 0.16338675
2409 0.05175 0.163335
2410 0.03175 0.16330325
2411 0.05675 0.1632465
2412 0.08675 0.16315975
2413 0.08175 0.163078
2414 0.10425 0.16297375
2415 0.05675 0.162917
2416 0.08425 0.16283275
2417 0.08925 0.1627435
2418 0.05425 0.16268925
2419 0.05175 0.1626375
2420 0.05925 0.16257825
2421 0.06675 0.1625115
2422 0.09675 0.16241475
2423 0.08175 0.162333
2424 0.05425 0.16227875
2425 0.09425 0.1621845
2426 0.06425 0.16212025
2427 0.06925 0.162051
2428 0.06925 0.16198175
2429 0.03425 0.1619475
2430 0.07425 0.16187325
2431 0.07175 0.1618015
2432 0.07425 0.16172725
2433 0.06925 0.161658
2434 0.07425 0.16158375
2435 0.09175 0.161492
2436 0.08675 0.16140525
2437 0.07675 0.1613285
2438 0.09175 0.16123675
2439 0.05425 0.1611825
2440 0.05675 0.16112575
2441 0.04675 0.161079
2442 0.06925 0.16100975
2443 0.07675 0.160933
2444 0.05175 0.16088125
2445 0.04425 0.160837
2446 0.08425 0.16075275
2447 0.07425 0.1606785
2448 0.09675 0.16058175
2449 0.05425 0.1605275
2450 0.07675 0.16045075
2451 0.05675 0.160394
2452 0.04425 0.16034975
2453 0.05175 0.160298
2454 0.04425 0.16025375
2455 0.09425 0.1601595
2456 0.07425 0.16008525
2457 0.05175 0.1600335
2458 0.00925 0.16002425
2459 0.03175 0.1599925
2460 0.04675 0.15994575
2461 0.05425 0.1598915
2462 0.01925 0.15987225
2463 0.05675 0.1598155
2464 0.09175 0.15972375
2465 0.06675 0.159657
2466 0.07925 0.15957775
2467 0.06175 0.159516
2468 0.09925 0.15941675
2469 0.08425 0.1593325
2470 0.05925 0.15927325
2471 0.08175 0.1591915
2472 0.06175 0.15912975
2473 0.05425 0.1590755
2474 0.09175 0.15898375
2475 0.10675 0.158877
2476 0.05675 0.15882025
2477 0.06675 0.1587535
2478 0.05675 0.15869675
2479 0.06675 0.15863
2480 0.07425 0.15855575
2481 0.04675 0.158509
2482 0.07925 0.15842975
2483 0.05925 0.1583705
2484 0.07175 0.15829875
2485 0.05425 0.1582445
2486 0.07675 0.15816775
2487 0.04675 0.158121
2488 0.05925 0.15806175
2489 0.05425 0.1580075
2490 0.06425 0.15794325
2491 0.08175 0.1578615
2492 0.04925 0.15781225
2493 0.07175 0.1577405
2494 0.05675 0.15768375
2495 0.03925 0.1576445
2496 0.08925 0.15755525
2497 0.07425 0.157481
2498 0.07425 0.15740675
2499 0.03675 0.15737
2500 0.04425 0.15732575
2501 0.04925 0.1572765
2502 0.04675 0.15722975
2503 0.04675 0.157183
2504 0.02925 0.15715375
2505 0.08675 0.157067
2506 0.10675 0.15696025
2507 0.06675 0.1568935
2508 0.08425 0.15680925
2509 0.03175 0.1567775
2510 0.06425 0.15671325
2511 0.07425 0.156639
2512 0.05925 0.15657975
2513 0.05925 0.1565205
2514 0.05425 0.15646625
2515 0.04675 0.1564195
2516 0.09675 0.15632275
2517 0.05925 0.1562635
2518 0.05925 0.15620425
2519 0.05425 0.15615
2520 0.08425 0.15606575
2521 0.06925 0.1559965
2522 0.05175 0.15594475
2523 0.07425 0.1558705
2524 0.06425 0.15580625
2525 0.05425 0.155752
2526 0.07175 0.15568025
2527 0.03425 0.155646
2528 0.06425 0.15558175
2529 0.05675 0.155525
2530 0.08425 0.15544075
2531 0.06175 0.155379
2532 0.07925 0.15529975
2533 0.07175 0.155228
2534 0.06175 0.15516625
2535 0.05925 0.155107
2536 0.07675 0.15503025
2537 0.04425 0.154986
2538 0.06675 0.15491925
2539 0.06925 0.15485
2540 0.09425 0.15475575
2541 0.03425 0.1547215
2542 0.06425 0.15465725
2543 0.07925 0.154578
2544 0.08425 0.15449375
2545 0.06175 0.154432
2546 0.03425 0.15439775
2547 0.05925 0.1543385
2548 0.03925 0.15429925
2549 0.07425 0.154225
2550 0.05425 0.15417075
2551 0.05425 0.1541165
2552 0.06175 0.15405475
2553 0.07675 0.153978
2554 0.05925 0.15391875
2555 0.05675 0.153862
2556 0.05675 0.15380525
2557 0.03925 0.153766
2558 0.05175 0.15371425
2559 0.05175 0.1536625
2560 0.08925 0.15357325
2561 0.09175 0.1534815
2562 0.07425 0.15340725
2563 0.05675 0.1533505
2564 0.04925 0.15330125
2565 0.07675 0.1532245
2566 0.03925 0.15318525
2567 0.07925 0.153106
2568 0.07425 0.15303175
2569 0.06675 0.152965
2570 0.06925 0.15289575
2571 0.05925 0.1528365
2572 0.06175 0.15277475
2573 0.03425 0.1527405
2574 0.06175 0.15267875
2575 0.04425 0.1526345
2576 0.08675 0.15254775
2577 0.06675 0.152481
2578 0.08175 0.15239925
2579 0.06925 0.15233
2580 0.06675 0.15226325
2581 0.04425 0.152219
2582 0.06425 0.15215475
2583 0.05175 0.152103
2584 0.07425 0.15202875
2585 0.07425 0.1519545
2586 0.06675 0.15188775
2587 0.07425 0.1518135
2588 0.04425 0.15176925
2589 0.06425 0.151705
2590 0.06675 0.15163825
2591 0.07675 0.1515615
2592 0.08425 0.15147725
2593 0.05425 0.151423
2594 0.05675 0.15136625
2595 0.05675 0.1513095
2596 0.03425 0.15127525
2597 0.05425 0.151221
2598 0.02175 0.15119925
2599 0.02925 0.15117
2600 0.05675 0.15111325
2601 0.05175 0.1510615
2602 0.07675 0.15098475
2603 0.05175 0.150933
2604 0.10175 0.15083125
2605 0.07675 0.1507545
2606 0.04425 0.15071025
2607 0.08175 0.1506285
2608 0.07675 0.15055175
2609 0.03675 0.150515
2610 0.03925 0.15047575
2611 0.05425 0.1504215
2612 0.07675 0.15034475
2613 0.08425 0.1502605
2614 0.06425 0.15019625
2615 0.07675 0.1501195
2616 0.03925 0.15008025
2617 0.07925 0.150001
2618 0.06925 0.14993175
2619 0.06425 0.1498675
2620 0.03925 0.14982825
2621 0.05675 0.1497715
2622 0.06175 0.14970975
2623 0.10175 0.149608
2624 0.06425 0.14954375
2625 0.05175 0.149492
2626 0.07675 0.14941525
2627 0.07675 0.1493385
2628 0.08925 0.14924925
2629 0.08425 0.149165
2630 0.02425 0.14914075
2631 0.07175 0.149069
2632 0.08175 0.14898725
2633 0.07925 0.148908
2634 0.04925 0.14885875
2635 0.04675 0.148812
2636 0.04925 0.14876275
2637 0.05925 0.1487035
2638 0.08675 0.14861675
2639 0.09675 0.14852
2640 0.06425 0.14845575
2641 0.06925 0.1483865
2642 0.07925 0.14830725
2643 0.09675 0.1482105
2644 0.05675 0.14815375
2645 0.05925 0.1480945
2646 0.05175 0.14804275
2647 0.08925 0.1479535
2648 0.05925 0.14789425
2649 0.02675 0.1478675
2650 0.03675 0.14783075
2651 0.07175 0.147759
2652 0.08675 0.14767225
2653 0.05175 0.1476205
2654 0.07925 0.14754125
2655 0.04675 0.1474945
2656 0.06925 0.14742525
2657 0.07425 0.147351
2658 0.07925 0.14727175
2659 0.08925 0.1471825
2660 0.03425 0.14714825
2661 0.07925 0.147069
2662 0.04925 0.14701975
2663 0.05425 0.1469655
2664 0.08425 0.14688125
2665 0.06425 0.146817
2666 0.08925 0.14672775
2667 0.04925 0.1466785
2668 0.07675 0.14660175
2669 0.07425 0.1465275
2670 0.09175 0.14643575
2671 0.04175 0.146394
2672 0.04175 0.14635225
2673 0.05925 0.146293
2674 0.07175 0.14622125
2675 0.06175 0.1461595
2676 0.07675 0.14608275
2677 0.08425 0.1459985
2678 0.03175 0.14596675
2679 0.04925 0.1459175
2680 0.06425 0.14585325
2681 0.05425 0.145799
2682 0.07175 0.14572725
2683 0.08425 0.145643
2684 0.07675 0.14556625
2685 0.07675 0.1454895
2686 0.08675 0.14540275
2687 0.04925 0.1453535
2688 0.06175 0.14529175
2689 0.07175 0.14522
2690 0.05925 0.14516075
2691 0.07175 0.145089
2692 0.06425 0.14502475
2693 0.07175 0.144953
2694 0.04175 0.14491125
2695 0.05175 0.1448595
2696 0.08925 0.14477025
2697 0.06925 0.144701
2698 0.05675 0.14464425
2699 0.06175 0.1445825
2700 0.05425 0.14452825
2701 0.07175 0.1444565
2702 0.04175 0.14441475
2703 0.02675 0.144388
2704 0.05925 0.14432875
2705 0.05175 0.144277
2706 0.05175 0.14422525
2707 0.05175 0.1441735
2708 0.06925 0.14410425
2709 0.04925 0.144055
2710 0.05175 0.14400325
2711 0.05175 0.1439515
2712 0.04425 0.14390725
2713 0.03175 0.1438755
2714 0.06425 0.14381125
2715 0.08675 0.1437245
2716 0.07925 0.14364525
2717 0.06425 0.143581
2718 0.05925 0.14352175
2719 0.02425 0.1434975
2720 0.05175 0.14344575
2721 0.06675 0.143379
2722 0.09175 0.14328725
2723 0.06925 0.143218
2724 0.07675 0.14314125
2725 0.05175 0.1430895
2726 0.06175 0.14302775
2727 0.08675 0.142941
2728 0.05675 0.14288425
2729 0.05175 0.1428325
2730 0.06925 0.14276325
2731 0.05175 0.1427115
2732 0.05925 0.14265225
2733 0.04425 0.142608
2734 0.06175 0.14254625
2735 0.05925 0.142487
2736 0.03425 0.14245275
2737 0.05675 0.142396
2738 0.08175 0.14231425
2739 0.06425 0.14225
2740 0.04175 0.14220825
2741 0.03675 0.1421715
2742 0.05675 0.14211475
2743 0.05425 0.1420605
2744 0.03925 0.14202125
2745 0.06425 0.141957
2746 0.02925 0.14192775
2747 0.06675 0.141861
2748 0.05675 0.14180425
2749 0.07925 0.141725
2750 0.06425 0.14166075
2751 0.05175 0.141609
2752 0.08425 0.14152475
2753 0.09175 0.141433
2754 0.05675 0.14137625
2755 0.07175 0.1413045
2756 0.05425 0.14125025
2757 0.04675 0.1412035
2758 0.03925 0.14116425
2759 0.02675 0.1411375
2760 0.07925 0.14105825
2761 0.04675 0.1410115
2762 0.05425 0.14095725
2763 0.08675 0.1408705
2764 0.03425 0.14083625
2765 0.07175 0.1407645
2766 0.04175 0.14072275
2767 0.08925 0.1406335
2768 0.08175 0.14055175
2769 0.07175 0.14048
2770 0.04675 0.14043325
2771 0.04675 0.1403865
2772 0.07675 0.14030975
2773 0.07175 0.140238
2774 0.07425 0.14016375
2775 0.05175 0.140112
2776 0.06175 0.14005025
2777 0.05175 0.1399985
2778 0.08175 0.13991675
2779 0.06425 0.1398525
2780 0.06925 0.13978325
2781 0.02925 0.139754
2782 0.06175 0.13969225
2783 0.03425 0.139658
2784 0.02675 0.13963125
2785 0.04425 0.139587
2786 0.07425 0.13951275
2787 0.04675 0.139466
2788 0.04425 0.13942175
2789 0.06175 0.13936
2790 0.06675 0.13929325
2791 0.05175 0.1392415
2792 0.05675 0.13918475
2793 0.07675 0.139108
2794 0.03425 0.13907375
2795 0.06175 0.139012
2796 0.04175 0.13897025
2797 0.03425 0.138936
2798 0.08675 0.13884925
2799 0.03675 0.1388125
2800 0.06675 0.13874575
2801 0.07675 0.138669
2802 0.05925 0.13860975
2803 0.07675 0.138533
2804 0.04925 0.13848375
2805 0.06925 0.1384145
2806 0.05675 0.13835775
2807 0.04925 0.1383085
2808 0.06675 0.13824175
2809 0.10175 0.13814
2810 0.03175 0.13810825
2811 0.08925 0.138019
2812 0.04425 0.13797475
2813 0.06425 0.1379105
2814 0.03175 0.13787875
2815 0.07175 0.137807
2816 0.07425 0.13773275
2817 0.06675 0.137666
2818 0.05425 0.13761175
2819 0.05925 0.1375525
2820 0.03175 0.13752075
2821 0.07425 0.1374465
2822 0.06175 0.13738475
2823 0.08675 0.137298
2824 0.05675 0.13724125
2825 0.06175 0.1371795
2826 0.01675 0.13716275
2827 0.03675 0.137126
2828 0.05675 0.13706925
2829 0.05175 0.1370175
2830 0.05425 0.13696325
2831 0.08425 0.136879
2832 0.03425 0.13684475
2833 0.06675 0.136778
2834 0.07925 0.13669875
2835 0.09425 0.1366045
2836 0.04175 0.13656275
2837 0.05425 0.1365085
2838 0.02675 0.13648175
2839 0.05675 0.136425
2840 0.06675 0.13635825
2841 0.06175 0.1362965
2842 0.05175 0.13624475
2843 0.07425 0.1361705
2844 0.06175 0.13610875
2845 0.04675 0.136062
2846 0.07175 0.13599025
2847 0.06425 0.135926
2848 0.06175 0.13586425
2849 0.04925 0.135815
2850 0.03675 0.13577825
2851 0.03675 0.1357415
2852 0.05675 0.13568475
2853 0.03925 0.1356455
2854 0.08425 0.13556125
2855 0.06175 0.1354995
2856 0.08175 0.13541775
2857 0.01175 0.135406
2858 0.07925 0.13532675
2859 0.06675 0.13526
2860 0.06425 0.13519575
2861 0.03675 0.135159
2862 0.07675 0.13508225
2863 0.06925 0.135013
2864 0.04425 0.13496875
2865 0.04925 0.1349195
2866 0.03425 0.13488525
2867 0.03425 0.134851
2868 0.08425 0.13476675
2869 0.06675 0.1347
2870 0.04925 0.13465075
2871 0.06675 0.134584
2872 0.09925 0.13448475
2873 0.05175 0.134433
2874 0.05425 0.13437875
2875 0.01675 0.134362
2876 0.06425 0.13429775
2877 0.05675 0.134241
2878 0.06425 0.13417675
2879 0.06425 0.1341125
2880 0.05425 0.13405825
2881 0.05675 0.1340015
2882 0.06925 0.13393225
2883 0.02675 0.1339055
2884 0.06675 0.13383875
2885 0.03925 0.1337995
2886 0.03675 0.13376275
2887 0.06425 0.1336985
2888 0.00925 0.13368925
2889 0.09425 0.133595
2890 0.04925 0.13354575
2891 0.03175 0.133514
2892 0.02675 0.13348725
2893 0.03675 0.1334505
2894 0.05675 0.13339375
2895 0.07675 0.133317
2896 0.03675 0.13328025
2897 0.04925 0.133231
2898 0.06175 0.13316925
2899 0.03675 0.1331325
2900 0.04925 0.13308325
2901 0.05425 0.133029
2902 0.04175 0.13298725
2903 0.03425 0.132953
2904 0.06675 0.13288625
2905 0.05425 0.132832
2906 0.04675 0.13278525
2907 0.08175 0.1327035
2908 0.07175 0.13263175
2909 0.03175 0.1326
2910 0.07925 0.13252075
2911 0.03925 0.1324815
2912 0.05425 0.13242725
2913 0.06425 0.132363
2914 0.03175 0.13233125
2915 0.05175 0.1322795
2916 0.06175 0.13221775
2917 0.03675 0.132181
2918 0.06425 0.13211675
2919 0.06925 0.1320475
2920 0.07675 0.13197075
2921 0.06425 0.1319065
2922 0.01675 0.13188975
2923 0.07425 0.1318155
2924 0.07175 0.13174375
2925 0.03925 0.1317045
2926 0.06925 0.13163525
2927 0.04425 0.131591
2928 0.04925 0.13154175
2929 0.03425 0.1315075
2930 0.07175 0.13143575
2931 0.06925 0.1313665
2932 0.06425 0.13130225
2933 0.05675 0.1312455
2934 0.06175 0.13118375
2935 0.05925 0.1311245
2936 0.05925 0.13106525
2937 0.06675 0.1309985
2938 0.07425 0.13092425
2939 0.07175 0.1308525
2940 0.05675 0.13079575
2941 0.08925 0.1307065
2942 0.04175 0.13066475
2943 0.04425 0.1306205
2944 0.06175 0.13055875
2945 0.04175 0.130517
2946 0.04925 0.13046775
2947 0.06675 0.130401
2948 0.05425 0.13034675
2949 0.04925 0.1302975
2950 0.07175 0.13022575
2951 0.06425 0.1301615
2952 0.04175 0.13011975
2953 0.05675 0.130063
2954 0.06175 0.13000125
2955 0.04925 0.129952
2956 0.05425 0.12989775
2957 0.05925 0.1298385
2958 0.07425 0.12976425
2959 0.03425 0.12973
2960 0.03675 0.12969325
2961 0.07175 0.1296215
2962 0.02675 0.12959475
2963 0.05925 0.1295355
2964 0.04425 0.12949125
2965 0.03175 0.1294595
2966 0.03675 0.12942275
2967 0.09675 0.129326
2968 0.04425 0.12928175
2969 0.04425 0.1292375
2970 0.04675 0.12919075
2971 0.04175 0.129149
2972 0.05925 0.12908975
2973 0.05425 0.1290355
2974 0.05425 0.12898125
2975 0.05925 0.128922
2976 0.06175 0.12886025
2977 0.07425 0.128786
2978 0.06425 0.12872175
2979 0.01675 0.128705
2980 0.05175 0.12865325
2981 0.07925 0.128574
2982 0.05425 0.12851975
2983 0.02675 0.128493
2984 0.05425 0.12843875
2985 0.05425 0.1283845
2986 0.03175 0.12835275
2987 0.05925 0.1282935
2988 0.08175 0.12821175
2989 0.03425 0.1281775
2990 0.05925 0.12811825
2991 0.10425 0.128014
2992 0.04925 0.12796475
2993 0.05425 0.1279105
2994 0.05925 0.12785125
2995 0.03925 0.127812
2996 0.05175 0.12776025
2997 0.07425 0.127686
2998 0.06925 0.12761675
2999 0.02675 0.12759
#theta_true= 1.1 theta_estimated= 1.22759
