#gd-step, abs-grad_likelihood, theta-error
0 0.13925 0.3986075
1 0.14675 0.39714
2 0.12925 0.3958475
3 0.13675 0.39448
4 0.13675 0.3931125
5 0.11425 0.39197
6 0.12925 0.3906775
7 0.12925 0.389385
8 0.11925 0.3881925
9 0.12675 0.386925
10 0.11425 0.3857825
11 0.10925 0.38469
12 0.10675 0.3836225
13 0.11175 0.382505
14 0.13925 0.3811125
15 0.15675 0.379545
16 0.14675 0.3780775
17 0.12675 0.37681
18 0.14175 0.3753925
19 0.12925 0.3741
20 0.13675 0.3727325
21 0.11925 0.37154
22 0.11925 0.3703475
23 0.14425 0.368905
24 0.14425 0.3674625
25 0.11925 0.36627
26 0.12425 0.3650275
27 0.12675 0.36376
28 0.13675 0.3623925
29 0.13425 0.36105
30 0.12175 0.3598325
31 0.10175 0.358815
32 0.14675 0.3573475
33 0.13175 0.35603
34 0.11175 0.3549125
35 0.13425 0.35357
36 0.10925 0.3524775
37 0.09175 0.35156
38 0.15925 0.3499675
39 0.12175 0.34875
40 0.08175 0.3479325
41 0.11925 0.34674
42 0.12425 0.3454975
43 0.16425 0.343855
44 0.12175 0.3426375
45 0.13425 0.341295
46 0.12925 0.3400025
47 0.12425 0.33876
48 0.12425 0.3375175
49 0.11925 0.336325
50 0.12675 0.3350575
51 0.11175 0.33394
52 0.12675 0.3326725
53 0.10175 0.331655
54 0.12175 0.3304375
55 0.13425 0.329095
56 0.12925 0.3278025
57 0.10675 0.326735
58 0.09675 0.3257675
59 0.12425 0.324525
60 0.10425 0.3234825
61 0.11925 0.32229
62 0.11175 0.3211725
63 0.06925 0.32048
64 0.12425 0.3192375
65 0.11175 0.31812
66 0.11925 0.3169275
67 0.08675 0.31606
68 0.12675 0.3147925
69 0.10675 0.313725
70 0.07925 0.3129325
71 0.11675 0.311765
72 0.08675 0.3108975
73 0.11175 0.30978
74 0.09925 0.3087875
75 0.12175 0.30757
76 0.08925 0.3066775
77 0.10175 0.30566
78 0.12925 0.3043675
79 0.14925 0.302875
80 0.08925 0.3019825
81 0.11425 0.30084
82 0.10925 0.2997475
83 0.10925 0.298655
84 0.09925 0.2976625
85 0.11675 0.296495
86 0.12425 0.2952525
87 0.09675 0.294285
88 0.10175 0.2932675
89 0.08925 0.292375
90 0.09175 0.2914575
91 0.11925 0.290265
92 0.07925 0.2894725
93 0.13675 0.288105
94 0.07925 0.2873125
95 0.06675 0.286645
96 0.09925 0.2856525
97 0.09925 0.28466
98 0.09425 0.2837175
99 0.09425 0.282775
100 0.13425 0.2814325
101 0.13675 0.280065
102 0.08925 0.2791725
103 0.11425 0.27803
104 0.12675 0.2767625
105 0.12425 0.27552
106 0.11925 0.2743275
107 0.09175 0.27341
108 0.11175 0.2722925
109 0.07925 0.2715
110 0.09675 0.2705325
111 0.10175 0.269515
112 0.11425 0.2683725
113 0.07925 0.26758
114 0.10175 0.2665625
115 0.13175 0.265245
116 0.10675 0.2641775
117 0.08925 0.263285
118 0.10675 0.2622175
119 0.09675 0.26125
120 0.11675 0.2600825
121 0.09675 0.259115
122 0.11675 0.2579475
123 0.13925 0.256555
124 0.09175 0.2556375
125 0.09675 0.25467
126 0.08925 0.2537775
127 0.08925 0.252885
128 0.10925 0.2517925
129 0.08675 0.250925
130 0.10175 0.2499075
131 0.09925 0.248915
132 0.07925 0.2481225
133 0.08925 0.24723
134 0.06425 0.2465875
135 0.06925 0.245895
136 0.08175 0.2450775
137 0.08175 0.24426
138 0.09675 0.2432925
139 0.07675 0.242525
140 0.12675 0.2412575
141 0.09675 0.24029
142 0.08925 0.2393975
143 0.09425 0.238455
144 0.08925 0.2375625
145 0.07425 0.23682
146 0.06175 0.2362025
147 0.08425 0.23536
148 0.07925 0.2345675
149 0.09675 0.2336
150 0.07925 0.2328075
151 0.11175 0.23169
152 0.09175 0.2307725
153 0.06175 0.230155
154 0.09175 0.2292375
155 0.10675 0.22817
156 0.10425 0.2271275
157 0.07425 0.226385
158 0.10425 0.2253425
159 0.06175 0.224725
160 0.10425 0.2236825
161 0.09425 0.22274
162 0.07675 0.2219725
163 0.07925 0.22118
164 0.09425 0.2202375
165 0.06925 0.219545
166 0.10675 0.2184775
167 0.06925 0.217785
168 0.08425 0.2169425
169 0.08175 0.216125
170 0.07675 0.2153575
171 0.07675 0.21459
172 0.09675 0.2136225
173 0.09425 0.21268
174 0.10925 0.2115875
175 0.09925 0.210595
176 0.08425 0.2097525
177 0.10925 0.20866
178 0.06925 0.2079675
179 0.04175 0.20755
180 0.10425 0.2065075
181 0.08175 0.20569
182 0.10675 0.2046225
183 0.06425 0.20398
184 0.07425 0.2032375
185 0.07925 0.202445
186 0.11425 0.2013025
187 0.09175 0.200385
188 0.06925 0.1996925
189 0.07175 0.198975
190 0.07675 0.1982075
191 0.09175 0.19729
192 0.07425 0.1965475
193 0.10425 0.195505
194 0.07675 0.1947375
195 0.04925 0.194245
196 0.08675 0.1933775
197 0.09425 0.192435
198 0.08175 0.1916175
199 0.08175 0.1908
200 0.05925 0.1902075
201 0.08175 0.18939
202 0.06675 0.1887225
203 0.06925 0.18803
204 0.06925 0.1873375
205 0.06425 0.186695
206 0.06425 0.1860525
207 0.07925 0.18526
208 0.05675 0.1846925
209 0.05925 0.1841
210 0.07925 0.1833075
211 0.06675 0.18264
212 0.08175 0.1818225
213 0.09925 0.18083
214 0.03425 0.1804875
215 0.07175 0.17977
216 0.06425 0.1791275
217 0.05925 0.178535
218 0.05675 0.1779675
219 0.06425 0.177325
220 0.06175 0.1767075
221 0.08175 0.17589
222 0.06675 0.1752225
223 0.04675 0.174755
224 0.05675 0.1741875
225 0.09175 0.17327
226 0.07175 0.1725525
227 0.05175 0.172035
228 0.06175 0.1714175
229 0.06175 0.1708
230 0.05675 0.1702325
231 0.07175 0.169515
232 0.06425 0.1688725
233 0.08925 0.16798
234 0.06425 0.1673375
235 0.07675 0.16657
236 0.05675 0.1660025
237 0.05425 0.16546
238 0.05925 0.1648675
239 0.07925 0.164075
240 0.01675 0.1639075
241 0.08675 0.16304
242 0.07675 0.1622725
243 0.08175 0.161455
244 0.07425 0.1607125
245 0.06925 0.16002
246 0.08175 0.1592025
247 0.06425 0.15856
248 0.02175 0.1583425
249 0.07425 0.1576
250 0.07175 0.1568825
251 0.03675 0.156515
252 0.06175 0.1558975
253 0.04675 0.15543
254 0.05675 0.1548625
255 0.06925 0.15417
256 0.08425 0.1533275
257 0.08175 0.15251
258 0.03925 0.1521175
259 0.06675 0.15145
260 0.06425 0.1508075
261 0.06175 0.15019
262 0.07425 0.1494475
263 0.05675 0.14888
264 0.08175 0.1480625
265 0.08175 0.147245
266 0.06175 0.1466275
267 0.07175 0.14591
268 0.05175 0.1453925
269 0.08675 0.144525
270 0.07925 0.1437325
271 0.08675 0.142865
272 0.08925 0.1419725
273 0.09175 0.141055
274 0.07425 0.1403125
275 0.05925 0.13972
276 0.03925 0.1393275
277 0.06425 0.138685
278 0.08675 0.1378175
279 0.06425 0.137175
280 0.06675 0.1365075
281 0.01925 0.136315
282 0.06675 0.1356475
283 0.03425 0.135305
284 0.05925 0.1347125
285 0.04425 0.13427
286 0.03175 0.1339525
287 0.05175 0.133435
288 0.05425 0.1328925
289 0.06675 0.132225
290 0.02675 0.1319575
291 0.06175 0.13134
292 0.08175 0.1305225
293 0.07425 0.12978
294 0.05425 0.1292375
295 0.06425 0.128595
296 0.04925 0.1281025
297 0.04675 0.127635
298 0.05425 0.1270925
299 0.05175 0.126575
300 0.05675 0.1260075
301 0.02925 0.125715
302 0.03925 0.1253225
303 0.06175 0.124705
304 0.04925 0.1242125
305 0.07175 0.123495
306 0.05425 0.1229525
307 0.06675 0.122285
308 0.06675 0.1216175
309 0.02175 0.1214
310 0.04175 0.1209825
311 0.03675 0.120615
312 0.05675 0.1200475
313 0.06175 0.11943
314 0.02425 0.1191875
315 0.02925 0.118895
316 0.06175 0.1182775
317 0.06425 0.117635
318 0.03925 0.1172425
319 0.04925 0.11675
320 0.00325 0.1167825
321 0.05175 0.116265
322 0.04425 0.1158225
323 0.05175 0.115305
324 0.04675 0.1148375
325 0.03925 0.114445
326 0.05425 0.1139025
327 0.03425 0.11356
328 0.03925 0.1131675
329 0.05675 0.1126
330 0.04675 0.1121325
331 0.05925 0.11154
332 0.05175 0.1110225
333 0.02925 0.11073
334 0.05175 0.1102125
335 0.04175 0.109795
336 0.00325 0.1098275
337 0.02425 0.109585
338 0.02925 0.1092925
339 0.06175 0.108675
340 0.05175 0.1081575
341 0.06425 0.107515
342 0.07425 0.1067725
343 0.03175 0.106455
344 0.02925 0.1061625
345 0.04925 0.10567
346 0.03675 0.1053025
347 0.04675 0.104835
348 0.08425 0.1039925
349 0.04175 0.103575
350 0.08175 0.1027575
351 0.06175 0.10214
352 0.04675 0.1016725
353 0.05175 0.101155
354 0.03675 0.1007875
355 0.05925 0.100195
356 0.04675 0.0997275
357 0.07675 0.09896
358 0.05925 0.0983675
359 0.00175 0.09835
360 0.03675 0.0979825
361 0.01425 0.09784
362 0.04175 0.0974225
363 0.04925 0.09693
364 0.05425 0.0963875
365 0.04675 0.09592
366 0.03675 0.0955525
367 0.03425 0.09521
368 0.03675 0.0948425
369 0.07175 0.094125
370 0.02925 0.0938325
371 0.02175 0.093615
372 0.03425 0.0932725
373 0.04925 0.09278
374 0.02675 0.0925125
375 0.06675 0.091845
376 0.02675 0.0915775
377 0.03925 0.091185
378 0.02175 0.0909675
379 0.06925 0.090275
380 0.04175 0.0898575
381 0.02425 0.089615
382 0.04175 0.0891975
383 0.04175 0.08878
384 0.05925 0.0881875
385 0.00325 0.08822
386 0.04425 0.0877775
387 0.04175 0.08736
388 0.03175 0.0870425
389 0.05175 0.086525
390 0.02175 0.0863075
391 0.02175 0.08609
392 0.01175 0.0859725
393 0.02425 0.08573
394 0.03175 0.0854125
395 0.04425 0.08497
396 0.03675 0.0846025
397 0.06675 0.083935
398 0.03675 0.0835675
399 0.00925 0.083475
400 0.03175 0.0831575
401 0.04425 0.082715
402 0.01675 0.0825475
403 0.09425 0.081605
404 0.04675 0.0811375
405 0.03925 0.080745
406 0.03675 0.0803775
407 0.00175 0.08036
408 0.03675 0.0799925
409 0.03925 0.0796
410 0.02925 0.0793075
411 0.05925 0.078715
412 0.03675 0.0783475
413 0.02425 0.078105
414 0.04925 0.0776125
415 0.03675 0.077245
416 0.00425 0.0772025
417 0.00325 0.077235
418 0.01675 0.0770675
419 0.02175 0.07685
420 0.03675 0.0764825
421 0.03925 0.07609
422 0.05425 0.0755475
423 0.03675 0.07518
424 0.04175 0.0747625
425 0.08425 0.07392
426 0.03425 0.0735775
427 0.02175 0.07336
428 0.05425 0.0728175
429 0.04175 0.0724
430 0.02175 0.0721825
431 0.02925 0.07189
432 0.02175 0.0716725
433 0.02175 0.071455
434 0.06925 0.0707625
435 0.01425 0.07062
436 0.02925 0.0703275
437 0.01575 0.070485
438 0.03925 0.0700925
439 0.01675 0.069925
440 0.04175 0.0695075
441 0.05675 0.06894
442 0.00575 0.0689975
443 0.01425 0.068855
444 0.03675 0.0684875
445 0.00425 0.068445
446 0.04175 0.0680275
447 0.03675 0.06766
448 0.04675 0.0671925
449 0.04925 0.0667
450 0.04925 0.0662075
451 0.02675 0.06594
452 0.03425 0.0655975
453 0.02675 0.06533
454 0.02925 0.0650375
455 0.02925 0.064745
456 0.04175 0.0643275
457 0.01175 0.06421
458 0.01675 0.0640425
459 0.02675 0.063775
460 0.06675 0.0631075
461 0.02075 0.063315
462 0.00575 0.0633725
463 0.01925 0.06318
464 0.00425 0.0631375
465 0.01925 0.062945
466 0.03675 0.0625775
467 0.00175 0.06256
468 0.01925 0.0623675
469 0.00925 0.062275
470 0.01675 0.0621075
471 0.04425 0.061665
472 0.00425 0.0616225
473 0.05675 0.061055
474 0.02925 0.0607625
475 0.02925 0.06047
476 0.07425 0.0597275
477 0.04175 0.05931
478 0.00425 0.0592675
479 0.06675 0.0586
480 0.01175 0.0584825
481 0.00425 0.05844
482 0.03425 0.0580975
483 0.04925 0.057605
484 0.04675 0.0571375
485 0.02925 0.056845
486 0.00675 0.0567775
487 0.00325 0.05681
488 0.00675 0.0567425
489 0.01575 0.0569
490 0.03175 0.0565825
491 0.03925 0.05619
492 0.00175 0.0561725
493 0.02425 0.05593
494 0.04425 0.0554875
495 0.03675 0.05512
496 0.03925 0.0547275
497 0.03925 0.054335
498 0.01675 0.0541675
499 0.00675 0.0541
500 0.00675 0.0540325
501 0.00675 0.053965
502 0.00425 0.0539225
503 0.04425 0.05348
504 0.03675 0.0531125
505 0.00675 0.053045
506 0.00175 0.0530275
507 0.03925 0.052635
508 0.01425 0.0524925
509 0.01675 0.052325
510 0.00675 0.0522575
511 0.02175 0.05204
512 0.00075 0.0520475
513 0.01925 0.051855
514 0.05175 0.0513375
515 0.02425 0.051095
516 0.05175 0.0505775
517 0.03925 0.050185
518 0.04925 0.0496925
519 0.04675 0.049225
520 0.04675 0.0487575
521 0.01675 0.04859
522 0.04925 0.0480975
523 0.02675 0.04783
524 0.03675 0.0474625
525 0.01075 0.04757
526 0.01675 0.0474025
527 0.03425 0.04706
528 0.02425 0.0468175
529 0.03675 0.04645
530 0.00175 0.0464325
531 0.01425 0.04629
532 0.02175 0.0460725
533 0.00325 0.046105
534 0.01175 0.0459875
535 0.00425 0.045945
536 0.02925 0.0456525
537 0.05425 0.04511
538 0.00675 0.0450425
539 0.03925 0.04465
540 0.05675 0.0440825
541 0.02675 0.043815
542 0.01675 0.0436475
543 0.03675 0.04328
544 0.02425 0.0430375
545 0.02175 0.04282
546 0.00325 0.0428525
547 0.01425 0.04271
548 0.03175 0.0423925
549 0.02175 0.042175
550 0.02675 0.0419075
551 0.01675 0.04174
552 0.05175 0.0412225
553 0.01925 0.04103
554 0.03675 0.0406625
555 0.03425 0.04032
556 0.05675 0.0397525
557 0.00825 0.039835
558 0.02175 0.0396175
559 0.02925 0.039325
560 0.04425 0.0388825
561 0.01675 0.038715
562 0.01925 0.0385225
563 0.00425 0.03848
564 0.03925 0.0380875
565 0.00175 0.03807
566 0.03425 0.0377275
567 0.00925 0.037635
568 0.04175 0.0372175
569 0.01675 0.03705
570 0.01175 0.0369325
571 0.02925 0.03664
572 0.04175 0.0362225
573 0.03175 0.035905
574 0.04425 0.0354625
575 0.02675 0.035195
576 0.01175 0.0350775
577 0.02925 0.034785
578 0.01425 0.0346425
579 0.01925 0.03445
580 0.02675 0.0341825
581 0.02675 0.033915
582 0.03675 0.0335475
583 0.02925 0.033255
584 0.05175 0.0327375
585 0.01175 0.03262
586 0.04175 0.0322025
587 0.02175 0.031985
588 0.03425 0.0316425
589 0.00075 0.03165
590 0.00925 0.0315575
591 0.01675 0.03139
592 0.00575 0.0314475
593 0.02175 0.03123
594 0.01425 0.0310875
595 0.01425 0.030945
596 0.01425 0.0308025
597 0.05425 0.03026
598 0.00925 0.0301675
599 0.02075 0.030375
600 0.03175 0.0300575
601 0.02675 0.02979
602 0.00075 0.0297975
603 0.02175 0.02958
604 0.00175 0.0295625
605 0.00575 0.02962
606 0.02675 0.0293525
607 0.03175 0.029035
608 0.00925 0.0289425
609 0.00175 0.028925
610 0.00925 0.0288325
611 0.00925 0.02874
612 0.01175 0.0286225
613 0.01675 0.028455
614 0.01325 0.0285875
615 0.03175 0.02827
616 0.02175 0.0280525
617 0.02075 0.02826
618 0.03175 0.0279425
619 0.00675 0.027875
620 0.01425 0.0277325
621 0.00925 0.02764
622 0.01675 0.0274725
623 0.04675 0.027005
624 0.00425 0.0269625
625 0.06175 0.026345
626 0.00425 0.0263025
627 0.02925 0.02601
628 0.00575 0.0260675
629 0.01175 0.02595
630 0.00425 0.0259075
631 0.01425 0.025765
632 0.01675 0.0255975
633 0.00425 0.025555
634 0.03675 0.0251875
635 0.00425 0.025145
636 0.02175 0.0249275
637 0.02325 0.02516
638 0.03425 0.0248175
639 0.03675 0.02445
640 0.00325 0.0244825
641 0.03675 0.024115
642 0.03175 0.0237975
643 0.03925 0.023405
644 0.01425 0.0232625
645 0.04425 0.02282
646 0.00425 0.0227775
647 0.03925 0.022385
648 0.00675 0.0223175
649 0.00075 0.022325
650 0.02925 0.0220325
651 0.01325 0.022165
652 0.02175 0.0219475
653 0.00425 0.021905
654 0.02175 0.0216875
655 0.01675 0.02152
656 0.00175 0.0215025
657 0.02425 0.02126
658 0.02425 0.0210175
659 0.00425 0.020975
660 0.00325 0.0210075
661 0.01925 0.020815
662 0.00675 0.0207475
663 0.03175 0.02043
664 0.03425 0.0200875
665 0.00925 0.019995
666 0.02925 0.0197025
667 0.04675 0.019235
668 0.00675 0.0191675
669 0.00675 0.0191
670 0.01175 0.0189825
671 0.02175 0.018765
672 0.03425 0.0184225
673 0.00925 0.01833
674 0.00075 0.0183375
675 0.02825 0.01862
676 0.02925 0.0183275
677 0.01675 0.01816
678 0.02425 0.0179175
679 0.00175 0.0179
680 0.01325 0.0180325
681 0.01425 0.01789
682 0.01925 0.0176975
683 0.01425 0.017555
684 0.00675 0.0174875
685 0.01675 0.01732
686 0.03425 0.0169775
687 0.01075 0.017085
688 0.00425 0.0170425
689 0.01075 0.01715
690 0.00825 0.0172325
691 0.01425 0.01709
692 0.00425 0.0170475
693 0.02175 0.01683
694 0.03925 0.0164375
695 0.04925 0.015945
696 0.01925 0.0157525
697 0.02425 0.01551
698 0.00425 0.0154675
699 0.00075 0.015475
700 0.03425 0.0151325
701 0.00825 0.015215
702 0.02675 0.0149475
703 0.01425 0.014805
704 0.01325 0.0149375
705 0.03175 0.01462
706 0.00675 0.0145525
707 0.01075 0.01466
708 0.00825 0.0147425
709 0.00825 0.014825
710 0.03925 0.0144325
711 0.01925 0.01424
712 0.02425 0.0139975
713 0.00675 0.01393
714 0.02175 0.0137125
715 0.01175 0.013595
716 0.00325 0.0136275
717 0.01425 0.013485
718 0.00075 0.0134925
719 0.02425 0.01325
720 0.00675 0.0131825
721 0.00925 0.01309
722 0.02175 0.0128725
723 0.01925 0.01268
724 0.02675 0.0124125
725 0.00325 0.012445
726 0.00925 0.0123525
727 0.01175 0.012235
728 0.08425 0.0113925
729 0.00175 0.011375
730 0.00575 0.0114325
731 0.00825 0.011515
732 0.01675 0.0113475
733 0.00175 0.01133
734 0.01675 0.0111625
735 0.00575 0.01122
736 0.01675 0.0110525
737 0.00325 0.011085
738 0.00075 0.0110925
739 0.01925 0.0109
740 0.05675 0.0103325
741 0.02175 0.010115
742 0.02925 0.0098225
743 0.01925 0.00963
744 0.01175 0.0095125
745 0.02075 0.00972
746 0.00575 0.0097775
747 0.02175 0.00956
748 0.01175 0.0094425
749 0.03425 0.0091
750 0.00325 0.0091325
751 0.04175 0.008715
752 0.00325 0.0087475
753 0.00925 0.008655
754 0.01925 0.0084625
755 0.00675 0.008395
756 0.00175 0.0083775
757 0.04425 0.007935
758 0.01175 0.0078175
759 0.01575 0.007975
760 0.01925 0.0077825
761 0.01675 0.007615
762 0.01575 0.0077725
763 0.02325 0.008005
764 0.00825 0.0080875
765 0.03175 0.00777
766 0.01675 0.0076025
767 0.00325 0.007635
768 0.01925 0.0074425
769 0.00175 0.007425
770 0.00325 0.0074575
771 0.04175 0.00704
772 0.01075 0.0071475
773 0.00825 0.00723
774 0.02425 0.0069875
775 0.01675 0.00682
776 0.00925 0.0067275
777 0.03425 0.006385
778 0.00425 0.0063425
779 0.00425 0.0063
780 0.00675 0.0062325
781 0.00925 0.00614
782 0.01575 0.0062975
783 0.01675 0.00613
784 0.00825 0.0062125
785 0.01825 0.006395
786 0.00075 0.0064025
787 0.02425 0.00616
788 0.00675 0.0060925
789 0.00325 0.006125
790 0.02925 0.0058325
791 0.00825 0.005915
792 0.02925 0.0056225
793 0.01425 0.00548
794 0.02175 0.0052625
795 0.00675 0.005195
796 0.02825 0.0054775
797 0.02425 0.005235
798 0.01825 0.0054175
799 0.01075 0.005525
800 0.00575 0.0055825
801 0.02175 0.005365
802 0.00925 0.0052725
803 0.02575 0.00553
804 0.01675 0.0053625
805 0.00075 0.00537
806 0.00425 0.0053275
807 0.00575 0.005385
808 0.02675 0.0051175
809 0.00825 0.0052
810 0.03175 0.0048825
811 0.00575 0.00494
812 0.00175 0.0049225
813 0.01325 0.005055
814 0.00425 0.0050125
815 0.01175 0.004895
816 0.00425 0.0048525
817 0.03425 0.00451
818 0.02425 0.0042675
819 0.00175 0.00425
820 0.00175 0.0042325
821 0.03575 0.00459
822 0.01425 0.0044475
823 0.02425 0.004205
824 0.02175 0.0039875
825 0.00175 0.00397
826 0.01925 0.0037775
827 0.01825 0.00396
828 0.03675 0.0035925
829 0.00825 0.003675
830 0.00675 0.0036075
831 0.00175 0.00359
832 0.01325 0.0037225
833 0.02175 0.003505
834 0.01675 0.0033375
835 0.00925 0.003245
836 0.01575 0.0034025
837 0.00925 0.00331
838 0.03675 0.0029425
839 0.02325 0.003175
840 0.05675 0.0026075
841 0.04825 0.00309
842 0.01325 0.0032225
843 0.02425 0.00298
844 0.01325 0.0031125
845 0.02325 0.003345
846 0.00425 0.0033025
847 0.01675 0.003135
848 0.01175 0.0030175
849 0.03425 0.002675
850 0.00175 0.0026575
851 0.01575 0.002815
852 0.01325 0.0029475
853 0.01425 0.002805
854 0.02425 0.0025625
855 0.00575 0.00262
856 0.01175 0.0025025
857 0.01825 0.002685
858 0.00325 0.0027175
859 0.01825 0.0029
860 0.00925 0.0028075
861 0.00925 0.002715
862 0.02075 0.0029225
863 0.02425 0.00268
864 0.03425 0.0023375
865 0.00075 0.002345
866 0.00825 0.0024275
867 0.03175 0.00211
868 0.00675 0.0020425
869 0.00325 0.002075
870 0.00175 0.0020575
871 0.01325 0.00219
872 0.01925 0.0019975
873 0.03675 0.00163
874 0.01075 0.0017375
875 0.02425 0.001495
876 0.02675 0.0012275
877 0.01075 0.001335
878 0.01825 0.0015175
879 0.00325 0.00155
880 0.00075 0.0015575
881 0.00425 0.001515
882 0.03675 0.0011475
883 0.03425 0.000805
884 0.00675 0.0007375
885 0.01075 0.000845
886 0.01175 0.0007275
887 0.01675 0.00056
888 0.00175 0.0005425
889 0.00675 0.000475
890 0.02175 0.0002575
891 0.00675 0.00019
892 0.02075 0.0003975
893 0.00075 0.000405
894 0.00175 0.0003875
895 0.00325 0.00042
896 0.03925 2.74999999998e-05
897 0.02925 0.000265
898 0.01325 0.0001325
899 0.00175 0.00015
900 0.02675 0.0004175
901 0.02175 0.000635
902 0.00175 0.0006525
903 0.00175 0.00067
904 0.00175 0.0006875
905 0.04175 0.001105
906 0.00075 0.0010975
907 0.00925 0.00119
908 0.01175 0.0013075
909 0.01575 0.00115
910 0.00175 0.0011675
911 0.01425 0.00131
912 0.03575 0.0009525
913 0.00925 0.001045
914 0.00675 0.0011125
915 0.00825 0.00103
916 0.00175 0.0010475
917 0.02425 0.00129
918 0.00825 0.0012075
919 0.01175 0.001325
920 0.01675 0.0014925
921 0.01825 0.00131
922 0.02575 0.0010525
923 0.01175 0.00117
924 0.00675 0.0012375
925 0.01175 0.001355
926 0.00075 0.0013475
927 0.01925 0.00154
928 0.01175 0.0016575
929 0.00175 0.001675
930 0.03675 0.0020425
931 0.00675 0.00211
932 0.03325 0.0017775
933 0.01825 0.001595
934 0.00425 0.0016375
935 0.03575 0.00128
936 0.00575 0.0012225
937 0.01325 0.00109
938 0.00175 0.0011075
939 0.00675 0.001175
940 0.03425 0.0015175
941 0.00425 0.00156
942 0.00325 0.0015275
943 0.02175 0.001745
944 0.05175 0.0022625
945 0.01575 0.002105
946 0.00575 0.0020475
947 0.01175 0.002165
948 0.00925 0.0022575
949 0.01575 0.0021
950 0.02425 0.0023425
951 0.03175 0.00266
952 0.01825 0.0024775
953 0.02325 0.002245
954 0.00925 0.0023375
955 0.01425 0.00248
956 0.00675 0.0025475
957 0.02675 0.002815
958 0.02075 0.0026075
959 0.01575 0.00245
960 0.01175 0.0025675
961 0.00175 0.002585
962 0.01925 0.0027775
963 0.01925 0.00297
964 0.01675 0.0031375
965 0.01575 0.00298
966 0.00075 0.0029725
967 0.01175 0.00309
968 0.00075 0.0030825
969 0.01075 0.002975
970 0.01575 0.0028175
971 0.03175 0.003135
972 0.00425 0.0031775
973 0.02175 0.003395
974 0.00425 0.0034375
975 0.02425 0.00368
976 0.01425 0.0038225
977 0.00425 0.003865
978 0.02675 0.0041325
979 0.02075 0.003925
980 0.01675 0.0040925
981 0.00425 0.004135
982 0.03325 0.0038025
983 0.03425 0.004145
984 0.00075 0.0041375
985 0.01825 0.003955
986 0.00175 0.0039725
987 0.01425 0.004115
988 0.00575 0.0040575
989 0.03425 0.0044
990 0.04575 0.0039425
991 0.01175 0.00406
992 0.03175 0.0043775
993 0.01925 0.00457
994 0.04675 0.0050375
995 0.01325 0.004905
996 0.03425 0.0052475
997 0.00825 0.005165
998 0.00425 0.0052075
999 0.00675 0.005275
1000 0.00825 0.0051925
1001 0.00925 0.005285
1002 0.01175 0.0054025
1003 0.00575 0.005345
1004 0.00075 0.0053375
1005 0.01075 0.00523
1006 0.00075 0.0052225
1007 0.02325 0.00499
1008 0.00075 0.0049825
1009 0.02175 0.0052
1010 0.00425 0.0052425
1011 0.00175 0.00526
1012 0.00325 0.0052275
1013 0.00425 0.00527
1014 0.00425 0.0053125
1015 0.00675 0.00538
1016 0.00325 0.0053475
1017 0.00575 0.00529
1018 0.01075 0.0051825
1019 0.01825 0.005
1020 0.02925 0.0052925
1021 0.02575 0.005035
1022 0.03075 0.0047275
1023 0.02825 0.004445
1024 0.01175 0.0045625
1025 0.01075 0.004455
1026 0.02175 0.0046725
1027 0.00925 0.004765
1028 0.02075 0.0045575
1029 0.00575 0.0045
1030 0.00925 0.0045925
1031 0.02075 0.004385
1032 0.01575 0.0042275
1033 0.02075 0.00402
1034 0.01425 0.0041625
1035 0.02675 0.00443
1036 0.02425 0.0046725
1037 0.04175 0.00509
1038 0.01175 0.0052075
1039 0.00075 0.0052
1040 0.00075 0.0051925
1041 0.01675 0.00536
1042 0.00675 0.0054275
1043 0.00075 0.00542
1044 0.02425 0.0056625
1045 0.01675 0.00583
1046 0.01675 0.0059975
1047 0.02175 0.006215
1048 0.02925 0.0065075
1049 0.00825 0.006425
1050 0.00425 0.0064675
1051 0.01175 0.006585
1052 0.01075 0.0064775
1053 0.00825 0.006395
1054 0.00075 0.0063875
1055 0.01925 0.00658
1056 0.00075 0.0065725
1057 0.03175 0.00689
1058 0.00825 0.0068075
1059 0.02575 0.00655
1060 0.00675 0.0066175
1061 0.00925 0.00671
1062 0.00575 0.0066525
1063 0.01575 0.006495
1064 0.00425 0.0065375
1065 0.01175 0.006655
1066 0.04075 0.0062475
1067 0.00175 0.006265
1068 0.01925 0.0064575
1069 0.01575 0.0063
1070 0.00325 0.0062675
1071 0.01075 0.00616
1072 0.01425 0.0063025
1073 0.00675 0.00637
1074 0.02075 0.0061625
1075 0.00675 0.00623
1076 0.02075 0.0060225
1077 0.00575 0.005965
1078 0.02825 0.0056825
1079 0.02925 0.005975
1080 0.01325 0.0058425
1081 0.03425 0.006185
1082 0.00075 0.0061775
1083 0.00675 0.006245
1084 0.01425 0.0063875
1085 0.02075 0.00618
1086 0.00175 0.0061975
1087 0.04425 0.00664
1088 0.03325 0.0063075
1089 0.02925 0.0066
1090 0.01175 0.0067175
1091 0.01925 0.00691
1092 0.01175 0.0070275
1093 0.00925 0.00712
1094 0.02675 0.0073875
1095 0.00425 0.00743
1096 0.01825 0.0072475
1097 0.00675 0.007315
1098 0.02575 0.0070575
1099 0.01175 0.007175
1100 0.00825 0.0070925
1101 0.01425 0.007235
1102 0.04825 0.0067525
1103 0.04175 0.00717
1104 0.00175 0.0071875
1105 0.00325 0.007155
1106 0.06425 0.0077975
1107 0.02675 0.008065
1108 0.00425 0.0081075
1109 0.00425 0.00815
1110 0.00325 0.0081175
1111 0.00175 0.008135
1112 0.00075 0.0081275
1113 0.01575 0.00797
1114 0.02575 0.0077125
1115 0.01825 0.00753
1116 0.00075 0.0075225
1117 0.02825 0.00724
1118 0.00425 0.0072825
1119 0.00825 0.0072
1120 0.01425 0.0073425
1121 0.01425 0.007485
1122 0.01325 0.0073525
1123 0.01075 0.007245
1124 0.02075 0.0070375
1125 0.00325 0.007005
1126 0.03575 0.0066475
1127 0.00075 0.00664
1128 0.00425 0.0066825
1129 0.00825 0.0066
1130 0.02075 0.0063925
1131 0.01325 0.00626
1132 0.01075 0.0061525
1133 0.00175 0.00617
1134 0.01925 0.0063625
1135 0.03425 0.006705
1136 0.00825 0.0066225
1137 0.00175 0.00664
1138 0.02325 0.0064075
1139 0.01325 0.006275
1140 0.00675 0.0063425
1141 0.02675 0.00661
1142 0.01575 0.0064525
1143 0.02925 0.006745
1144 0.01325 0.0066125
1145 0.01925 0.006805
1146 0.00075 0.0067975
1147 0.02675 0.007065
1148 0.02675 0.0073325
1149 0.01825 0.00715
1150 0.01575 0.0069925
1151 0.03425 0.007335
1152 0.03075 0.0070275
1153 0.02175 0.007245
1154 0.01075 0.0071375
1155 0.01175 0.007255
1156 0.02075 0.0070475
1157 0.01675 0.007215
1158 0.01075 0.0071075
1159 0.01075 0.007
1160 0.04675 0.0074675
1161 0.00675 0.007535
1162 0.03325 0.0072025
1163 0.01425 0.007345
1164 0.01075 0.0072375
1165 0.01675 0.007405
1166 0.02425 0.0076475
1167 0.00325 0.007615
1168 0.01825 0.0074325
1169 0.00325 0.0074
1170 0.03325 0.0070675
1171 0.00575 0.00701
1172 0.02075 0.0068025
1173 0.00175 0.00682
1174 0.02175 0.0070375
1175 0.03075 0.00673
1176 0.00575 0.0066725
1177 0.05075 0.006165
1178 0.01575 0.0060075
1179 0.00075 0.006
1180 0.01325 0.0058675
1181 0.00825 0.005785
1182 0.01325 0.0056525
1183 0.00325 0.00562
1184 0.01325 0.0054875
1185 0.01425 0.00563
1186 0.00575 0.0055725
1187 0.00075 0.005565
1188 0.00075 0.0055575
1189 0.02325 0.005325
1190 0.01175 0.0054425
1191 0.00175 0.00546
1192 0.02575 0.0052025
1193 0.00075 0.005195
1194 0.00675 0.0052625
1195 0.04675 0.00573
1196 0.00325 0.0056975
1197 0.00175 0.005715
1198 0.01575 0.0055575
1199 0.03075 0.00525
1200 0.03325 0.0049175
1201 0.01925 0.00511
1202 0.00925 0.0052025
1203 0.01075 0.005095
1204 0.02675 0.0053625
1205 0.00675 0.00543
1206 0.02175 0.0056475
1207 0.00825 0.005565
1208 0.01675 0.0057325
1209 0.01175 0.00585
1210 0.00425 0.0058925
1211 0.00825 0.00581
1212 0.00575 0.0057525
1213 0.01075 0.005645
1214 0.01575 0.0054875
1215 0.01675 0.005655
1216 0.00925 0.0057475
1217 0.00925 0.00584
1218 0.03925 0.0062325
1219 0.03425 0.006575
1220 0.01075 0.0064675
1221 0.01075 0.00636
1222 0.01925 0.0065525
1223 0.02075 0.006345
1224 0.00425 0.0063875
1225 0.01425 0.00653
1226 0.01425 0.0066725
1227 0.00175 0.00669
1228 0.00925 0.0067825
1229 0.02325 0.00655
1230 0.01325 0.0064175
1231 0.00175 0.006435
1232 0.03325 0.0061025
1233 0.03675 0.00647
1234 0.00675 0.0065375
1235 0.00075 0.00653
1236 0.04175 0.0069475
1237 0.01825 0.006765
1238 0.00075 0.0067575
1239 0.01425 0.0069
1240 0.04175 0.0073175
1241 0.00925 0.00741
1242 0.02425 0.0076525
1243 0.00425 0.007695
1244 0.01825 0.0075125
1245 0.03925 0.007905
1246 0.01425 0.0080475
1247 0.00575 0.00799
1248 0.00575 0.0079325
1249 0.03075 0.007625
1250 0.00675 0.0076925
1251 0.02075 0.007485
1252 0.01075 0.0073775
1253 0.01425 0.00752
1254 0.00075 0.0075125
1255 0.00425 0.007555
1256 0.01325 0.0074225
1257 0.01425 0.007565
1258 0.04675 0.0080325
1259 0.02675 0.0083
1260 0.02325 0.0080675
1261 0.01675 0.008235
1262 0.02325 0.0080025
1263 0.02325 0.00777
1264 0.03575 0.0074125
1265 0.00325 0.00738
1266 0.02925 0.0076725
1267 0.03175 0.00799
1268 0.01675 0.0081575
1269 0.03425 0.0085
1270 0.00675 0.0085675
1271 0.01175 0.008685
1272 0.02075 0.0084775
1273 0.01325 0.008345
1274 0.01425 0.0084875
1275 0.01825 0.008305
1276 0.02075 0.0080975
1277 0.00425 0.00814
1278 0.04175 0.0085575
1279 0.02925 0.00885
1280 0.03425 0.0091925
1281 0.00325 0.00916
1282 0.01325 0.0090275
1283 0.00925 0.00912
1284 0.00925 0.0092125
1285 0.02675 0.00948
1286 0.01075 0.0093725
1287 0.01325 0.00924
1288 0.00425 0.0092825
1289 0.00425 0.009325
1290 0.01075 0.0092175
1291 0.01575 0.00906
1292 0.02175 0.0092775
1293 0.01175 0.009395
1294 0.00825 0.0093125
1295 0.01325 0.00918
1296 0.01675 0.0093475
1297 0.01675 0.009515
1298 0.00575 0.0094575
1299 0.00925 0.00955
1300 0.00075 0.0095425
1301 0.03075 0.009235
1302 0.02075 0.0090275
1303 0.00825 0.008945
1304 0.01675 0.0091125
1305 0.02325 0.00888
1306 0.02675 0.0091475
1307 0.02425 0.00939
1308 0.03925 0.0097825
1309 0.02825 0.0095
1310 0.00575 0.0094425
1311 0.01575 0.009285
1312 0.01075 0.0091775
1313 0.01925 0.00937
1314 0.01325 0.0092375
1315 0.01325 0.009105
1316 0.01175 0.0092225
1317 0.00825 0.00914
1318 0.02325 0.0089075
1319 0.00825 0.008825
1320 0.01675 0.0089925
1321 0.00075 0.008985
1322 0.01425 0.0091275
1323 0.01075 0.00902
1324 0.00825 0.0089375
1325 0.02925 0.00923
1326 0.00425 0.0092725
1327 0.01925 0.009465
1328 0.02075 0.0092575
1329 0.01825 0.009075
1330 0.00075 0.0090675
1331 0.00825 0.008985
1332 0.00925 0.0090775
1333 0.01325 0.008945
1334 0.01325 0.0088125
1335 0.03675 0.00918
1336 0.00825 0.0090975
1337 0.01825 0.008915
1338 0.00825 0.0088325
1339 0.02925 0.009125
1340 0.00175 0.0091425
1341 0.00575 0.009085
1342 0.01325 0.0089525
1343 0.01825 0.00877
1344 0.03075 0.0084625
1345 0.00825 0.00838
1346 0.00675 0.0084475
1347 0.01925 0.00864
1348 0.01925 0.0088325
1349 0.02425 0.009075
1350 0.01925 0.0092675
1351 0.01675 0.009435
1352 0.02825 0.0091525
1353 0.00175 0.00917
1354 0.00575 0.0091125
1355 0.00575 0.009055
1356 0.00425 0.0090975
1357 0.02825 0.008815
1358 0.00075 0.0088075
1359 0.02925 0.0091
1360 0.00825 0.0090175
1361 0.01825 0.008835
1362 0.02175 0.0090525
1363 0.02325 0.00882
1364 0.03175 0.0091375
1365 0.02575 0.00888
1366 0.02175 0.0090975
1367 0.00675 0.009165
1368 0.04175 0.0095825
1369 0.02575 0.009325
1370 0.00825 0.0092425
1371 0.00425 0.009285
1372 0.00575 0.0092275
1373 0.01075 0.00912
1374 0.00425 0.0091625
1375 0.00575 0.009105
1376 0.01325 0.0089725
1377 0.01075 0.008865
1378 0.00675 0.0089325
1379 0.00075 0.008925
1380 0.00075 0.0089175
1381 0.00575 0.00886
1382 0.00075 0.0088525
1383 0.01575 0.008695
1384 0.04075 0.0082875
1385 0.01075 0.00818
1386 0.01175 0.0082975
1387 0.00425 0.00834
1388 0.03075 0.0080325
1389 0.00075 0.008025
1390 0.00425 0.0080675
1391 0.00425 0.00811
1392 0.03825 0.0077275
1393 0.01325 0.007595
1394 0.01175 0.0077125
1395 0.01675 0.00788
1396 0.00325 0.0078475
1397 0.00425 0.00789
1398 0.00425 0.0079325
1399 0.03325 0.0076
1400 0.02425 0.0078425
1401 0.00925 0.007935
1402 0.00425 0.0079775
1403 0.00825 0.007895
1404 0.00675 0.0079625
1405 0.00325 0.00793
1406 0.04675 0.0083975
1407 0.01175 0.008515
1408 0.00575 0.0084575
1409 0.02925 0.00875
1410 0.00575 0.0086925
1411 0.00075 0.008685
1412 0.00925 0.0087775
1413 0.03425 0.00912
1414 0.00575 0.0090625
1415 0.00075 0.009055
1416 0.01325 0.0089225
1417 0.00075 0.008915
1418 0.02925 0.0092075
1419 0.00075 0.0092
1420 0.01675 0.0093675
1421 0.01175 0.009485
1422 0.01175 0.0096025
1423 0.01175 0.00972
1424 0.01575 0.0095625
1425 0.01425 0.009705
1426 0.01825 0.0095225
1427 0.00925 0.009615
1428 0.00825 0.0095325
1429 0.01425 0.009675
1430 0.01325 0.0095425
1431 0.01675 0.00971
1432 0.02075 0.0095025
1433 0.00075 0.009495
1434 0.02075 0.0092875
1435 0.00675 0.009355
1436 0.00325 0.0093225
1437 0.00325 0.00929
1438 0.01925 0.0094825
1439 0.01575 0.009325
1440 0.02925 0.0096175
1441 0.00925 0.00971
1442 0.01825 0.0095275
1443 0.02825 0.009245
1444 0.04825 0.0087625
1445 0.00175 0.00878
1446 0.00925 0.0088725
1447 0.02075 0.008665
1448 0.00075 0.0086575
1449 0.00425 0.0087
1450 0.00575 0.0086425
1451 0.00925 0.008735
1452 0.01075 0.0086275
1453 0.01825 0.008445
1454 0.00075 0.0084375
1455 0.02175 0.008655
1456 0.00075 0.0086475
1457 0.00825 0.008565
1458 0.01825 0.0083825
1459 0.00825 0.0083
1460 0.02925 0.0085925
1461 0.00825 0.00851
1462 0.02575 0.0082525
1463 0.00075 0.008245
1464 0.05825 0.0076625
1465 0.02325 0.00743
1466 0.02175 0.0076475
1467 0.03675 0.008015
1468 0.02425 0.0082575
1469 0.03325 0.007925
1470 0.00925 0.0080175
1471 0.03075 0.00771
1472 0.02175 0.0079275
1473 0.00825 0.007845
1474 0.01425 0.0079875
1475 0.00425 0.00803
1476 0.01075 0.0079225
1477 0.01675 0.00809
1478 0.00925 0.0081825
1479 0.00175 0.0082
1480 0.03325 0.0078675
1481 0.01825 0.007685
1482 0.02575 0.0074275
1483 0.01175 0.007545
1484 0.00075 0.0075375
1485 0.00075 0.00753
1486 0.02325 0.0072975
1487 0.01575 0.00714
1488 0.00325 0.0071075
1489 0.01075 0.007
1490 0.02325 0.0067675
1491 0.00175 0.006785
1492 0.00675 0.0068525
1493 0.02075 0.006645
1494 0.03575 0.0062875
1495 0.00325 0.006255
1496 0.00175 0.0062725
1497 0.00825 0.00619
1498 0.00425 0.0062325
1499 0.01175 0.00635
1500 0.00925 0.0064425
1501 0.00925 0.006535
1502 0.02075 0.0063275
1503 0.03325 0.005995
1504 0.00825 0.0059125
1505 0.04075 0.005505
1506 0.01675 0.0056725
1507 0.01575 0.005515
1508 0.01175 0.0056325
1509 0.00325 0.0056
1510 0.03675 0.0059675
1511 0.01825 0.005785
1512 0.00325 0.0057525
1513 0.00425 0.005795
1514 0.03325 0.0054625
1515 0.02425 0.005705
1516 0.03325 0.0053725
1517 0.00075 0.005365
1518 0.00925 0.0054575
1519 0.00425 0.0055
1520 0.00825 0.0054175
1521 0.00675 0.005485
1522 0.01075 0.0053775
1523 0.01175 0.005495
1524 0.01075 0.0053875
1525 0.00925 0.00548
1526 0.00575 0.0054225
1527 0.00425 0.005465
1528 0.00825 0.0053825
1529 0.02175 0.0056
1530 0.00325 0.0055675
1531 0.00175 0.005585
1532 0.04075 0.0051775
1533 0.02325 0.004945
1534 0.01825 0.0047625
1535 0.00425 0.004805
1536 0.01175 0.0049225
1537 0.02425 0.005165
1538 0.03075 0.0048575
1539 0.01425 0.005
1540 0.00325 0.0049675
1541 0.00425 0.00501
1542 0.01575 0.0048525
1543 0.01075 0.004745
1544 0.02075 0.0045375
1545 0.00675 0.004605
1546 0.00175 0.0046225
1547 0.02075 0.004415
1548 0.00175 0.0044325
1549 0.01575 0.004275
1550 0.01425 0.0044175
1551 0.00925 0.00451
1552 0.01925 0.0047025
1553 0.01425 0.004845
1554 0.03425 0.0051875
1555 0.02175 0.005405
1556 0.00675 0.0054725
1557 0.01575 0.005315
1558 0.02325 0.0050825
1559 0.02925 0.005375
1560 0.03175 0.0056925
1561 0.03575 0.005335
1562 0.03425 0.0056775
1563 0.00325 0.005645
1564 0.00925 0.0057375
1565 0.00075 0.00573
1566 0.00325 0.0056975
1567 0.02575 0.00544
1568 0.01075 0.0053325
1569 0.00575 0.005275
1570 0.00925 0.0053675
1571 0.03675 0.005735
1572 0.01175 0.0058525
1573 0.00925 0.005945
1574 0.04075 0.0055375
1575 0.00575 0.00548
1576 0.00075 0.0054725
1577 0.01675 0.00564
1578 0.01075 0.0055325
1579 0.02175 0.00575
1580 0.01925 0.0059425
1581 0.00925 0.006035
1582 0.04425 0.0064775
1583 0.01675 0.006645
1584 0.01575 0.0064875
1585 0.02675 0.006755
1586 0.01325 0.0066225
1587 0.00575 0.006565
1588 0.00425 0.0066075
1589 0.02175 0.006825
1590 0.00675 0.0068925
1591 0.00825 0.00681
1592 0.00325 0.0067775
1593 0.00425 0.00682
1594 0.02425 0.0070625
1595 0.00575 0.007005
1596 0.00575 0.0069475
1597 0.00575 0.00689
1598 0.00325 0.0068575
1599 0.00425 0.0069
1600 0.01675 0.0070675
1601 0.01825 0.006885
1602 0.01925 0.0070775
1603 0.00425 0.00712
1604 0.03825 0.0067375
1605 0.00925 0.00683
1606 0.02925 0.0071225
1607 0.02175 0.00734
1608 0.00575 0.0072825
1609 0.02325 0.00705
1610 0.02075 0.0068425
1611 0.01175 0.00696
1612 0.00925 0.0070525
1613 0.04075 0.006645
1614 0.00075 0.0066375
1615 0.01325 0.006505
1616 0.00575 0.0064475
1617 0.00425 0.00649
1618 0.01675 0.0066575
1619 0.00175 0.006675
1620 0.01675 0.0068425
1621 0.02175 0.00706
1622 0.00925 0.0071525
1623 0.00575 0.007095
1624 0.00075 0.0070875
1625 0.00575 0.00703
1626 0.01175 0.0071475
1627 0.00325 0.007115
1628 0.03075 0.0068075
1629 0.01325 0.006675
1630 0.03325 0.0063425
1631 0.01925 0.006535
1632 0.04925 0.0070275
1633 0.00675 0.007095
1634 0.01425 0.0072375
1635 0.01425 0.00738
1636 0.00175 0.0073975
1637 0.01075 0.00729
1638 0.00175 0.0073075
1639 0.00575 0.00725
1640 0.00825 0.0071675
1641 0.02825 0.006885
1642 0.01425 0.0070275
1643 0.00425 0.00707
1644 0.02925 0.0073625
1645 0.00175 0.00738
1646 0.01925 0.0075725
1647 0.02675 0.00784
1648 0.01175 0.0079575
1649 0.02925 0.00825
1650 0.01075 0.0081425
1651 0.00075 0.008135
1652 0.01675 0.0083025
1653 0.00925 0.008395
1654 0.03075 0.0080875
1655 0.01175 0.008205
1656 0.02675 0.0084725
1657 0.01075 0.008365
1658 0.01425 0.0085075
1659 0.00075 0.0085
1660 0.00575 0.0084425
1661 0.02675 0.00871
1662 0.03825 0.0083275
1663 0.00925 0.00842
1664 0.01075 0.0083125
1665 0.00075 0.008305
1666 0.02425 0.0085475
1667 0.00325 0.008515
1668 0.02675 0.0087825
1669 0.02675 0.00905
1670 0.01925 0.0092425
1671 0.00575 0.009185
1672 0.00325 0.0091525
1673 0.00575 0.009095
1674 0.01425 0.0092375
1675 0.02675 0.009505
1676 0.01825 0.0093225
1677 0.00925 0.009415
1678 0.02325 0.0091825
1679 0.02675 0.00945
1680 0.00075 0.0094425
1681 0.00075 0.009435
1682 0.01425 0.0095775
1683 0.01075 0.00947
1684 0.01575 0.0093125
1685 0.01575 0.009155
1686 0.01675 0.00932250000001
1687 0.01075 0.00921500000001
1688 0.02575 0.00895750000001
1689 0.00925 0.00905000000001
1690 0.01925 0.00924250000001
1691 0.02325 0.00901000000001
1692 0.02175 0.00922750000001
1693 0.01175 0.00934500000001
1694 0.00325 0.0093125
1695 0.00925 0.009405
1696 0.02325 0.0091725
1697 0.01325 0.00904
1698 0.01075 0.0089325
1699 0.01175 0.00905
1700 0.02075 0.0088425
1701 0.03675 0.00921000000001
1702 0.00925 0.00930250000001
1703 0.00925 0.00939500000001
1704 0.00575 0.00933750000001
1705 0.01175 0.00945500000001
1706 0.01925 0.00964750000001
1707 0.00825 0.00956500000001
1708 0.00175 0.00958250000001
1709 0.01675 0.00975000000001
1710 0.00925 0.00984250000001
1711 0.03425 0.010185
1712 0.01075 0.0100775
1713 0.02575 0.00982000000001
1714 0.00175 0.00983750000001
1715 0.02825 0.00955500000001
1716 0.00675 0.00962250000001
1717 0.01925 0.00981500000001
1718 0.00325 0.00978250000001
1719 0.01325 0.00965000000001
1720 0.00075 0.00964250000001
1721 0.01825 0.00946000000001
1722 0.02075 0.00925250000001
1723 0.02425 0.00949500000001
1724 0.03425 0.00983750000001
1725 0.03925 0.01023
1726 0.00075 0.0102225
1727 0.03675 0.01059
1728 0.02825 0.0103075
1729 0.00075 0.0103
1730 0.00825 0.0102175
1731 0.00075 0.01021
1732 0.00075 0.0102025
1733 0.02425 0.010445
1734 0.01075 0.0103375
1735 0.00675 0.010405
1736 0.00675 0.0104725
1737 0.00675 0.01054
1738 0.01175 0.0106575
1739 0.00325 0.010625
1740 0.01575 0.0104675
1741 0.00325 0.010435
1742 0.00825 0.0103525
1743 0.01425 0.010495
1744 0.01325 0.0103625
1745 0.03175 0.01068
1746 0.00825 0.0105975
1747 0.01175 0.010715
1748 0.02825 0.0104325
1749 0.00325 0.0104
1750 0.00425 0.0104425
1751 0.00675 0.01051
1752 0.00075 0.0105025
1753 0.00575 0.010445
1754 0.02075 0.0102375
1755 0.02325 0.010005
1756 0.02825 0.00972250000001
1757 0.02175 0.00994000000001
1758 0.03175 0.0102575
1759 0.01675 0.010425
1760 0.00825 0.0103425
1761 0.02925 0.010635
1762 0.00925 0.0107275
1763 0.00175 0.010745
1764 0.00825 0.0106625
1765 0.02825 0.01038
1766 0.01175 0.0104975
1767 0.00575 0.01044
1768 0.03425 0.0107825
1769 0.00575 0.010725
1770 0.01075 0.0106175
1771 0.01325 0.010485
1772 0.00675 0.0105525
1773 0.00175 0.01057
1774 0.00825 0.0104875
1775 0.01175 0.010605
1776 0.01575 0.0104475
1777 0.00175 0.010465
1778 0.00925 0.0105575
1779 0.02675 0.010825
1780 0.01425 0.0109675
1781 0.00425 0.01101
1782 0.01075 0.0109025
1783 0.05575 0.010345
1784 0.00075 0.0103375
1785 0.01175 0.010455
1786 0.00925 0.0105475
1787 0.00925 0.01064
1788 0.01075 0.0105325
1789 0.00825 0.01045
1790 0.03575 0.0100925
1791 0.01675 0.01026
1792 0.03175 0.0105775
1793 0.01575 0.01042
1794 0.02425 0.0106625
1795 0.00325 0.01063
1796 0.02925 0.0109225
1797 0.02325 0.01069
1798 0.00425 0.0107325
1799 0.00075 0.010725
1800 0.00575 0.0106675
1801 0.01175 0.010785
1802 0.02575 0.0105275
1803 0.04425 0.01097
1804 0.01675 0.0111375
1805 0.05825 0.010555
1806 0.00825 0.0104725
1807 0.00825 0.01039
1808 0.00425 0.0104325
1809 0.00325 0.0104
1810 0.00175 0.0104175
1811 0.02175 0.010635
1812 0.01675 0.0108025
1813 0.00425 0.010845
1814 0.01425 0.0109875
1815 0.01825 0.010805
1816 0.00425 0.0108475
1817 0.04075 0.01044
1818 0.00675 0.0105075
1819 0.01175 0.010625
1820 0.01075 0.0105175
1821 0.02425 0.01076
1822 0.01825 0.0105775
1823 0.00575 0.01052
1824 0.00175 0.0105375
1825 0.00175 0.010555
1826 0.01425 0.0106975
1827 0.00925 0.01079
1828 0.01325 0.0106575
1829 0.03675 0.011025
1830 0.01325 0.0108925
1831 0.04675 0.01136
1832 0.01925 0.0115525
1833 0.00575 0.011495
1834 0.00925 0.0115875
1835 0.02575 0.01133
1836 0.01425 0.0114725
1837 0.00325 0.01144
1838 0.01825 0.0112575
1839 0.00675 0.011325
1840 0.00325 0.0112925
1841 0.04325 0.01086
1842 0.01325 0.0107275
1843 0.00825 0.010645
1844 0.03075 0.0103375
1845 0.01675 0.010505
1846 0.00925 0.0105975
1847 0.01675 0.010765
1848 0.01425 0.0109075
1849 0.02075 0.0107
1850 0.00575 0.0106425
1851 0.01175 0.01076
1852 0.00325 0.0107275
1853 0.02925 0.01102
1854 0.01825 0.0108375
1855 0.00925 0.01093
1856 0.00425 0.0109725
1857 0.00175 0.01099
1858 0.01575 0.0108325
1859 0.02425 0.011075
1860 0.02675 0.0113425
1861 0.00675 0.01141
1862 0.00175 0.0114275
1863 0.02075 0.01122
1864 0.01075 0.0111125
1865 0.01425 0.011255
1866 0.01425 0.0113975
1867 0.00575 0.01134
1868 0.01575 0.0111825
1869 0.01325 0.01105
1870 0.00075 0.0110425
1871 0.00925 0.011135
1872 0.00825 0.0110525
1873 0.00075 0.011045
1874 0.00575 0.0109875
1875 0.00425 0.01103
1876 0.04325 0.0105975
1877 0.00175 0.010615
1878 0.00825 0.0105325
1879 0.00075 0.010525
1880 0.03325 0.0101925
1881 0.00175 0.01021
1882 0.01425 0.0103525
1883 0.06175 0.01097
1884 0.04575 0.0105125
1885 0.00075 0.010505
1886 0.00175 0.0105225
1887 0.02325 0.01029
1888 0.01425 0.0104325
1889 0.00675 0.0105
1890 0.03075 0.0101925
1891 0.01675 0.01036
1892 0.01825 0.0101775
1893 0.00425 0.01022
1894 0.00575 0.0101625
1895 0.01925 0.010355
1896 0.00575 0.0102975
1897 0.01925 0.01049
1898 0.01325 0.0103575
1899 0.00575 0.0103
1900 0.00575 0.0102425
1901 0.02425 0.010485
1902 0.00325 0.0104525
1903 0.00175 0.01047
1904 0.00575 0.0104125
1905 0.00925 0.010505
1906 0.00175 0.0105225
1907 0.02425 0.010765
1908 0.00675 0.0108325
1909 0.04675 0.0113
1910 0.00575 0.0112425
1911 0.02575 0.010985
1912 0.02325 0.0107525
1913 0.00825 0.01067
1914 0.02825 0.0103875
1915 0.02925 0.01068
1916 0.00675 0.0107475
1917 0.01075 0.01064
1918 0.00425 0.0106825
1919 0.02575 0.010425
1920 0.02575 0.0101675
1921 0.00425 0.01021
1922 0.02675 0.0104775
1923 0.03825 0.010095
1924 0.01675 0.0102625
1925 0.00825 0.01018
1926 0.03075 0.00987250000001
1927 0.00325 0.00984000000001
1928 0.01925 0.0100325
1929 0.00925 0.010125
1930 0.01575 0.00996750000001
1931 0.00675 0.010035
1932 0.00825 0.00995250000001
1933 0.00325 0.00992000000001
1934 0.01925 0.0101125
1935 0.03325 0.00978000000001
1936 0.00325 0.00974750000001
1937 0.01075 0.00964000000001
1938 0.00325 0.00960750000001
1939 0.00175 0.00962500000001
1940 0.00825 0.00954250000001
1941 0.00075 0.00953500000001
1942 0.00425 0.00957750000001
1943 0.00325 0.00954500000001
1944 0.02075 0.00933750000001
1945 0.01075 0.00923000000001
1946 0.02425 0.00947250000001
1947 0.00325 0.00944000000001
1948 0.00675 0.00950750000001
1949 0.00175 0.00952500000001
1950 0.01075 0.00941750000001
1951 0.00675 0.00948500000001
1952 0.00075 0.00947750000001
1953 0.02925 0.00977000000001
1954 0.00925 0.00986250000001
1955 0.00425 0.00990500000001
1956 0.03325 0.00957250000001
1957 0.00325 0.00954000000001
1958 0.01075 0.00943250000001
1959 0.00425 0.00947500000001
1960 0.00425 0.00951750000001
1961 0.00675 0.00958500000001
1962 0.01425 0.00972750000001
1963 0.00175 0.00974500000001
1964 0.02175 0.00996250000001
1965 0.01075 0.00985500000001
1966 0.00325 0.00982250000001
1967 0.01575 0.00966500000001
1968 0.01325 0.00953250000001
1969 0.02175 0.00975000000001
1970 0.03425 0.0100925
1971 0.00425 0.010135
1972 0.01075 0.0100275
1973 0.00175 0.010045
1974 0.01925 0.0102375
1975 0.03425 0.01058
1976 0.00675 0.0106475
1977 0.03925 0.01104
1978 0.01675 0.0112075
1979 0.00075 0.0112
1980 0.02825 0.0109175
1981 0.02925 0.01121
1982 0.02075 0.0110025
1983 0.00075 0.010995
1984 0.01675 0.0111625
1985 0.00075 0.011155
1986 0.02675 0.0114225
1987 0.00425 0.011465
1988 0.00925 0.0115575
1989 0.01575 0.0114
1990 0.02825 0.0111175
1991 0.02825 0.010835
1992 0.04925 0.0113275
1993 0.00825 0.011245
1994 0.01825 0.0110625
1995 0.00825 0.01098
1996 0.01075 0.0108725
1997 0.00575 0.010815
1998 0.02175 0.0110325
1999 0.02825 0.01075
2000 0.00425 0.0107925
2001 0.00675 0.01086
2002 0.00925 0.0109525
2003 0.00175 0.01097
2004 0.01425 0.0111125
2005 0.02675 0.01138
2006 0.01575 0.0112225
2007 0.00675 0.01129
2008 0.00325 0.0112575
2009 0.00925 0.01135
2010 0.03425 0.0116925
2011 0.02175 0.01191
2012 0.01075 0.0118025
2013 0.01575 0.011645
2014 0.00425 0.0116875
2015 0.00425 0.01173
2016 0.02325 0.0114975
2017 0.02175 0.011715
2018 0.02175 0.0119325
2019 0.01325 0.0118
2020 0.01825 0.0116175
2021 0.02075 0.01141
2022 0.00825 0.0113275
2023 0.00675 0.011395
2024 0.00675 0.0114625
2025 0.00075 0.011455
2026 0.00925 0.0115475
2027 0.01575 0.01139
2028 0.00575 0.0113325
2029 0.01175 0.01145
2030 0.00425 0.0114925
2031 0.00575 0.011435
2032 0.02075 0.0112275
2033 0.01175 0.011345
2034 0.00425 0.0113875
2035 0.01575 0.01123
2036 0.01575 0.0110725
2037 0.02075 0.010865
2038 0.00575 0.0108075
2039 0.01325 0.010675
2040 0.00175 0.0106925
2041 0.00175 0.01071
2042 0.00925 0.0108025
2043 0.01075 0.010695
2044 0.01075 0.0105875
2045 0.02575 0.01033
2046 0.00175 0.0103475
2047 0.01825 0.010165
2048 0.00175 0.0101825
2049 0.02425 0.010425
2050 0.00425 0.0104675
2051 0.00575 0.01041
2052 0.03575 0.0100525
2053 0.00825 0.00997000000001
2054 0.02425 0.0102125
2055 0.02175 0.01043
2056 0.01675 0.0105975
2057 0.01675 0.010765
2058 0.04425 0.0112075
2059 0.02675 0.011475
2060 0.00325 0.0114425
2061 0.00425 0.011485
2062 0.01175 0.0116025
2063 0.00575 0.011545
2064 0.00325 0.0115125
2065 0.01425 0.011655
2066 0.02675 0.0119225
2067 0.00825 0.01184
2068 0.00175 0.0118575
2069 0.00425 0.0119
2070 0.02075 0.0116925
2071 0.01575 0.011535
2072 0.02675 0.0118025
2073 0.03175 0.01212
2074 0.01075 0.0120125
2075 0.04675 0.01248
2076 0.00925 0.0125725
2077 0.00175 0.01259
2078 0.04825 0.0121075
2079 0.00675 0.012175
2080 0.00325 0.0121425
2081 0.00425 0.012185
2082 0.00075 0.0121775
2083 0.01075 0.01207
2084 0.00325 0.0120375
2085 0.00075 0.01203
2086 0.03075 0.0117225
2087 0.00325 0.01169
2088 0.02175 0.0119075
2089 0.00575 0.01185
2090 0.00675 0.0119175
2091 0.00325 0.011885
2092 0.01675 0.0120525
2093 0.00575 0.011995
2094 0.00925 0.0120875
2095 0.04075 0.01168
2096 0.00175 0.0116975
2097 0.01575 0.01154
2098 0.01825 0.0113575
2099 0.00675 0.011425
2100 0.00175 0.0114425
2101 0.01825 0.01126
2102 0.00425 0.0113025
2103 0.04075 0.010895
2104 0.00075 0.0108875
2105 0.01175 0.011005
2106 0.02175 0.0112225
2107 0.00325 0.01119
2108 0.00575 0.0111325
2109 0.00675 0.0112
2110 0.01425 0.0113425
2111 0.01075 0.011235
2112 0.00325 0.0112025
2113 0.03825 0.01082
2114 0.00675 0.0108875
2115 0.00675 0.010955
2116 0.00075 0.0109475
2117 0.02175 0.011165
2118 0.00575 0.0111075
2119 0.02825 0.010825
2120 0.02425 0.0110675
2121 0.01175 0.011185
2122 0.01425 0.0113275
2123 0.01425 0.01147
2124 0.00575 0.0114125
2125 0.02825 0.01113
2126 0.01075 0.0110225
2127 0.01325 0.01089
2128 0.00675 0.0109575
2129 0.00675 0.011025
2130 0.00575 0.0109675
2131 0.03325 0.010635
2132 0.01825 0.0104525
2133 0.01325 0.01032
2134 0.01925 0.0105125
2135 0.00075 0.010505
2136 0.01825 0.0103225
2137 0.00175 0.01034
2138 0.00175 0.0103575
2139 0.03675 0.010725
2140 0.00575 0.0106675
2141 0.03675 0.011035
2142 0.03675 0.0114025
2143 0.01325 0.01127
2144 0.01575 0.0111125
2145 0.02075 0.010905
2146 0.00925 0.0109975
2147 0.02425 0.01124
2148 0.00825 0.0111575
2149 0.01575 0.011
2150 0.00075 0.0109925
2151 0.01425 0.011135
2152 0.02075 0.0109275
2153 0.01575 0.01077
2154 0.02825 0.0104875
2155 0.00075 0.01048
2156 0.01925 0.0106725
2157 0.00575 0.010615
2158 0.01175 0.0107325
2159 0.01925 0.010925
2160 0.00575 0.0108675
2161 0.00325 0.010835
2162 0.00425 0.0108775
2163 0.03325 0.010545
2164 0.00425 0.0105875
2165 0.00075 0.01058
2166 0.00425 0.0106225
2167 0.00075 0.010615
2168 0.00425 0.0106575
2169 0.03075 0.01035
2170 0.00925 0.0104425
2171 0.01325 0.01031
2172 0.01825 0.0101275
2173 0.00675 0.010195
2174 0.02425 0.0104375
2175 0.02075 0.01023
2176 0.02325 0.00999750000001
2177 0.03175 0.010315
2178 0.00175 0.0103325
2179 0.00925 0.010425
2180 0.00575 0.0103675
2181 0.00575 0.01031
2182 0.00425 0.0103525
2183 0.00175 0.01037
2184 0.00175 0.0103875
2185 0.02425 0.01063
2186 0.01175 0.0107475
2187 0.01425 0.01089
2188 0.01075 0.0107825
2189 0.00575 0.010725
2190 0.01675 0.0108925
2191 0.01325 0.01076
2192 0.00825 0.0106775
2193 0.03325 0.010345
2194 0.02925 0.0106375
2195 0.03425 0.01098
2196 0.00075 0.0109725
2197 0.02575 0.010715
2198 0.01325 0.0105825
2199 0.01325 0.01045
2200 0.00075 0.0104425
2201 0.01925 0.010635
2202 0.01075 0.0105275
2203 0.00925 0.01062
2204 0.04675 0.0110875
2205 0.02425 0.01133
2206 0.00825 0.0112475
2207 0.03175 0.011565
2208 0.00575 0.0115075
2209 0.00925 0.0116
2210 0.02575 0.0113425
2211 0.00425 0.011385
2212 0.00325 0.0113525
2213 0.00825 0.01127
2214 0.02175 0.0114875
2215 0.00575 0.01143
2216 0.03675 0.0117975
2217 0.00175 0.011815
2218 0.00425 0.0118575
2219 0.00175 0.011875
2220 0.00575 0.0118175
2221 0.00175 0.011835
2222 0.04325 0.0114025
2223 0.00075 0.011395
2224 0.01825 0.0112125
2225 0.00425 0.011255
2226 0.02075 0.0110475
2227 0.00075 0.01104
2228 0.01575 0.0108825
2229 0.01425 0.011025
2230 0.00925 0.0111175
2231 0.00925 0.01121
2232 0.01425 0.0113525
2233 0.01575 0.011195
2234 0.02425 0.0114375
2235 0.00825 0.011355
2236 0.01325 0.0112225
2237 0.00175 0.01124
2238 0.02075 0.0110325
2239 0.01575 0.010875
2240 0.00075 0.0108675
2241 0.00575 0.01081
2242 0.00925 0.0109025
2243 0.00075 0.010895
2244 0.02175 0.0111125
2245 0.02925 0.011405
2246 0.00675 0.0114725
2247 0.01675 0.01164
2248 0.01925 0.0118325
2249 0.03325 0.0115
2250 0.01175 0.0116175
2251 0.00675 0.011685
2252 0.00325 0.0116525
2253 0.00175 0.01167
2254 0.02425 0.0119125
2255 0.02425 0.012155
2256 0.01575 0.0119975
2257 0.01825 0.011815
2258 0.01425 0.0119575
2259 0.01175 0.012075
2260 0.01925 0.0122675
2261 0.02925 0.01256
2262 0.00075 0.0125525
2263 0.02575 0.012295
2264 0.00575 0.0122375
2265 0.01175 0.012355
2266 0.01325 0.0122225
2267 0.03175 0.01254
2268 0.00825 0.0124575
2269 0.00425 0.0125
2270 0.02925 0.0127925
2271 0.01075 0.012685
2272 0.00675 0.0127525
2273 0.01925 0.012945
2274 0.02425 0.0131875
2275 0.00175 0.013205
2276 0.01925 0.0133975
2277 0.00825 0.013315
2278 0.02925 0.0136075
2279 0.02925 0.0139
2280 0.00325 0.0138675
2281 0.02175 0.014085
2282 0.00175 0.0141025
2283 0.01825 0.01392
2284 0.00075 0.0139125
2285 0.00575 0.013855
2286 0.02575 0.0135975
2287 0.01675 0.013765
2288 0.00675 0.0138325
2289 0.01825 0.01365
2290 0.00675 0.0137175
2291 0.03425 0.01406
2292 0.02325 0.0138275
2293 0.02825 0.013545
2294 0.03325 0.0132125
2295 0.04075 0.012805
2296 0.03425 0.0131475
2297 0.00175 0.013165
2298 0.00425 0.0132075
2299 0.02825 0.012925
2300 0.03675 0.0132925
2301 0.03925 0.013685
2302 0.01675 0.0138525
2303 0.01825 0.01367
2304 0.00675 0.0137375
2305 0.01075 0.01363
2306 0.00675 0.0136975
2307 0.01175 0.013815
2308 0.00175 0.0138325
2309 0.01925 0.014025
2310 0.02825 0.0137425
2311 0.03425 0.014085
2312 0.02675 0.0143525
2313 0.00075 0.014345
2314 0.03575 0.0139875
2315 0.00425 0.01403
2316 0.00675 0.0140975
2317 0.01175 0.014215
2318 0.00325 0.0141825
2319 0.02075 0.013975
2320 0.00175 0.0139925
2321 0.00075 0.013985
2322 0.02075 0.0137775
2323 0.03175 0.014095
2324 0.01675 0.0142625
2325 0.01425 0.014405
2326 0.01675 0.0145725
2327 0.00075 0.014565
2328 0.02325 0.0143325
2329 0.03325 0.014
2330 0.02675 0.0142675
2331 0.01575 0.01411
2332 0.03325 0.0137775
2333 0.01925 0.01397
2334 0.00425 0.0140125
2335 0.00825 0.01393
2336 0.01675 0.0140975
2337 0.00175 0.014115
2338 0.00675 0.0141825
2339 0.00175 0.0142
2340 0.01075 0.0140925
2341 0.02675 0.01436
2342 0.03675 0.0147275
2343 0.02325 0.014495
2344 0.02075 0.0142875
2345 0.01175 0.014405
2346 0.01825 0.0142225
2347 0.01325 0.01409
2348 0.00825 0.0140075
2349 0.00675 0.014075
2350 0.01075 0.0139675
2351 0.01425 0.01411
2352 0.00925 0.0142025
2353 0.01325 0.01407
2354 0.04075 0.0136625
2355 0.01675 0.01383
2356 0.01675 0.0139975
2357 0.00575 0.01394
2358 0.02175 0.0141575
2359 0.01825 0.013975
2360 0.00425 0.0140175
2361 0.01075 0.01391
2362 0.02325 0.0136775
2363 0.00175 0.013695
2364 0.01675 0.0138625
2365 0.06075 0.013255
2366 0.00825 0.0131725
2367 0.00175 0.01319
2368 0.03325 0.0128575
2369 0.00575 0.0128
2370 0.00175 0.0128175
2371 0.01825 0.012635
2372 0.02925 0.0129275
2373 0.00575 0.01287
2374 0.01825 0.0126875
2375 0.06425 0.01333
2376 0.00075 0.0133225
2377 0.00175 0.01334
2378 0.01575 0.0131825
2379 0.00825 0.0131
2380 0.01075 0.0129925
2381 0.02325 0.01276
2382 0.01825 0.0125775
2383 0.02075 0.01237
2384 0.00925 0.0124625
2385 0.02175 0.01268
2386 0.02175 0.0128975
2387 0.01175 0.013015
2388 0.00425 0.0130575
2389 0.01825 0.012875
2390 0.03425 0.0132175
2391 0.02425 0.01346
2392 0.01925 0.0136525
2393 0.01925 0.013845
2394 0.00325 0.0138125
2395 0.01425 0.013955
2396 0.02325 0.0137225
2397 0.02075 0.013515
2398 0.01075 0.0134075
2399 0.00925 0.0135
2400 0.02175 0.0137175
2401 0.01925 0.01391
2402 0.03925 0.0143025
2403 0.01825 0.01412
2404 0.00075 0.0141125
2405 0.02675 0.01438
2406 0.00425 0.0144225
2407 0.02925 0.014715
2408 0.00575 0.0146575
2409 0.02575 0.0144
2410 0.00925 0.0144925
2411 0.00075 0.014485
2412 0.02425 0.0147275
2413 0.01675 0.014895
2414 0.02175 0.0151125
2415 0.00325 0.01508
2416 0.00325 0.0150475
2417 0.03175 0.015365
2418 0.00425 0.0154075
2419 0.00825 0.015325
2420 0.00575 0.0152675
2421 0.01325 0.015135
2422 0.01925 0.0153275
2423 0.01675 0.015495
2424 0.00675 0.0155625
2425 0.01075 0.015455
2426 0.01325 0.0153225
2427 0.01075 0.015215
2428 0.01425 0.0153575
2429 0.04075 0.01495
2430 0.03175 0.0152675
2431 0.01325 0.015135
2432 0.00325 0.0151025
2433 0.00925 0.015195
2434 0.02175 0.0154125
2435 0.01675 0.01558
2436 0.02325 0.0153475
2437 0.01925 0.01554
2438 0.02075 0.0153325
2439 0.00325 0.0153
2440 0.01075 0.0151925
2441 0.01075 0.015085
2442 0.00175 0.0151025
2443 0.02925 0.015395
2444 0.01825 0.0152125
2445 0.00575 0.015155
2446 0.01675 0.0153225
2447 0.02575 0.015065
2448 0.02175 0.0152825
2449 0.00325 0.01525
2450 0.00075 0.0152425
2451 0.00425 0.015285
2452 0.03825 0.0149025
2453 0.01575 0.014745
2454 0.01325 0.0146125
2455 0.01325 0.01448
2456 0.02925 0.0147725
2457 0.00075 0.014765
2458 0.04075 0.0143575
2459 0.04075 0.01395
2460 0.01575 0.0137925
2461 0.00075 0.013785
2462 0.01575 0.0136275
2463 0.01825 0.013445
2464 0.01425 0.0135875
2465 0.02175 0.013805
2466 0.02075 0.0135975
2467 0.04575 0.01314
2468 0.02925 0.0134325
2469 0.01825 0.01325
2470 0.02425 0.0134925
2471 0.00575 0.013435
2472 0.01075 0.0133275
2473 0.03825 0.012945
2474 0.02425 0.0131875
2475 0.00325 0.013155
2476 0.01325 0.0130225
2477 0.00325 0.01299
2478 0.00325 0.0129575
2479 0.00925 0.01305
2480 0.02075 0.0128425
2481 0.01575 0.012685
2482 0.01675 0.0128525
2483 0.00575 0.012795
2484 0.02075 0.0125875
2485 0.00325 0.012555
2486 0.01175 0.0126725
2487 0.02325 0.01244
2488 0.00675 0.0125075
2489 0.03825 0.012125
2490 0.01425 0.0122675
2491 0.00675 0.012335
2492 0.00575 0.0122775
2493 0.00325 0.012245
2494 0.00425 0.0122875
2495 0.03575 0.01193
2496 0.05175 0.0124475
2497 0.01425 0.01259
2498 0.00825 0.0125075
2499 0.02075 0.0123
2500 0.00325 0.0122675
2501 0.02675 0.012535
2502 0.00175 0.0125525
2503 0.01575 0.012395
2504 0.03075 0.0120875
2505 0.02425 0.01233
2506 0.01175 0.0124475
2507 0.00425 0.01249
2508 0.00825 0.0124075
2509 0.02825 0.012125
2510 0.00175 0.0121425
2511 0.02425 0.012385
2512 0.00325 0.0123525
2513 0.00325 0.01232
2514 0.00825 0.0122375
2515 0.00825 0.012155
2516 0.02675 0.0124225
2517 0.01675 0.01259
2518 0.01575 0.0124325
2519 0.01425 0.012575
2520 0.02675 0.0128425
2521 0.02175 0.01306
2522 0.00575 0.0130025
2523 0.00175 0.01302
2524 0.01175 0.0131375
2525 0.01325 0.013005
2526 0.01075 0.0128975
2527 0.01425 0.01304
2528 0.03825 0.0126575
2529 0.00425 0.0127
2530 0.02425 0.0129425
2531 0.03325 0.01261
2532 0.01675 0.0127775
2533 0.01675 0.012945
2534 0.00925 0.0130375
2535 0.00075 0.01303
2536 0.02925 0.0133225
2537 0.01425 0.013465
2538 0.00575 0.0134075
2539 0.02325 0.013175
2540 0.00675 0.0132425
2541 0.02825 0.01296
2542 0.00425 0.0130025
2543 0.01675 0.01317
2544 0.02175 0.0133875
2545 0.01175 0.013505
2546 0.00325 0.0134725
2547 0.00325 0.01344
2548 0.00925 0.0135325
2549 0.00325 0.0135
2550 0.00825 0.0134175
2551 0.03075 0.01311
2552 0.01175 0.0132275
2553 0.04325 0.012795
2554 0.01325 0.0126625
2555 0.02075 0.012455
2556 0.03075 0.0121475
2557 0.00075 0.01214
2558 0.00575 0.0120825
2559 0.02325 0.01185
2560 0.00925 0.0119425
2561 0.00325 0.01191
2562 0.01175 0.0120275
2563 0.00675 0.012095
2564 0.00825 0.0120125
2565 0.00075 0.012005
2566 0.03575 0.0116475
2567 0.00675 0.011715
2568 0.00075 0.0117075
2569 0.00325 0.011675
2570 0.01075 0.0115675
2571 0.01425 0.01171
2572 0.00325 0.0116775
2573 0.01575 0.01152
2574 0.00825 0.0114375
2575 0.00325 0.011405
2576 0.01075 0.0112975
2577 0.00575 0.01124
2578 0.00925 0.0113325
2579 0.02175 0.01155
2580 0.00425 0.0115925
2581 0.00825 0.01151
2582 0.00825 0.0114275
2583 0.00675 0.011495
2584 0.00425 0.0115375
2585 0.01575 0.01138
2586 0.01075 0.0112725
2587 0.02175 0.01149
2588 0.00925 0.0115825
2589 0.01925 0.011775
2590 0.00925 0.0118675
2591 0.00675 0.011935
2592 0.01675 0.0121025
2593 0.00575 0.012045
2594 0.03075 0.0117375
2595 0.02325 0.011505
2596 0.00575 0.0114475
2597 0.03075 0.01114
2598 0.02325 0.0109075
2599 0.01825 0.010725
2600 0.01575 0.0105675
2601 0.00425 0.01061
2602 0.00925 0.0107025
2603 0.02325 0.01047
2604 0.00425 0.0105125
2605 0.01325 0.01038
2606 0.01825 0.0101975
2607 0.01425 0.01034
2608 0.01425 0.0104825
2609 0.03325 0.01015
2610 0.01075 0.0100425
2611 0.03075 0.00973500000001
2612 0.02425 0.00997750000001
2613 0.01425 0.01012
2614 0.00925 0.0102125
2615 0.01925 0.010405
2616 0.00425 0.0104475
2617 0.02425 0.01069
2618 0.00075 0.0106825
2619 0.03925 0.011075
2620 0.01175 0.0111925
2621 0.02825 0.01091
2622 0.01075 0.0108025
2623 0.00425 0.010845
2624 0.01825 0.0106625
2625 0.01075 0.010555
2626 0.00675 0.0106225
2627 0.00175 0.01064
2628 0.00325 0.0106075
2629 0.02575 0.01035
2630 0.02325 0.0101175
2631 0.02325 0.00988500000001
2632 0.00425 0.00992750000001
2633 0.01675 0.010095
2634 0.01425 0.0102375
2635 0.00925 0.01033
2636 0.02575 0.0100725
2637 0.00925 0.010165
2638 0.03175 0.0104825
2639 0.01675 0.01065
2640 0.00075 0.0106425
2641 0.00925 0.010735
2642 0.00175 0.0107525
2643 0.02925 0.011045
2644 0.00425 0.0110875
2645 0.00575 0.01103
2646 0.01575 0.0108725
2647 0.02175 0.01109
2648 0.02675 0.0113575
2649 0.04825 0.010875
2650 0.00175 0.0108925
2651 0.02575 0.010635
2652 0.02675 0.0109025
2653 0.01425 0.011045
2654 0.00175 0.0110625
2655 0.01575 0.010905
2656 0.00075 0.0108975
2657 0.02175 0.011115
2658 0.00075 0.0111075
2659 0.01925 0.0113
2660 0.01825 0.0111175
2661 0.00575 0.01106
2662 0.01175 0.0111775
2663 0.01175 0.011295
2664 0.04175 0.0117125
2665 0.00075 0.011705
2666 0.01325 0.0115725
2667 0.00075 0.011565
2668 0.01425 0.0117075
2669 0.00075 0.0117
2670 0.00425 0.0117425
2671 0.01325 0.01161
2672 0.00575 0.0115525
2673 0.02075 0.011345
2674 0.00825 0.0112625
2675 0.00575 0.011205
2676 0.01175 0.0113225
2677 0.00825 0.01124
2678 0.01075 0.0111325
2679 0.00325 0.0111
2680 0.00925 0.0111925
2681 0.03325 0.01086
2682 0.01425 0.0110025
2683 0.03175 0.01132
2684 0.03175 0.0116375
2685 0.01075 0.01153
2686 0.00925 0.0116225
2687 0.01425 0.011765
2688 0.03325 0.0114325
2689 0.00425 0.011475
2690 0.00175 0.0114925
2691 0.00175 0.01151
2692 0.02075 0.0113025
2693 0.00575 0.011245
2694 0.00325 0.0112125
2695 0.03575 0.010855
2696 0.03675 0.0112225
2697 0.02425 0.011465
2698 0.01175 0.0115825
2699 0.00825 0.0115
2700 0.00175 0.0115175
2701 0.01075 0.01141
2702 0.02575 0.0111525
2703 0.02575 0.010895
2704 0.00325 0.0108625
2705 0.01825 0.01068
2706 0.01825 0.0104975
2707 0.01925 0.01069
2708 0.01925 0.0108825
2709 0.01425 0.011025
2710 0.03825 0.0106425
2711 0.01075 0.010535
2712 0.02825 0.0102525
2713 0.00075 0.010245
2714 0.00175 0.0102625
2715 0.01175 0.01038
2716 0.01675 0.0105475
2717 0.00575 0.01049
2718 0.01075 0.0103825
2719 0.00175 0.0104
2720 0.00675 0.0104675
2721 0.00825 0.010385
2722 0.02925 0.0106775
2723 0.01325 0.010545
2724 0.01675 0.0107125
2725 0.00075 0.010705
2726 0.02575 0.0104475
2727 0.00675 0.010515
2728 0.02675 0.0107825
2729 0.00425 0.010825
2730 0.00675 0.0108925
2731 0.00575 0.010835
2732 0.01325 0.0107025
2733 0.00175 0.01072
2734 0.00075 0.0107125
2735 0.00575 0.010655
2736 0.01175 0.0107725
2737 0.01075 0.010665
2738 0.00575 0.0106075
2739 0.02175 0.010825
2740 0.00425 0.0108675
2741 0.01675 0.011035
2742 0.01175 0.0111525
2743 0.00825 0.01107
2744 0.03075 0.0107625
2745 0.01425 0.010905
2746 0.00325 0.0108725
2747 0.00925 0.010965
2748 0.04075 0.0105575
2749 0.02425 0.0108
2750 0.02425 0.0110425
2751 0.01825 0.01086
2752 0.01575 0.0107025
2753 0.03675 0.01107
2754 0.02825 0.0107875
2755 0.01075 0.01068
2756 0.01925 0.0108725
2757 0.01075 0.010765
2758 0.02575 0.0105075
2759 0.03075 0.0102
2760 0.01925 0.0103925
2761 0.01175 0.01051
2762 0.02175 0.0107275
2763 0.01175 0.010845
2764 0.02825 0.0105625
2765 0.02075 0.010355
2766 0.00825 0.0102725
2767 0.00425 0.010315
2768 0.01825 0.0101325
2769 0.00675 0.0102
2770 0.02675 0.0104675
2771 0.01175 0.010585
2772 0.00675 0.0106525
2773 0.01175 0.01077
2774 0.01175 0.0108875
2775 0.03075 0.01058
2776 0.02175 0.0107975
2777 0.00425 0.01084
2778 0.00925 0.0109325
2779 0.01425 0.011075
2780 0.00075 0.0110675
2781 0.00425 0.01111
2782 0.00825 0.0110275
2783 0.02325 0.010795
2784 0.01575 0.0106375
2785 0.00575 0.01058
2786 0.01175 0.0106975
2787 0.00075 0.01069
2788 0.03575 0.0103325
2789 0.00075 0.010325
2790 0.01925 0.0105175
2791 0.01325 0.010385
2792 0.01825 0.0102025
2793 0.01425 0.010345
2794 0.01325 0.0102125
2795 0.02425 0.010455
2796 0.01075 0.0103475
2797 0.03075 0.01004
2798 0.02425 0.0102825
2799 0.03325 0.00995000000001
2800 0.01175 0.0100675
2801 0.00675 0.010135
2802 0.01175 0.0102525
2803 0.00075 0.010245
2804 0.00675 0.0103125
2805 0.02925 0.010605
2806 0.01325 0.0104725
2807 0.01425 0.010615
2808 0.01675 0.0107825
2809 0.03175 0.0111
2810 0.00425 0.0111425
2811 0.00675 0.01121
2812 0.01825 0.0110275
2813 0.01925 0.01122
2814 0.02325 0.0109875
2815 0.00925 0.01108
2816 0.00325 0.0110475
2817 0.01075 0.01094
2818 0.01825 0.0107575
2819 0.03175 0.011075
2820 0.01175 0.0111925
2821 0.00675 0.01126
2822 0.01175 0.0113775
2823 0.02925 0.01167
2824 0.00575 0.0116125
2825 0.00675 0.01168
2826 0.01825 0.0114975
2827 0.04075 0.01109
2828 0.01175 0.0112075
2829 0.00325 0.011175
2830 0.01175 0.0112925
2831 0.00575 0.011235
2832 0.00175 0.0112525
2833 0.00575 0.011195
2834 0.00575 0.0111375
2835 0.01675 0.011305
2836 0.01425 0.0114475
2837 0.02425 0.01169
2838 0.01075 0.0115825
2839 0.01325 0.01145
2840 0.01175 0.0115675
2841 0.03175 0.011885
2842 0.01175 0.0120025
2843 0.02175 0.01222
2844 0.01675 0.0123875
2845 0.01325 0.012255
2846 0.02675 0.0125225
2847 0.00075 0.012515
2848 0.01075 0.0124075
2849 0.00075 0.0124
2850 0.00075 0.0123925
2851 0.01325 0.01226
2852 0.03825 0.0118775
2853 0.00325 0.011845
2854 0.02425 0.0120875
2855 0.00575 0.01203
2856 0.01425 0.0121725
2857 0.03575 0.011815
2858 0.00175 0.0118325
2859 0.00675 0.0119
2860 0.01175 0.0120175
2861 0.01325 0.011885
2862 0.00325 0.0118525
2863 0.00675 0.01192
2864 0.00675 0.0119875
2865 0.05075 0.01148
2866 0.00425 0.0115225
2867 0.00175 0.01154
2868 0.01175 0.0116575
2869 0.01675 0.011825
2870 0.01175 0.0119425
2871 0.02175 0.01216
2872 0.01075 0.0120525
2873 0.01075 0.011945
2874 0.02075 0.0117375
2875 0.02575 0.01148
2876 0.00075 0.0114725
2877 0.00675 0.01154
2878 0.01325 0.0114075
2879 0.03175 0.011725
2880 0.00325 0.0116925
2881 0.00325 0.01166
2882 0.01675 0.0118275
2883 0.03325 0.011495
2884 0.01425 0.0116375
2885 0.01825 0.011455
2886 0.01575 0.0112975
2887 0.00325 0.011265
2888 0.04075 0.0108575
2889 0.00175 0.010875
2890 0.00425 0.0109175
2891 0.02575 0.01066
2892 0.00325 0.0106275
2893 0.00675 0.010695
2894 0.01425 0.0108375
2895 0.01425 0.01098
2896 0.00575 0.0109225
2897 0.00825 0.01084
2898 0.00175 0.0108575
2899 0.01825 0.010675
2900 0.01175 0.0107925
2901 0.00175 0.01081
2902 0.00075 0.0108025
2903 0.00175 0.01082
2904 0.00925 0.0109125
2905 0.01675 0.01108
2906 0.00825 0.0109975
2907 0.02175 0.011215
2908 0.00575 0.0111575
2909 0.01825 0.010975
2910 0.01325 0.0108425
2911 0.01325 0.01071
2912 0.01325 0.0105775
2913 0.01175 0.010695
2914 0.02825 0.0104125
2915 0.04175 0.01083
2916 0.00325 0.0107975
2917 0.02575 0.01054
2918 0.01575 0.0103825
2919 0.00925 0.010475
2920 0.00675 0.0105425
2921 0.01675 0.01071
2922 0.00575 0.0106525
2923 0.01575 0.010495
2924 0.00325 0.0104625
2925 0.00925 0.010555
2926 0.00175 0.0105725
2927 0.01075 0.010465
2928 0.00075 0.0104575
2929 0.03075 0.01015
2930 0.00925 0.0102425
2931 0.01575 0.010085
2932 0.00075 0.0100775
2933 0.01175 0.010195
2934 0.00075 0.0101875
2935 0.01575 0.01003
2936 0.02675 0.0102975
2937 0.02175 0.010515
2938 0.01175 0.0106325
2939 0.03425 0.010975
2940 0.02175 0.0111925
2941 0.03425 0.011535
2942 0.01325 0.0114025
2943 0.00925 0.011495
2944 0.02925 0.0117875
2945 0.00675 0.011855
2946 0.01425 0.0119975
2947 0.01425 0.01214
2948 0.00425 0.0121825
2949 0.00675 0.01225
2950 0.02175 0.0124675
2951 0.00675 0.012535
2952 0.01175 0.0126525
2953 0.00675 0.01272
2954 0.00675 0.0127875
2955 0.00925 0.01288
2956 0.01675 0.0130475
2957 0.02925 0.01334
2958 0.00675 0.0134075
2959 0.00425 0.01345
2960 0.01675 0.0136175
2961 0.02175 0.013835
2962 0.02075 0.0136275
2963 0.00075 0.01362
2964 0.00925 0.0137125
2965 0.01325 0.01358
2966 0.01075 0.0134725
2967 0.01825 0.01329
2968 0.03325 0.0129575
2969 0.01825 0.012775
2970 0.02825 0.0124925
2971 0.01425 0.012635
2972 0.02175 0.0128525
2973 0.00575 0.012795
2974 0.01075 0.0126875
2975 0.01675 0.012855
2976 0.00675 0.0129225
2977 0.00925 0.013015
2978 0.00675 0.0130825
2979 0.01175 0.0132
2980 0.01675 0.0133675
2981 0.01175 0.013485
2982 0.01825 0.0133025
2983 0.02825 0.01302
2984 0.00575 0.0129625
2985 0.02425 0.013205
2986 0.04575 0.0127475
2987 0.00075 0.01274
2988 0.03425 0.0130825
2989 0.00075 0.013075
2990 0.00925 0.0131675
2991 0.03425 0.01351
2992 0.00675 0.0135775
2993 0.02325 0.013345
2994 0.01925 0.0135375
2995 0.00325 0.013505
2996 0.00175 0.0135225
2997 0.00925 0.013615
2998 0.02675 0.0138825
2999 0.03825 0.0135
#theta_true= 1.1 theta_estimated= 1.0865
