#gd-step, abs-grad_likelihood, theta-error
0 0.0107348040929 0.0107348040929 0.500107348041 0.800107348041
1 0.0107301956416 0.0107301956416 0.500214649997 0.800214649997
2 0.0107255911459 0.0107255911459 0.500321905909 0.800321905909
3 0.0107209906006 0.0107209906006 0.500429115815 0.800429115815
4 0.0107163940007 0.0107163940007 0.500536279755 0.800536279755
5 0.0107118013411 0.0107118013411 0.500643397768 0.800643397768
6 0.0107072126167 0.0107072126167 0.500750469894 0.800750469894
7 0.0107026278225 0.0107026278225 0.500857496173 0.800857496173
8 0.0106980469534 0.0106980469534 0.500964476642 0.800964476642
9 0.0106934700044 0.0106934700044 0.501071411342 0.801071411342
10 0.0106888969705 0.0106888969705 0.501178300312 0.801178300312
11 0.0106843278466 0.0106843278466 0.50128514359 0.80128514359
12 0.0106797626278 0.0106797626278 0.501391941217 0.801391941217
13 0.0106752013089 0.0106752013089 0.50149869323 0.80149869323
14 0.0106706438851 0.0106706438851 0.501605399669 0.801605399669
15 0.0106660903513 0.0106660903513 0.501712060572 0.801712060572
16 0.0106615407026 0.0106615407026 0.501818675979 0.801818675979
17 0.0106569949339 0.0106569949339 0.501925245928 0.801925245928
18 0.0106524530404 0.0106524530404 0.502031770459 0.802031770459
19 0.0106479150171 0.0106479150171 0.502138249609 0.802138249609
20 0.010643380859 0.010643380859 0.502244683418 0.802244683418
21 0.0106388505612 0.0106388505612 0.502351071923 0.802351071923
22 0.0106343241187 0.0106343241187 0.502457415164 0.802457415164
23 0.0106298015267 0.0106298015267 0.50256371318 0.80256371318
24 0.0106252827802 0.0106252827802 0.502669966007 0.802669966007
25 0.0106207678743 0.0106207678743 0.502776173686 0.802776173686
26 0.0106162568042 0.0106162568042 0.502882336254 0.802882336254
27 0.0106117495649 0.0106117495649 0.50298845375 0.80298845375
28 0.0106072461516 0.0106072461516 0.503094526211 0.803094526211
29 0.0106027465594 0.0106027465594 0.503200553677 0.803200553677
30 0.0105982507835 0.0105982507835 0.503306536185 0.803306536185
31 0.0105937588189 0.0105937588189 0.503412473773 0.803412473773
32 0.0105892706609 0.0105892706609 0.50351836648 0.80351836648
33 0.0105847863045 0.0105847863045 0.503624214343 0.803624214343
34 0.0105803057451 0.0105803057451 0.5037300174 0.8037300174
35 0.0105758289776 0.0105758289776 0.50383577569 0.80383577569
36 0.0105713559975 0.0105713559975 0.50394148925 0.80394148925
37 0.0105668867998 0.0105668867998 0.504047158118 0.804047158118
38 0.0105624213797 0.0105624213797 0.504152782332 0.804152782332
39 0.0105579597324 0.0105579597324 0.504258361929 0.804258361929
40 0.0105535018533 0.0105535018533 0.504363896948 0.804363896948
41 0.0105490477374 0.0105490477374 0.504469387425 0.804469387425
42 0.0105445973801 0.0105445973801 0.504574833399 0.804574833399
43 0.0105401507766 0.0105401507766 0.504680234907 0.804680234907
44 0.0105357079221 0.0105357079221 0.504785591986 0.804785591986
45 0.0105312688118 0.0105312688118 0.504890904674 0.804890904674
46 0.0105268334412 0.0105268334412 0.504996173008 0.804996173008
47 0.0105224018054 0.0105224018054 0.505101397026 0.805101397026
48 0.0105179738997 0.0105179738997 0.505206576765 0.805206576765
49 0.0105135497194 0.0105135497194 0.505311712263 0.805311712263
50 0.0105091292599 0.0105091292599 0.505416803555 0.805416803555
51 0.0105047125164 0.0105047125164 0.50552185068 0.80552185068
52 0.0105002994842 0.0105002994842 0.505626853675 0.805626853675
53 0.0104958901587 0.0104958901587 0.505731812577 0.805731812577
54 0.0104914845351 0.0104914845351 0.505836727422 0.805836727422
55 0.010487082609 0.010487082609 0.505941598248 0.805941598248
56 0.0104826843754 0.0104826843754 0.506046425092 0.806046425092
57 0.01047828983 0.01047828983 0.50615120799 0.80615120799
58 0.0104738989679 0.0104738989679 0.50625594698 0.80625594698
59 0.0104695117846 0.0104695117846 0.506360642098 0.806360642098
60 0.0104651282755 0.0104651282755 0.50646529338 0.80646529338
61 0.0104607484358 0.0104607484358 0.506569900865 0.806569900865
62 0.0104563722611 0.0104563722611 0.506674464587 0.806674464587
63 0.0104519997468 0.0104519997468 0.506778984585 0.806778984585
64 0.0104476308882 0.0104476308882 0.506883460894 0.806883460894
65 0.0104432656807 0.0104432656807 0.506987893551 0.806987893551
66 0.0104389041198 0.0104389041198 0.507092282592 0.807092282592
67 0.010434546201 0.010434546201 0.507196628054 0.807196628054
68 0.0104301919195 0.0104301919195 0.507300929973 0.807300929973
69 0.010425841271 0.010425841271 0.507405188386 0.807405188386
70 0.0104214942509 0.0104214942509 0.507509403328 0.807509403328
71 0.0104171508545 0.0104171508545 0.507613574837 0.807613574837
72 0.0104128110775 0.0104128110775 0.507717702948 0.807717702948
73 0.0104084749152 0.0104084749152 0.507821787697 0.807821787697
74 0.0104041423632 0.0104041423632 0.50792582912 0.80792582912
75 0.0103998134169 0.0103998134169 0.508029827254 0.808029827254
76 0.0103954880718 0.0103954880718 0.508133782135 0.808133782135
77 0.0103911663235 0.0103911663235 0.508237693798 0.808237693798
78 0.0103868481675 0.0103868481675 0.50834156228 0.80834156228
79 0.0103825335993 0.0103825335993 0.508445387616 0.808445387616
80 0.0103782226143 0.0103782226143 0.508549169842 0.808549169842
81 0.0103739152083 0.0103739152083 0.508652908994 0.808652908994
82 0.0103696113766 0.0103696113766 0.508756605108 0.808756605108
83 0.0103653111149 0.0103653111149 0.508860258219 0.808860258219
84 0.0103610144187 0.0103610144187 0.508963868363 0.808963868363
85 0.0103567212836 0.0103567212836 0.509067435576 0.809067435576
86 0.0103524317052 0.0103524317052 0.509170959893 0.809170959893
87 0.010348145679 0.010348145679 0.50927444135 0.80927444135
88 0.0103438632006 0.0103438632006 0.509377879982 0.809377879982
89 0.0103395842656 0.0103395842656 0.509481275825 0.809481275825
90 0.0103353088697 0.0103353088697 0.509584628913 0.809584628913
91 0.0103310370084 0.0103310370084 0.509687939284 0.809687939284
92 0.0103267686774 0.0103267686774 0.50979120697 0.80979120697
93 0.0103225038722 0.0103225038722 0.509894432009 0.809894432009
94 0.0103182425886 0.0103182425886 0.509997614435 0.809997614435
95 0.0103139848221 0.0103139848221 0.510100754283 0.810100754283
96 0.0103097305684 0.0103097305684 0.510203851589 0.810203851589
97 0.0103054798231 0.0103054798231 0.510306906387 0.810306906387
98 0.010301232582 0.010301232582 0.510409918713 0.810409918713
99 0.0102969888407 0.0102969888407 0.510512888601 0.810512888601
100 0.0102927485948 0.0102927485948 0.510615816087 0.810615816087
101 0.0102885118401 0.0102885118401 0.510718701206 0.810718701206
102 0.0102842785722 0.0102842785722 0.510821543991 0.810821543991
103 0.0102800487868 0.0102800487868 0.510924344479 0.810924344479
104 0.0102758224797 0.0102758224797 0.511027102704 0.811027102704
105 0.0102715996465 0.0102715996465 0.511129818701 0.811129818701
106 0.010267380283 0.010267380283 0.511232492503 0.811232492503
107 0.0102631643849 0.0102631643849 0.511335124147 0.811335124147
108 0.0102589519479 0.0102589519479 0.511437713667 0.811437713667
109 0.0102547429677 0.0102547429677 0.511540261096 0.811540261096
110 0.0102505374402 0.0102505374402 0.511642766471 0.811642766471
111 0.010246335361 0.010246335361 0.511745229824 0.811745229824
112 0.0102421367259 0.0102421367259 0.511847651192 0.811847651192
113 0.0102379415307 0.0102379415307 0.511950030607 0.811950030607
114 0.0102337497712 0.0102337497712 0.512052368105 0.812052368105
115 0.0102295614432 0.0102295614432 0.512154663719 0.812154663719
116 0.0102253765423 0.0102253765423 0.512256917484 0.812256917484
117 0.0102211950645 0.0102211950645 0.512359129435 0.812359129435
118 0.0102170170055 0.0102170170055 0.512461299605 0.812461299605
119 0.0102128423612 0.0102128423612 0.512563428029 0.812563428029
120 0.0102086711273 0.0102086711273 0.51266551474 0.81266551474
121 0.0102045032996 0.0102045032996 0.512767559773 0.812767559773
122 0.0102003388741 0.0102003388741 0.512869563162 0.812869563162
123 0.0101961778465 0.0101961778465 0.51297152494 0.81297152494
124 0.0101920202127 0.0101920202127 0.513073445142 0.813073445142
125 0.0101878659685 0.0101878659685 0.513175323802 0.813175323802
126 0.0101837151098 0.0101837151098 0.513277160953 0.813277160953
127 0.0101795676325 0.0101795676325 0.51337895663 0.81337895663
128 0.0101754235324 0.0101754235324 0.513480710865 0.813480710865
129 0.0101712828053 0.0101712828053 0.513582423693 0.813582423693
130 0.0101671454473 0.0101671454473 0.513684095147 0.813684095147
131 0.0101630114541 0.0101630114541 0.513785725262 0.813785725262
132 0.0101588808217 0.0101588808217 0.51388731407 0.81388731407
133 0.0101547535459 0.0101547535459 0.513988861606 0.813988861606
134 0.0101506296227 0.0101506296227 0.514090367902 0.814090367902
135 0.010146509048 0.010146509048 0.514191832992 0.814191832992
136 0.0101423918178 0.0101423918178 0.51429325691 0.81429325691
137 0.0101382779279 0.0101382779279 0.51439463969 0.81439463969
138 0.0101341673742 0.0101341673742 0.514495981363 0.814495981363
139 0.0101300601528 0.0101300601528 0.514597281965 0.814597281965
140 0.0101259562596 0.0101259562596 0.514698541528 0.814698541528
141 0.0101218556905 0.0101218556905 0.514799760085 0.814799760085
142 0.0101177584414 0.0101177584414 0.514900937669 0.814900937669
143 0.0101136645085 0.0101136645085 0.515002074314 0.815002074314
144 0.0101095738876 0.0101095738876 0.515103170053 0.815103170053
145 0.0101054865747 0.0101054865747 0.515204224919 0.815204224919
146 0.0101014025658 0.0101014025658 0.515305238944 0.815305238944
147 0.0100973218569 0.0100973218569 0.515406212163 0.815406212163
148 0.0100932444441 0.0100932444441 0.515507144607 0.815507144607
149 0.0100891703232 0.0100891703232 0.515608036311 0.815608036311
150 0.0100850994904 0.0100850994904 0.515708887305 0.815708887305
151 0.0100810319416 0.0100810319416 0.515809697625 0.815809697625
152 0.0100769676729 0.0100769676729 0.515910467302 0.815910467302
153 0.0100729066803 0.0100729066803 0.516011196368 0.816011196368
154 0.0100688489598 0.0100688489598 0.516111884858 0.816111884858
155 0.0100647945076 0.0100647945076 0.516212532803 0.816212532803
156 0.0100607433196 0.0100607433196 0.516313140236 0.816313140236
157 0.0100566953919 0.0100566953919 0.51641370719 0.81641370719
158 0.0100526507206 0.0100526507206 0.516514233697 0.816514233697
159 0.0100486093017 0.0100486093017 0.51661471979 0.81661471979
160 0.0100445711314 0.0100445711314 0.516715165502 0.816715165502
161 0.0100405362057 0.0100405362057 0.516815570864 0.816815570864
162 0.0100365045206 0.0100365045206 0.516915935909 0.816915935909
163 0.0100324760724 0.0100324760724 0.51701626067 0.81701626067
164 0.0100284508571 0.0100284508571 0.517116545178 0.817116545178
165 0.0100244288707 0.0100244288707 0.517216789467 0.817216789467
166 0.0100204101095 0.0100204101095 0.517316993568 0.817316993568
167 0.0100163945696 0.0100163945696 0.517417157514 0.817417157514
168 0.010012382247 0.010012382247 0.517517281336 0.817517281336
169 0.0100083731379 0.0100083731379 0.517617365068 0.817617365068
170 0.0100043672385 0.0100043672385 0.51771740874 0.81771740874
171 0.0100003645449 0.0100003645449 0.517817412385 0.817817412385
172 0.00999636505326 0.00999636505326 0.517917376036 0.817917376036
173 0.00999236875971 0.00999236875971 0.518017299724 0.818017299724
174 0.00998837566044 0.00998837566044 0.51811718348 0.81811718348
175 0.00998438575161 0.00998438575161 0.518217027338 0.818217027338
176 0.00998039902941 0.00998039902941 0.518316831328 0.818316831328
177 0.00997641549002 0.00997641549002 0.518416595483 0.818416595483
178 0.00997243512963 0.00997243512963 0.518516319834 0.818516319834
179 0.00996845794443 0.00996845794443 0.518616004414 0.818616004414
180 0.00996448393062 0.00996448393062 0.518715649253 0.818715649253
181 0.00996051308442 0.00996051308442 0.518815254384 0.818815254384
182 0.00995654540204 0.00995654540204 0.518914819838 0.818914819838
183 0.0099525808797 0.0099525808797 0.519014345647 0.819014345647
184 0.00994861951362 0.00994861951362 0.519113831842 0.819113831842
185 0.00994466130004 0.00994466130004 0.519213278455 0.819213278455
186 0.00994070623519 0.00994070623519 0.519312685517 0.819312685517
187 0.00993675431533 0.00993675431533 0.51941205306 0.81941205306
188 0.00993280553669 0.00993280553669 0.519511381116 0.819511381116
189 0.00992885989553 0.00992885989553 0.519610669715 0.819610669715
190 0.00992491738812 0.00992491738812 0.519709918888 0.819709918888
191 0.00992097801073 0.00992097801073 0.519809128669 0.819809128669
192 0.00991704175962 0.00991704175962 0.519908299086 0.819908299086
193 0.00991310863108 0.00991310863108 0.520007430172 0.820007430172
194 0.00990917862139 0.00990917862139 0.520106521959 0.820106521959
195 0.00990525172685 0.00990525172685 0.520205574476 0.820205574476
196 0.00990132794376 0.00990132794376 0.520304587755 0.820304587755
197 0.0098974072684 0.0098974072684 0.520403561828 0.820403561828
198 0.0098934896971 0.0098934896971 0.520502496725 0.820502496725
199 0.00988957522618 0.00988957522618 0.520601392477 0.820601392477
#theta1,theta2 (true)= 1.5 1.2 theta1,theta2 _estimated= 2.02060139248 2.02060139248
