1.0 0.0 0
0.999876757532 0.0156993550258 1
0.999507060504 0.031394840397 2
0.998891000041 0.047082587413 3
0.998028727993 0.0627587292804 4
0.996920456897 0.0784194020664 5
0.995566459925 0.094060745651 6
0.993967070817 0.109678904679 7
0.992122683798 0.125270029508 8
0.990033753482 0.140830277163 9
0.987700794759 0.156355812275 10
0.985124382668 0.171842808035 11
0.982305152255 0.187287447131 12
0.979243798419 0.202685922693 13
0.975941075737 0.218034439228 14
0.97239779828 0.233329213557 15
0.968614839414 0.248566475751 16
0.96459313158 0.263742470052 17
0.960333666068 0.278853455807 18
0.955837492774 0.293895708385 19
0.951105719935 0.308865520099 20
0.946139513864 0.323759201114 21
0.940940098653 0.338573080363 22
0.935508755882 0.353303506448 23
0.929846824294 0.36794684854 24
0.92395569947 0.382499497276 25
0.917836833484 0.396957865648 26
0.911491734544 0.411318389885 27
0.904921966621 0.425577530335 28
0.898129149065 0.439731772334 29
0.891114956201 0.453777627076 30
0.883881116924 0.467711632467 31
0.876429414266 0.481530353986 32
0.868761684958 0.495230385526 33
0.860879818982 0.508808350236 34
0.852785759098 0.522260901351 35
0.844481500369 0.535584723022 36
0.835969089671 0.548776531125 37
0.827250625185 0.56183307408 38
0.818328255881 0.574751133646 39
0.809204180988 0.587527525714 40
0.799880649454 0.600159101097 41
0.790359959388 0.612642746302 42
0.780644457497 0.624975384298 43
0.770736538507 0.637153975276 44
0.760638644569 0.649175517397 45
0.750353264664 0.661037047531 46
0.739882933981 0.67273564199 47
0.729230233299 0.684268417247 48
0.71839778835 0.695632530647 49
0.707388269167 0.706825181105 50
0.696204389431 0.717843609804 51
0.684848905801 0.728685100866 52
0.67332461723 0.739346982026 53
0.661634364284 0.749826625293 54
0.649781028434 0.760121447591 55
0.637767531348 0.770228911402 56
0.625596834171 0.780146525388 57
0.613271936799 0.789871845007 58
0.600795877132 0.799402473114 59
0.588171730331 0.808736060553 60
0.575402608059 0.817870306735 61
0.56249165771 0.826802960206 62
0.549442061641 0.835531819202 63
0.53625703638 0.84405473219 64
0.522939831838 0.852369598401 65
0.509493730503 0.860474368344 66
0.495922046639 0.868367044318 67
0.482228125461 0.876045680895 68
0.468415342313 0.883508385408 69
0.454487101839 0.890753318412 70
0.440446837141 0.897778694141 71
0.426298008931 0.904582780944 72
0.412044104684 0.911163901719 73
0.397688637772 0.917520434316 74
0.383235146601 0.923650811947 75
0.368687193739 0.929553523566 76
0.354048365037 0.935227114243 77
0.339322268746 0.940670185524 78
0.324512534627 0.945881395773 79
0.309622813057 0.950859460506 80
0.294656774127 0.955603152706 81
0.279618106741 0.960111303122 82
0.264510517703 0.964382800564 83
0.249337730807 0.968416592173 84
0.234103485916 0.972211683679 85
0.218811538043 0.975767139649 86
0.203465656421 0.979082083718 87
0.188069623579 0.982155698801 88
0.172627234409 0.984987227298 89
0.157142295225 0.987575971281 90
0.141618622832 0.989921292663 91
0.126060043583 0.992022613357 92
0.110470392431 0.99387941542 93
0.0948535119917 0.995491241178 94
0.0792132515904 0.996857693341 95
0.0635534663158 0.997978435097 96
0.0478780160691 0.998853190202 97
0.0321907646126 0.999481743042 98
0.0164955786175 0.999863938687 99
0.000796326710733 0.999999682932 100
-0.0149031214786 0.999888942318 101
-0.0305988962729 0.999531744142 102
-0.0462871289002 0.998928176446 103
-0.0619639524475 0.998078388002 104
-0.0776255028138 0.99698258827 105
-0.093267919663 0.995641047347 106
-0.108887347375 0.994054095903 107
-0.124479935996 0.992222125098 108
-0.140041842188 0.990145586485 109
-0.155569230175 0.9878249919 110
-0.17105827269 0.985260913334 111
-0.186505151918 0.982453982794 112
-0.201906060435 0.979404892146 113
-0.217257202149 0.976114392945 114
-0.232554793236 0.972583296249 115
-0.247795063069 0.968812472421 116
-0.262974255152 0.964802850912 117
-0.278088628042 0.960555420032 118
-0.293134456274 0.956071226711 119
-0.308108031278 0.951351376234 120
-0.323005662293 0.946397031973 121
-0.337823677279 0.941209415098 122
-0.352558423816 0.935789804281 123
-0.367206270012 0.930139535373 124
-0.381763605395 0.92426000108 125
-0.396226841799 0.918152650619 126
-0.410592414254 0.91181898936 127
-0.424856781865 0.905260578454 128
-0.439016428678 0.898479034452 129
-0.453067864555 0.891476028902 130
-0.467007626028 0.88425328794 131
-0.480832277155 0.876812591861 132
-0.494538410369 0.869155774686 133
-0.508122647314 0.861284723704 134
-0.521581639681 0.853201379012 135
-0.534912070029 0.844907733032 136
-0.54811065261 0.836405830022 137
-0.561174134172 0.827697765574 138
-0.574099294762 0.818785686095 139
-0.586882948524 0.809671788277 140
-0.599521944479 0.80035831856 141
-0.612013167306 0.790847572573 142
-0.624353538105 0.781141894572 143
-0.636540015162 0.77124367686 144
-0.648569594694 0.7611553592 145
-0.66043931159 0.750879428208 146
-0.672146240144 0.740418416748 147
-0.683687494774 0.729774903302 148
-0.695060230736 0.718951511334 149
-0.70626164482 0.707950908648 150
-0.717288976047 0.696775806728 151
-0.728139506346 0.685428960066 152
-0.738810561225 0.673913165491 153
-0.74929951043 0.662231261471 154
-0.759603768591 0.650386127421 155
-0.769720795866 0.638380682987 156
-0.779648098559 0.626217887331 157
-0.789383229739 0.613900738398 158
-0.798923789844 0.601432272181 159
-0.808267427269 0.588815561968 160
-0.817411838948 0.576053717588 161
-0.826354770922 0.563149884644 162
-0.835094018892 0.550107243736 163
-0.843627428765 0.536929009679 164
-0.851952897185 0.523618430709 165
-0.860068372049 0.510178787683 166
-0.867971853014 0.49661339327 167
-0.875661391992 0.482925591137 168
-0.883135093627 0.46911875512 169
-0.890391115764 0.455196288396 170
-0.897427669903 0.441161622643 171
-0.904243021639 0.427018217196 172
-0.910835491091 0.412769558191 173
-0.917203453315 0.398419157707 174
-0.923345338703 0.383970552902 175
-0.929259633373 0.369427305139 176
-0.934944879542 0.354792999111 177
-0.940399675881 0.340071241953 178
-0.945622677865 0.325265662355 179
-0.950612598103 0.310379909672 180
-0.955368206655 0.295417653016 181
-0.959888331334 0.280382580359 182
-0.964171857999 0.265278397619 183
-0.968217730824 0.25010882775 184
-0.972024952563 0.234877609822 185
-0.975592584792 0.219588498101 186
-0.978919748145 0.204245261124 187
-0.982005622526 0.188851680765 188
-0.984849447312 0.173411551313 189
-0.987450521545 0.157928678525 190
-0.989808204098 0.142406878697 191
-0.991921913838 0.126849977718 192
-0.993791129769 0.11126181013 193
-0.995415391155 0.0956462181823 194
-0.996794297641 0.0800070508824 195
-0.997927509347 0.0643481630496 196
-0.998814746955 0.0486734143639 197
-0.999455791772 0.0329866684148 198
-0.999850485792 0.0172917917487 199
-0.999998731728 0.00159265291649 200
-0.999900493039 -0.0141068784807 201
-0.99955579394 -0.0298029327449 202
-0.998964719395 -0.045491641035 203
-0.998127415094 -0.0611691363209 204
-0.99704408742 -0.0768315543361 205
-0.995715003396 -0.0924750345304 206
-0.994140490623 -0.108095721022 207
-0.992320937194 -0.123689763546 208
-0.990256791601 -0.139253318407 209
-0.987948562626 -0.154782549422 210
-0.985396819211 -0.17027362887 211
-0.982602190323 -0.185722738434 212
-0.979565364797 -0.20112607014 213
-0.976287091163 -0.2164798273 214
-0.972768177468 -0.231780225443 215
-0.969009491069 -0.247023493252 216
-0.965011958427 -0.26220587349 217
-0.960776564873 -0.277323623931 218
-0.956304354369 -0.292373018275 219
-0.951596429246 -0.307350347075 220
-0.946653949937 -0.322251918643 221
-0.941478134689 -0.337074059968 222
-0.936070259262 -0.351813117614 223
-0.930431656616 -0.366465458626 224
-0.924563716583 -0.381027471423 225
-0.918467885519 -0.395495566687 226
-0.912145665957 -0.409866178252 227
-0.905598616229 -0.424135763978 228
-0.898828350082 -0.438300806626 229
-0.891836536286 -0.452357814728 230
-0.884624898218 -0.466303323442 231
-0.877195213437 -0.480133895411 232
-0.86954931325 -0.493846121608 233
-0.861689082255 -0.507436622174 234
-0.853616457881 -0.520902047256 235
-0.845333429908 -0.53423907783 236
-0.836842039978 -0.547444426519 237
-0.82814438109 -0.560514838402 238
-0.819242597087 -0.573447091821 239
-0.810138882124 -0.58623799917 240
-0.80083548013 -0.598884407683 241
-0.791334684253 -0.61138320021 242
-0.781638836296 -0.623731295987 243
-0.77175032614 -0.635925651396 244
-0.761671591153 -0.64796326071 245
-0.751405115593 -0.659841156841 246
-0.74095342999 -0.671556412066 247
-0.730319110527 -0.683106138751 248
-0.719504778405 -0.694487490062 249
-0.708513099192 -0.705697660668 250
-0.697346782173 -0.716733887431 251
-0.686008579677 -0.727593450087 252
-0.674501286399 -0.738273671918 253
-0.662827738713 -0.748771920408 254
-0.650990813975 -0.7590856079 255
-0.638993429807 -0.769212192223 256
-0.626838543383 -0.779149177327 257
-0.614529150701 -0.788894113895 258
-0.60206828584 -0.798444599948 259
-0.589459020215 -0.807798281434 260
-0.576704461821 -0.816952852811 261
-0.563807754464 -0.825906057616 262
-0.550772076988 -0.834655689018 263
-0.537600642491 -0.843199590366 264
-0.524296697534 -0.851535655715 265
-0.510863521339 -0.859661830353 266
-0.497304424981 -0.867576111298 267
-0.483622750573 -0.8752765478 268
-0.469821870441 -0.882761241817 269
-0.455905186296 -0.890028348486 270
-0.44187612839 -0.897076076573 271
-0.427738154674 -0.90390268892 272
-0.413494749945 -0.910506502869 273
-0.39914942499 -0.916885890681 274
-0.384705715713 -0.923039279932 275
-0.370167182273 -0.928965153904 276
-0.355537408198 -0.934662051959 277
-0.340819999507 -0.940128569897 278
-0.326018583821 -0.945363360303 279
-0.311136809464 -0.950365132881 280
-0.29617834457 -0.95513265477 281
-0.281146876176 -0.959664750846 282
-0.266046109312 -0.963960304017 283
-0.250879766089 -0.968018255493 284
-0.235651584783 -0.97183760505 285
-0.220365318911 -0.975417411277 286
-0.205024736307 -0.978756791804 287
-0.189633618194 -0.981854923525 288
-0.17419575825 -0.984711042798 289
-0.158714961677 -0.987324445631 290
-0.143195044255 -0.98969448786 291
-0.127639831413 -0.991820585306 292
-0.112053157274 -0.993702213918 293
-0.0964388637202 -0.995338909902 294
-0.080800799439 -0.996730269837 295
-0.065142818978 -0.997875950775 296
-0.0494687817932 -0.998775670322 297
-0.0337825512989 -0.999429206711 298
-0.0180879939146 -0.999836398855 299
-0.00238897811228 -0.999997146388 300
0.0133106265372 -0.999911409686 301
0.0290069503177 -0.999579209884 302
0.0446961243219 -0.999000628864 303
0.0603742814047 -0.998175809236 304
0.0760375571366 -0.997104954308 305
0.091682090756 -0.995788328027 306
0.107304026121 -0.994226254923 307
0.12289951266 -0.992419120023 308
0.13846470632 -0.99036736876 309
0.153995770516 -0.988071506857 310
0.169488877074 -0.985532100212 311
0.184940207177 -0.982749774749 312
0.200345952305 -0.97972521627 313
0.215702315173 -0.976459170283 314
0.23100551067 -0.972952441818 315
0.246251766788 -0.969205895233 316
0.261437325554 -0.965220453993 317
0.276558443959 -0.960997100451 318
0.291611394872 -0.956536875599 319
0.306592467969 -0.951840878816 320
0.321497970641 -0.946910267593 321
0.336324228906 -0.941746257253 322
0.351067588315 -0.936350120647 323
0.365724414851 -0.930723187839 324
0.380291095828 -0.924866845786 325
0.394764040778 -0.918782537986 326
0.409139682339 -0.912471764131 327
0.42341447713 -0.90593607973 328
0.437584906631 -0.899177095732 329
0.451647478044 -0.892196478124 330
0.465598725157 -0.884995947523 331
0.479435209197 -0.877577278752 332
0.49315351968 -0.869942300401 333
0.506750275249 -0.862092894377 334
0.520222124508 -0.85403099544 335
0.53356574685 -0.845758590727 336
0.546777853272 -0.837277719261 337
0.55985518719 -0.828590471449 338
0.572794525237 -0.819698988568 339
0.585592678061 -0.810605462232 340
0.598246491112 -0.801312133861 341
0.610752845413 -0.791821294119 342
0.623108658338 -0.782135282355 343
0.635310884365 -0.772256486025 344
0.647356515828 -0.762187340104 345
0.659242583662 -0.751930326484 346
0.670966158129 -0.741487973366 347
0.682524349544 -0.730862854631 348
0.693914308989 -0.720057589211 349
0.705133229008 -0.709074840442 350
0.716178344309 -0.697917315406 351
0.727046932435 -0.686587764264 352
0.737736314444 -0.67508897958 353
0.748243855564 -0.663423795632 354
0.758566965844 -0.651595087712 355
0.768703100794 -0.639605771417 356
0.778649762008 -0.627458801934 357
0.788404497785 -0.615157173308 358
0.797964903729 -0.602703917705 359
0.807328623344 -0.590102104665 360
0.816493348614 -0.577354840344 361
0.825456820573 -0.564465266752 362
0.834216829859 -0.551436560975 363
0.842771217263 -0.538271934392 364
0.851117874256 -0.524974631884 365
0.859254743514 -0.511547931038 366
0.86717981942 -0.497995141332 367
0.874891148563 -0.484319603326 368
0.882386830217 -0.470524687832 369
0.889665016809 -0.45661379509 370
0.896723914375 -0.442590353926 371
0.903561783003 -0.428457820906 372
0.910176937263 -0.414219679488 373
0.916567746617 -0.399879439158 374
0.922732635828 -0.385440634569 375
0.928670085344 -0.37090682467 376
0.934378631672 -0.356281591826 377
0.939856867743 -0.341568540936 378
0.945103443252 -0.326771298546 379
0.950117064999 -0.311893511953 380
0.954896497201 -0.296938848307 381
0.9594405618 -0.281910993708 382
0.963748138753 -0.266813652295 383
0.967818166306 -0.251650545336 384
0.97164964126 -0.236425410309 385
0.975241619213 -0.221141999979 386
0.978593214797 -0.205804081477 387
0.981703601895 -0.190415435369 388
0.984572013842 -0.174979854724 389
0.987197743618 -0.159501144181 390
0.989580144021 -0.143983119009 391
0.991718627824 -0.128429604166 392
0.993612667924 -0.112844433361 393
0.995261797468 -0.0972314481027 394
0.996665609971 -0.081594496757 395
0.997823759414 -0.0659374335968 396
0.99873596033 -0.0502641178526 397
0.999401987876 -0.0345784127604 398
0.999821677886 -0.0188841846103 399
0.999994926913 -0.00318530179314 400
0.999921692254 0.0125143661529 401
0.999601991959 0.0282109494962 402
0.99903590483 0.0439005792654 403
0.9982235704 0.0595793882031 404
0.997165188895 0.075243511719 405
0.995861021192 0.0908890888427 406
0.994311388748 0.106512263175 407
0.992516673524 0.122109183839 408
0.99047731789 0.137676006428 409
0.988193824517 0.153208893956 410
0.985666756251 0.168704017799 411
0.982896735977 0.184157558643 412
0.979884446463 0.199565707423 413
0.976630630194 0.214924666262 414
0.973136089185 0.230230649408 415
0.969401684788 0.245479884167 416
0.965428337478 0.260668611832 417
0.961217026625 0.275793088611 418
0.956768790255 0.290849586547 419
0.952084724789 0.305834394442 420
0.94716598478 0.320743818766 421
0.942013782623 0.335574184569 422
0.936629388258 0.350321836391 423
0.931014128857 0.364983139157 424
0.925169388498 0.379554479077 425
0.91909660782 0.394032264535 426
0.912797283672 0.408412926975 427
0.906272968744 0.422692921781 428
0.899525271181 0.436868729148 429
0.892555854187 0.450936854954 430
0.88536643562 0.464893831619 431
0.877958787563 0.478736218956 432
0.87033473589 0.492460605026 433
0.862496159814 0.506063606976 434
0.854444991427 0.519541871869 435
0.84618321522 0.532892077517 436
0.837712867596 0.546110933294 437
0.829036036369 0.559195180953 438
0.820154860247 0.572141595423 439
0.811071528306 0.584946985607 440
0.801788279451 0.597608195171 441
0.792307401862 0.610122103316 442
0.782631232433 0.622485625554 443
0.772762156194 0.634695714461 444
0.762702605723 0.646749360435 445
0.752455060549 0.658643592433 446
0.742022046537 0.670375478708 447
0.731406135268 0.681942127525 448
0.720609943403 0.693340687879 449
0.709636132042 0.704568350198 450
0.698487406064 0.715622347031 451
0.687166513461 0.726499953735 452
0.675676244664 0.737198489144 453
0.66401943185 0.74771531623 454
0.652198948248 0.758047842754 455
0.64021770743 0.768193521902 456
0.628078662591 0.778149852919 457
0.615784805822 0.787914381719 458
0.603339167374 0.797484701491 459
0.590744814909 0.806858453298 460
0.578004852746 0.816033326649 461
0.565122421093 0.825007060078 462
0.552100695276 0.833777441693 463
0.538942884954 0.842342309728 464
0.525652233329 0.850699553072 465
0.512232016346 0.85884711179 466
0.498685541887 0.866782977632 467
0.485016148954 0.874505194527 468
0.471227206846 0.882011859063 469
0.457322114329 0.889301120963 470
0.4433042988 0.896371183531 471
0.429177215439 0.903220304105 472
0.414944346359 0.90984679448 473
0.400609199748 0.916249021324 474
0.386175309003 0.922425406587 475
0.371646231862 0.928374427881 476
0.357025549523 0.934094618863 477
0.342316865764 0.939584569591 478
0.327523806053 0.944842926876 479
0.312650016658 0.949868394612 480
0.297699163744 0.954659734097 481
0.282674932469 0.959215764337 482
0.267581026082 0.963535362341 483
0.252421165003 0.967617463391 484
0.237199085908 0.971461061311 485
0.221918540812 0.975065208714 486
0.206583296139 0.978429017229 487
0.191197131794 0.981551657731 488
0.175763840237 0.984432360533 489
0.160287225541 0.987070415588 490
0.144771102457 0.989465172653 491
0.129219295478 0.991616041458 492
0.113635637889 0.993522491845 493
0.0980239708272 0.995184053903 494
0.0823881423328 0.996600318083 495
0.0667320064024 0.997770935296 496
0.0510594220376 0.998695617003 497
0.0353742522944 0.999374135284 498
0.0196803633308 0.999806322894 499
0.00398162345408 0.999992073306 500
-0.0117180978328 0.999931340735 501
-0.0274149307851 0.99962414015 502
-0.0431050063699 0.999070547272 503
-0.05878445722 0.998270698553 504
-0.0744494185868 0.997224791144 505
-0.0900960292933 0.995933082845 506
-0.105720432686 0.994395892043 507
-0.121318777584 0.992613597633 508
-0.136887219231 0.990586638922 509
-0.152421920241 0.988315515526 510
-0.167919051543 0.985800787243 511
-0.183374793328 0.983043073915 512
-0.198785335989 0.980043055277 513
-0.214146881058 0.976801470788 514
-0.229455642148 0.97331911945 515
-0.244707845878 0.96959685961 516
-0.25989973281 0.96563560875 517
-0.275027558372 0.961436343257 518
-0.290087593785 0.957000098188 519
-0.305076126975 0.95232796701 520
-0.319989463495 0.947421101334 521
-0.334823927432 0.942280710627 522
-0.349575862315 0.936908061918 523
-0.364241632013 0.931304479485 524
-0.378817621636 0.925471344526 525
-0.393300238421 0.919410094821 526
-0.407685912622 0.913122224376 527
-0.421971098386 0.906609283058 528
-0.436152274631 0.899872876208 529
-0.450225945909 0.892914664249 530
-0.464188643274 0.885736362275 531
-0.47803692513 0.878339739629 532
-0.491767378085 0.870726619468 533
-0.505376617789 0.862898878312 534
-0.518861289769 0.85485844558 535
-0.532218070257 0.846607303117 536
-0.545443667007 0.838147484707 537
-0.55853482011 0.829481075568 538
-0.571488302792 0.820610211837 539
-0.584300922217 0.81153708005 540
-0.596969520265 0.802263916598 541
-0.609490974319 0.792793007174 542
-0.621862198028 0.783126686216 543
-0.634080142073 0.773267336326 544
-0.646141794914 0.763217387685 545
-0.658044183535 0.752979317455 546
-0.669784374177 0.742555649166 547
-0.681359473061 0.731948952093 548
-0.692766627097 0.72116184063 549
-0.704003024595 0.710196973636 550
-0.715065895952 0.699057053785 551
-0.725952514336 0.687744826901 552
-0.736660196361 0.676263081277 553
-0.747186302744 0.664614646989 554
-0.757528238958 0.652802395202 555
-0.767683455872 0.640829237458 556
-0.777649450377 0.62869812496 557
-0.787423766007 0.616412047844 558
-0.79700399354 0.603974034443 559
-0.806387771593 0.591387150541 560
-0.815572787208 0.578654498614 561
-0.824556776415 0.565779217069 562
-0.833337524798 0.55276447947 563
-0.841912868033 0.539613493753 564
-0.850280692428 0.526329501438 565
-0.85843893544 0.512915776829 566
-0.866385586186 0.499375626207 567
-0.874118685934 0.485712387016 568
-0.881636328594 0.471929427037 569
-0.888936661179 0.458030143563 570
-0.896017884267 0.444017962558 571
-0.902878252443 0.429896337814 572
-0.90951607473 0.415668750098 573
-0.915929715005 0.401338706296 574
-0.922117592401 0.386909738549 575
-0.928078181701 0.372385403379 576
-0.933810013709 0.357769280817 577
-0.939311675615 0.343064973515 578
-0.944581811342 0.328276105866 579
-0.94961912188 0.313406323101 580
-0.954422365609 0.298459290399 581
-0.958990358601 0.283438691977 582
-0.963321974916 0.268348230187 583
-0.967416146874 0.2531916246 584
-0.971271865324 0.237972611092 585
-0.97488817989 0.222694940919 586
-0.978264199204 0.207362379799 587
-0.981399091129 0.191978706975 588
-0.98429208296 0.176547714291 589
-0.98694246162 0.161073205256 590
-0.989349573829 0.145558994101 591
-0.991512826271 0.130008904848 592
-0.993431685737 0.114426770357 593
-0.995105679256 0.0988164313911 594
-0.996534394214 0.0831817356634 595
-0.997717478455 0.0675265368908 596
-0.998654640367 0.051854693844 597
-0.999345648952 0.0361700693962 598
-0.999790333888 0.0204765295712 599
-0.999988585567 0.00477794259013 600
-0.999940355122 -0.0109218220819 601
-0.999645654442 -0.0266188946892 602
-0.999104556166 -0.04230940614 603
-0.998317193667 -0.0579894889595 604
-0.997283761016 -0.0736552782434 605
-0.996004512941 -0.0893029126108 606
-0.994479764757 -0.104928535155 607
-0.99270989229 -0.120528294397 608
-0.990695331788 -0.136098345229 609
-0.988436579809 -0.151634849869 610
-0.985934193103 -0.167133978802 611
-0.983188788469 -0.182591911728 612
-0.980201042609 -0.198004838498 613
-0.976971691956 -0.213368960057 614
-0.973501532498 -0.228680489382 615
-0.969791419576 -0.243935652411 616
-0.965842267677 -0.259130688976 617
-0.961655050207 -0.274261853729 618
-0.957230799253 -0.289325417067 619
-0.952570605326 -0.304317666047 620
-0.947675617094 -0.319234905307 621
-0.942547041096 -0.334073457971 622
-0.937186141451 -0.34882966656 623
-0.931594239538 -0.363499893891 624
-0.925772713679 -0.378080523973 625
-0.91972299879 -0.392567962901 626
-0.913446586036 -0.40695863974 627
-0.906945022458 -0.421249007404 628
-0.900219910593 -0.435435543533 629
-0.89327290808 -0.449514751359 630
-0.886105727251 -0.463483160571 631
-0.878720134708 -0.477337328164 632
-0.871117950887 -0.491073839297 633
-0.863301049614 -0.504689308125 634
-0.855271357635 -0.518180378641 635
-0.84703085415 -0.531543725499 636
-0.838581570319 -0.544776054835 637
-0.829925588762 -0.55787410508 638
-0.821065043048 -0.570834647761 639
-0.812002117169 -0.5836544883 640
-0.802739045 -0.596330466799 641
-0.793278109747 -0.608859458821 642
-0.78362164339 -0.621238376157 643
-0.773772026101 -0.633464167592 644
-0.763731685664 -0.645533819651 645
-0.75350309687 -0.657444357347 646
-0.743088780912 -0.669192844913 647
-0.732491304764 -0.680776386522 648
-0.721713280542 -0.692192127006 649
-0.710757364868 -0.703437252558 650
-0.699626258209 -0.714508991423 651
-0.688322704217 -0.725404614584 652
-0.676849489046 -0.736121436434 653
-0.665209440672 -0.746656815439 654
-0.65340542819 -0.757008154785 655
-0.641440361113 -0.767172903025 656
-0.629317188649 -0.777148554699 657
-0.617038898977 -0.786932650962 658
-0.604608518511 -0.796522780179 659
-0.592029111153 -0.805916578529 660
-0.579303777536 -0.815111730582 661
-0.566435654264 -0.824105969872 662
-0.553427913136 -0.832897079453 663
-0.540283760364 -0.841482892451 664
-0.527006435783 -0.84986129259 665
-0.513599212054 -0.858030214723 666
-0.500065393855 -0.865987645332 667
-0.48640831707 -0.873731623032 668
-0.472631347961 -0.881260239047 669
-0.458737882344 -0.888571637687 670
-0.444731344749 -0.895664016804 671
-0.430615187577 -0.902535628232 672
-0.416392890247 -0.909184778223 673
-0.402067958342 -0.915609827861 674
-0.387643922742 -0.921809193468 675
-0.373124338753 -0.927781346994 676
-0.358512785236 -0.933524816393 677
-0.343812863718 -0.939038185987 678
-0.329028197507 -0.944320096813 679
-0.314162430802 -0.94936924696 680
-0.29921922779 -0.954184391887 681
-0.284202271745 -0.958764344735 682
-0.269115264122 -0.963107976614 683
-0.253961923639 -0.967214216883 684
-0.238745985368 -0.971082053418 685
-0.223471199808 -0.974710532854 686
-0.208141331963 -0.978098760826 687
-0.192760160415 -0.981245902186 688
-0.177331476391 -0.984151181212 689
-0.161859082829 -0.986813881796 690
-0.146346793441 -0.989233347623 691
-0.130798431774 -0.99140898233 692
-0.115217830263 -0.993340249657 693
-0.099608829292 -0.995026673576 694
-0.0839752762454 -0.996467838407 695
-0.0683210245581 -0.997663388926 696
-0.0526499327674 -0.998613030448 697
-0.0369658635614 -0.999316528899 698
-0.0212726828268 -0.999773710879 699
-0.00557425869631 -0.999984463699 700
0.010125539405 -0.999948735412 701
0.0258228417133 -0.999666534823 702
0.0415137790801 -0.999137931492 703
0.0571944839258 -0.998363055711 704
0.0728610911926 -0.997342098475 705
0.088509739298 -0.996075311435 706
0.104136571086 -0.994563006834 707
0.119737734778 -0.992805557433 708
0.135309384921 -0.990803396417 709
0.15084768334 -0.988557017289 710
0.166348800077 -0.986066973746 711
0.18180891434 -0.983333879548 712
0.197224215444 -0.98035840836 713
0.212590903751 -0.977141293592 714
0.227905191601 -0.973683328214 715
0.243163304255 -0.969985364562 716
0.258361480817 -0.966048314128 717
0.273495975166 -0.961873147337 718
0.288563056877 -0.957460893304 719
0.303559012141 -0.952812639582 720
0.318480144681 -0.947929531898 721
0.333322776662 -0.942812773862 722
0.3480832496 -0.93746362668 723
0.36275792526 -0.931883408834 724
0.377343186556 -0.926073495766 725
0.39183543844 -0.92003531953 726
0.406231108791 -0.913770368446 727
0.420526649293 -0.907280186731 728
0.43471853631 -0.900566374116 729
0.448803271756 -0.893630585455 730
0.462777383956 -0.886474530316 731
0.476637428501 -0.879099972558 732
0.4903799891 -0.871508729899 733
0.504001678419 -0.863702673465 734
0.517499138915 -0.855683727333 735
0.530869043669 -0.84745386805 736
0.5441080972 -0.839015124155 737
0.557213036281 -0.83036957567 738
0.570180630742 -0.821519353592 739
0.583007684267 -0.812466639368 740
0.595691035179 -0.803213664356 741
0.608227557223 -0.793762709274 742
0.620614160337 -0.784116103641 743
0.632847791408 -0.7742762252 744
0.644925435032 -0.764245499332 745
0.65684411425 -0.75402639846 746
0.668600891288 -0.74362144144 747
0.680192868278 -0.733033192935 748
0.691617187971 -0.722264262789 749
0.702871034446 -0.711317305383 750
0.713951633798 -0.700195018975 751
0.724856254826 -0.688900145042 752
0.735582209706 -0.677435467601 753
0.746126854652 -0.665803812521 754
0.756487590567 -0.65400804683 755
0.766661863686 -0.642051078007 756
0.776647166204 -0.629935853264 757
0.786441036893 -0.617665358823 758
0.796041061714 -0.605242619174 759
0.805444874404 -0.592670696337 760
0.814650157064 -0.579952689101 761
0.823654640732 -0.567091732262 762
0.832456105938 -0.554090995854 763
0.841052383253 -0.540953684361 764
0.849441353825 -0.527683035934 765
0.857620949898 -0.514282321586 766
0.865589155325 -0.500754844394 767
0.873344006064 -0.487103938675 768
0.88088359066 -0.473332969172 769
0.888206050721 -0.459445330222 770
0.895309581369 -0.445444444919 771
0.902192431691 -0.43133376427 772
0.908852905168 -0.417116766346 773
0.915289360095 -0.402796955422 774
0.921500209981 -0.388377861115 775
0.927483923947 -0.373863037516 776
0.933239027095 -0.35925606231 777
0.938764100881 -0.344560535895 778
0.944057783457 -0.329780080499 779
0.94911877001 -0.314918339281 780
0.953945813082 -0.299978975435 781
0.958537722881 -0.284965671291 782
0.96289336757 -0.269882127401 783
0.967011673547 -0.254732061632 784
0.970891625714 -0.239519208247 785
0.974532267719 -0.224247316985 786
0.977932702199 -0.208920152137 787
0.981092091 -0.193541491618 788
0.984009655378 -0.178115126037 789
0.986684676198 -0.162644857761 790
0.989116494108 -0.147134499977 791
0.991304509701 -0.131587875755 792
0.993248183665 -0.116008817104 793
0.994947036913 -0.100401164027 794
0.996400650703 -0.0847687635756 795
0.997608666742 -0.0691154689006 796
0.998570787271 -0.0534451383036 797
0.999286775143 -0.0377616342851 798
0.999756453877 -0.0220688225926 799
0.999979707705 -0.00637057126765 800
0.999956481597 0.00932925030712 801
0.99968678128 0.0250267723622 802
0.999170673229 0.0407181256949 803
0.998408284657 0.0563994426229 804
0.997399803483 0.0720668579379 805
0.99614547828 0.087716509858 806
0.994645618223 0.10334454098 807
0.992900593003 0.118947099229 808
0.990910832743 0.134520338809 809
0.988676827888 0.150060421153 810
0.986199129089 0.165563515863 811
0.983478347059 0.18102580166 812
0.98051515243 0.196443467324 813
0.977310275587 0.211812712633 814
0.973864506481 0.227129749298 815
0.970178694444 0.242390801901 816
0.966253747973 0.257592108823 817
0.962090634508 0.27272992317 818
0.957690380193 0.287800513699 819
0.953054069626 0.302800165737 820
0.948182845586 0.317725182095 821
0.943077908757 0.332571883981 822
0.937740517429 0.347336611908 823
0.932171987189 0.362015726592 824
0.926373690596 0.376605609852 825
0.920347056842 0.391102665502 826
0.914093571401 0.405503320236 827
0.907614775665 0.41980402451 828
0.900912266557 0.434001253416 829
0.893987696147 0.44809150755 830
0.886842771235 0.462071313877 831
0.879479252939 0.475937226585 832
0.871898956255 0.489685827936 833
0.864103749611 0.503313729107 834
0.85609555441 0.516817571025 835
0.847876344549 0.530194025196 836
0.839448145941 0.543439794527 837
0.83081303601 0.556551614134 838
0.821973143181 0.569526252152 839
0.812930646352 0.582360510527 840
0.803687774365 0.595051225809 841
0.794246805447 0.607595269926 842
0.784610066656 0.619989550962 843
0.774779933302 0.632231013913 844
0.764758828364 0.644316641442 845
0.754549221896 0.656243454624 846
0.744153630409 0.66800851368 847
0.733574616263 0.679608918699 848
0.722814787023 0.691041810357 849
0.711876794826 0.702304370618 850
0.700763335722 0.71339382343 851
0.689477149011 0.724307435411 852
0.678021016569 0.735042516519 853
0.66639776216 0.745596420719 854
0.65461025074 0.755966546632 855
0.642661387753 0.766150338179 856
0.630554118415 0.776145285207 857
0.618291426985 0.785948924115 858
0.605876336032 0.795558838451 859
0.593311905688 0.804972659517 860
0.580601232896 0.814188066948 861
0.567747450646 0.823202789284 862
0.554753727202 0.832014604533 863
0.54162326532 0.840621340714 864
0.528359301461 0.849020876398 865
0.514965104994 0.857211141224 866
0.501443977385 0.865190116416 867
0.487799251389 0.872955835277 868
0.474034290225 0.880506383674 869
0.46015248675 0.88783990051 870
0.446157262617 0.894954578185 871
0.43205206744 0.901848663037 872
0.417840377936 0.908520455778 873
0.403525697073 0.914968311911 874
0.389111553204 0.921190642138 875
0.374601499198 0.927185912748 876
0.359999111566 0.932952645997 877
0.345307989575 0.938489420471 878
0.330531754366 0.94379487144 879
0.315674048058 0.948867691189 880
0.300738532853 0.953706629345 881
0.285728890129 0.958310493183 882
0.270648819538 0.96267814792 883
0.25550203809 0.966808516994 884
0.240292279238 0.970700582332 885
0.225023291958 0.974353384597 886
0.209698839827 0.977766023431 887
0.19432270009 0.980937657667 888
0.178898662735 0.983867505547 889
0.163430529554 0.986554844907 890
0.14792211321 0.988999013358 891
0.132377236293 0.99119940845 892
0.116799730381 0.993155487818 893
0.101193435094 0.994866769318 894
0.0855621971509 0.996332831146 895
0.0699098694145 0.997553311938 896
0.0542403099484 0.998527910865 897
0.0385573810628 0.999256387703 898
0.0228649483637 0.999738562893 899
0.00716687979918 0.999974317587 900
-0.00853295529324 0.999963593674 901
-0.0242306871407 0.999706393798 902
-0.0399224464888 0.999202781354 903
-0.0556043655552 0.998452880476 904
-0.071272578983 0.997456876003 905
-0.0869232247937 0.996215013434 906
-0.102552445339 0.994727598871 907
-0.118156388251 0.992994998938 908
-0.133731207393 0.991017640695 909
-0.149273063807 0.988796011532 910
-0.164778126659 0.986330659046 911
-0.180242574185 0.98362219091 912
-0.195662594632 0.98067127472 913
-0.211034387196 0.977478637833 914
-0.226354162963 0.974045067186 915
-0.241618145838 0.970371409102 916
-0.25682257348 0.966458569082 917
-0.271963698226 0.962307511582 918
-0.287037788016 0.957919259776 919
-0.302041127316 0.953294895302 920
-0.316970018028 0.948435557996 921
-0.331820780404 0.943342445611 922
-0.346589753957 0.938016813523 923
-0.361273298355 0.93245997442 924
-0.375867794328 0.926673297979 925
-0.390369644551 0.920658210528 926
-0.404775274537 0.914416194697 927
-0.419081133515 0.907948789047 928
-0.433283695306 0.901257587697 929
-0.447379459193 0.894344239928 930
-0.461364950782 0.887210449775 931
-0.47523672286 0.87985797561 932
-0.488991356245 0.872288629708 933
-0.502625460626 0.864504277798 934
-0.516135675402 0.856506838605 935
-0.529518670508 0.848298283379 936
-0.542771147239 0.839880635403 937
-0.555889839057 0.831255969502 938
-0.568871512404 0.822426411526 939
-0.581712967491 0.813394137828 940
-0.594411039095 0.804161374727 941
-0.606962597331 0.79473039796 942
-0.61936454843 0.785103532121 943
-0.631613835497 0.775283150087 944
-0.643707439267 0.765271672436 945
-0.65564237885 0.755071566844 946
-0.667415712463 0.744685347484 947
-0.679024538155 0.734115574404 948
-0.690465994528 0.723364852893 949
-0.701737261433 0.712435832842 950
-0.712835560673 0.701331208089 951
-0.723758156686 0.690053715758 952
-0.734502357214 0.67860613558 953
-0.745065513976 0.666991289211 954
-0.755445023311 0.655212039537 955
-0.765638326828 0.643271289964 956
-0.775642912029 0.631171983709 957
-0.785456312937 0.618917103066 958
-0.795076110695 0.60650966868 959
-0.804499934167 0.593952738797 960
-0.813725460524 0.581249408511 961
-0.822750415813 0.568402809001 962
-0.831572575517 0.55541610676 963
-0.840189765107 0.542292502815 964
-0.848599860576 0.529035231937 965
-0.856800788961 0.515647561843 966
-0.864790528859 0.502132792393 967
-0.872567110917 0.488494254772 968
-0.880128618326 0.474735310676 969
-0.887473187288 0.460859351477 970
-0.894599007478 0.44686979739 971
-0.901504322487 0.432770096629 972
-0.908187430261 0.418563724558 973
-0.914646683513 0.404254182834 974
-0.920880490135 0.389844998543 975
-0.926887313587 0.375339723332 976
-0.932665673279 0.360741932533 977
-0.93821414493 0.346055224282 978
-0.943531360928 0.33128321863 979
-0.948616010657 0.316429556655 980
-0.953466840829 0.301497899561 981
-0.958082655786 0.286491927777 982
-0.962462317801 0.271415340047 983
-0.966604747352 0.256271852524 984
-0.970508923393 0.24106519785 985
-0.974173883603 0.225799124236 986
-0.977598724625 0.210477394539 987
-0.980782602287 0.195103785335 988
-0.98372473181 0.179682085986 989
-0.986424388006 0.16421609771 990
-0.988880905448 0.14870963264 991
-0.991093678643 0.133166512885 992
-0.993062162175 0.11759056959 993
-0.994785870842 0.101985641991 994
-0.996264379777 0.086355576468 995
-0.997497324549 0.070704225596 996
-0.998484401256 0.0550354471973 997
-0.999225366598 0.0393531033899 998
-0.999720037939 0.0236610596353 999
