#diff_E diff_E1_nin diff_E2_nin
0 47.9061596743 1.51604988251
1 24.8820644767 1.43771956976
2 19.0645381502 1.37763019204
3 15.7406283769 1.32797016232
4 13.5172895802 1.28528911677
5 11.9005747226 1.24768430861
6 10.660848908 1.21397284518
7 9.67421169171 1.18362174852
8 8.86700108131 1.15587718992
9 8.19228951913 1.13023216805
10 7.61858260095 1.10637113543
11 7.12386263289 1.08404745721
12 6.69222135094 1.06306427448
13 6.3118476823 1.0432616723
14 5.97376965594 1.02450778945
15 5.67103767719 1.00669248694
16 5.39817718076 0.989722731127
17 5.15081165592 0.973519157634
18 4.92539678027 0.958013467926
19 4.7190289722 0.943146425359
20 4.52930497092 0.928866290855
21 4.35421713971 0.915127586292
22 4.19207424709 0.901890105803
23 4.04144072432 0.889118117135
24 3.90108952533 0.876779710458
25 3.76996513905 0.864846262851
26 3.64715427446 0.853291994442
27 3.53186241097 0.842093597844
28 3.42339488031 0.831229926716
29 3.32114148326 0.820681732376
30 3.22456388917 0.810431439777
31 3.13318524413 0.80046295593
32 3.04658154631 0.790761505249
33 2.96437444517 0.781313487373
34 2.88622519601 0.772106353845
35 2.81182955784 0.763128500716
36 2.74091346623 0.754369174632
37 2.67322934629 0.745818390426
38 2.60855295738 0.737466858534
39 2.54668068156 0.729305920878
40 2.48742718434 0.721327494015
41 2.43062338898 0.713776486726
42 2.37611471617 0.706764137462
43 2.32375954916 0.699896775134
44 2.2734278911 0.693168816892
45 2.22500018704 0.686575010223
46 2.1783662873 0.680110406994
47 2.13342453272 0.673770340021
48 2.09008094531 0.667550401859
49 2.0482485103 0.661446425582
50 2.00784653778 0.655454467316
51 1.96880009366 0.649570790338
52 1.9310394914 0.643791850585
53 1.8944998369 0.638114283413
54 1.85912062031 0.632534891481
55 1.82484534901 0.62705063365
56 1.79162121708 0.621658614795
57 1.75939880712 0.616356076433
58 1.72813182055 0.611140388108
59 1.69777683357 0.606009039435
60 1.66829307568 0.600959632767
61 1.63964222849 0.595989876411
62 1.6117882427 0.591097578352
63 1.58469717128 0.586280640439
64 1.55833701717 0.581537052987
65 1.5326775942 0.576864889766
66 1.50769039971 0.572262303348
67 1.48334849785 0.567727520763
68 1.45962641253 0.563258839463
69 1.43650002899 0.558854623553
70 1.41394650335 0.554513300271
71 1.39194417924 0.550233356702
72 1.37047251096 0.546119189583
73 1.34951199255 0.542105484937
74 1.32904409226 0.538145771829
75 1.30905119192 0.534238829436
76 1.28951653079 0.530383480186
77 1.27042415353 0.526578587679
78 1.25175886194 0.52282305473
79 1.23350617011 0.51911582153
80 1.21565226276 0.515455863915
81 1.19818395645 0.511842191729
82 1.18108866349 0.508273847285
83 1.16435435829 0.504749903916
84 1.14796954599 0.501269464599
85 1.13192323311 0.497831660657
86 1.11620490025 0.494435650538
87 1.10080447642 0.491080618652
88 1.08571231517 0.487765774273
89 1.07091917209 0.484490350498
90 1.05641618384 0.481253603263
91 1.04219484846 0.47805481041
92 1.02824700681 0.474893270792
93 1.01456482529 0.471768303438
94 1.00114077945 0.468679246752
95 0.987967638709 0.465625457748
96 0.975038451866 0.462606311331
97 0.962346533553 0.459621199606
98 0.949885451412 0.456669531226
99 0.937649014039 0.453750730766
100 0.925631259593 0.45094665847
101 0.913826445069 0.448190560667
102 0.902229036147 0.445463833213
103 0.890833697621 0.442765994338
104 0.87963528434 0.440096574597
105 0.868628832646 0.437455116434
106 0.85780955227 0.434841173761
107 0.847172818662 0.432254311556
108 0.836714165726 0.429694105482
109 0.826429278932 0.427160141517
110 0.816313988792 0.424652015606
111 0.806364264663 0.422169333325
112 0.796576208876 0.419711709557
113 0.786946051153 0.417278768186
114 0.77747014331 0.414870141801
115 0.768144954222 0.412485471413
116 0.758967065033 0.410124406184
117 0.749933164608 0.407786603165
118 0.741040045195 0.405512763303
119 0.73228459831 0.403303378376
120 0.7236638108 0.401115970642
121 0.715174761113 0.398950229016
122 0.706814615726 0.396805849073
123 0.698580625753 0.394682532851
124 0.690470123698 0.39257998865
125 0.682480520366 0.390497930852
126 0.674609301915 0.388436079739
127 0.666854027032 0.386394161317
128 0.659212324245 0.384371907155
129 0.651681889356 0.382369054222
130 0.644260482976 0.380385344734
131 0.63694592818 0.378420526004
132 0.629736108262 0.376474350298
133 0.62262896458 0.3745465747
134 0.615622494503 0.372636960978
135 0.60871474944 0.370745275453
136 0.601903832953 0.368871288878
137 0.595187898952 0.367014776317
138 0.588565149965 0.365175517031
139 0.582033835474 0.363353294362
140 0.575592250328 0.361575040006
141 0.569238733217 0.359910982158
142 0.562971665207 0.358261724298
143 0.556789468335 0.356627086965
144 0.550690604263 0.355006893901
145 0.54467357298 0.353400971971
146 0.538736911563 0.351809151081
147 0.532879192977 0.350231264103
148 0.527099024932 0.348667146803
149 0.52139504878 0.347116637767
150 0.515765938448 0.345579578332
151 0.510210399428 0.344055812521
152 0.504727167785 0.342545186975
153 0.499315009222 0.341047550895
154 0.493972718166 0.339562755975
155 0.488699116894 0.338090656348
156 0.483493054695 0.336631108526
157 0.478353407053 0.335183971348
158 0.47327907487 0.333749105921
159 0.468268983709 0.332326375572
160 0.463322083075 0.330915645797
161 0.458437345709 0.32951678421
162 0.453613766915 0.328129660498
163 0.448850363912 0.326754146373
164 0.444146175207 0.325390115528
165 0.439500259983 0.324037443592
166 0.434911697522 0.32269600809
167 0.430379586639 0.321365688402
168 0.425903045136 0.320046365719
169 0.421481209275 0.318737923012
170 0.417113233275 0.317440244984
171 0.412798288816 0.316153218043
172 0.408535564569 0.314880901113
173 0.404324265734 0.313644113578
174 0.400163613599 0.312417070095
175 0.396052845112 0.311199673592
176 0.391991212467 0.309991828346
177 0.387977982702 0.308793439958
178 0.384012437309 0.307604415327
179 0.380093871868 0.30642466262
180 0.376221595671 0.305254091253
181 0.372394931383 0.304092611861
182 0.368613214693 0.302940136281
183 0.364875793989 0.301796577521
184 0.361182030037 0.300661849745
185 0.357531295674 0.299535868245
186 0.353922975505 0.298418549426
187 0.350356465616 0.297309810778
188 0.346831173292 0.296209570862
189 0.343346516744 0.295117749287
190 0.339901924844 0.294052004512
191 0.336496836868 0.293027718771
192 0.333130702251 0.29201114844
193 0.32980298034 0.291002222212
194 0.326513140166 0.290000869668
195 0.323260660212 0.28900702126
196 0.320045028195 0.288020608297
197 0.316865740853 0.287068630285
198 0.313722303733 0.286144464216
199 0.310614230993 0.285227369427
200 0.307541045205 0.284317278904
201 0.304502277166 0.283414126472
202 0.301497465708 0.282517846776
203 0.298526157526 0.281628375271
204 0.295587906996 0.280745648207
205 0.29268227601 0.279869602615
206 0.289808833809 0.279000176294
207 0.286967156824 0.278137307799
208 0.284156828518 0.277280936427
209 0.281377439234 0.276431002208
210 0.278628586052 0.27558744589
211 0.275909872638 0.274750208927
212 0.27322090911 0.273919233472
213 0.270561311902 0.273094462359
214 0.267930703626 0.272275839098
215 0.265328712949 0.271463307863
216 0.262754974465 0.270656813479
217 0.260209128575 0.269856301412
218 0.257690821363 0.269061717764
219 0.255199704486 0.268273009257
220 0.252735435057 0.267490123225
221 0.250297675538 0.266713007608
222 0.247886093628 0.265941610939
223 0.245500362167 0.265197831877
224 0.243140159023 0.264492677912
225 0.240805167003 0.263792949546
226 0.238495073751 0.26309859779
227 0.236209571653 0.262409574211
228 0.233948357747 0.261725830919
229 0.231711133634 0.26104732056
230 0.229497605388 0.26037399631
231 0.227307483472 0.259705811864
232 0.225140482653 0.259042721432
233 0.222996321923 0.258384679728
234 0.22087472442 0.257731641967
235 0.218775417345 0.257083563851
236 0.216698131894 0.256440401571
237 0.214642603179 0.255802111791
238 0.212608570157 0.25516865165
239 0.210595775559 0.254539978747
240 0.208603965824 0.25391605114
241 0.206632891028 0.253296827339
242 0.20468230482 0.252682266296
243 0.202751964358 0.252072327405
244 0.200841630246 0.251466970489
245 0.198951066473 0.2508661558
246 0.197080040352 0.25026984401
247 0.195228322463 0.249677996205
248 0.193395686595 0.249090573882
249 0.191581909689 0.248507538941
250 0.189786771784 0.24792885368
251 0.188010055965 0.247354480789
252 0.186251548307 0.24678438335
253 0.184511037827 0.246218524822
254 0.182788316433 0.245656869045
255 0.181083178873 0.245099380232
256 0.179395422692 0.244546022962
257 0.177724848178 0.243996762177
258 0.176071258321 0.243451563179
259 0.174434458766 0.24291039162
260 0.172814257771 0.242373213505
261 0.171210466161 0.241839995181
262 0.169622897287 0.241310703335
263 0.168051366985 0.240785304991
264 0.166495693535 0.240263767505
265 0.164955697622 0.239746058557
266 0.163431202295 0.239232146154
267 0.161922032932 0.238721998619
268 0.160428017199 0.238215584591
269 0.158948985019 0.237712873022
270 0.157484768528 0.237213833169
271 0.156035202047 0.236718434593
272 0.154600122046 0.236226647156
273 0.153179367107 0.235738441013
274 0.151772777895 0.235253786614
275 0.150380197121 0.234772654698
276 0.149001469515 0.234295016288
277 0.147636441792 0.233820842689
278 0.146284962623 0.233350105485
279 0.144946882601 0.232882776535
280 0.143622054219 0.23241882797
281 0.142310331832 0.231958232188
282 0.141011571636 0.231500961856
283 0.139725631636 0.231046989898
284 0.138452371623 0.230596289502
285 0.13719165314 0.230148834109
286 0.135943339464 0.229704597414
287 0.134707295573 0.229263553362
288 0.133483388127 0.228825676146
289 0.132271485439 0.228390940202
290 0.13107145745 0.227959320208
291 0.12988317571 0.22753079108
292 0.128706513348 0.227105327971
293 0.127541345053 0.226682906267
294 0.126387547052 0.226263501583
295 0.125244997085 0.225847089764
296 0.124113574384 0.225433646879
297 0.122993159652 0.225023149219
298 0.121883635041 0.224615573298
299 0.120784884133 0.224210895845
300 0.119696791918 0.223809093805
301 0.118619244774 0.223410144337
302 0.117552130449 0.223014024808
303 0.116495338038 0.222620712796
304 0.115448757969 0.222230186083
305 0.11441228198 0.221842422654
306 0.113385803103 0.221457400697
307 0.112369215645 0.221075098599
308 0.111362415171 0.220695494942
309 0.110365298486 0.220318568505
310 0.109377763618 0.219944298257
311 0.108399709799 0.21957266336
312 0.107431037454 0.219203643163
313 0.106471648178 0.218837217202
314 0.105521444726 0.218473365196
315 0.10458033099 0.218112067048
316 0.103648211993 0.217753302841
317 0.102724993865 0.217397052837
318 0.101810583833 0.217043297472
319 0.100904890203 0.216692017359
320 0.100007822349 0.216343193284
321 0.0991192906972 0.215996806203
322 0.0982392067094 0.215652837242
323 0.097367482873 0.215311267692
324 0.0965040326855 0.214972079013
325 0.0956487706409 0.214635252826
326 0.0948016122175 0.214300770917
327 0.0939624738638 0.21396861523
328 0.0931312729865 0.213638767868
329 0.0923079279376 0.213311211093
330 0.091492358002 0.21298592732
331 0.0906844833856 0.212662899121
332 0.0898842252029 0.212342109216
333 0.0890915054651 0.212023540481
334 0.0883062470691 0.211707175936
335 0.0875283737853 0.211392998752
336 0.086757810247 0.211080992245
337 0.0859944819386 0.210771139876
338 0.085238315185 0.210463425249
339 0.0844892371411 0.210157832109
340 0.0837471757805 0.209854344342
341 0.0830120598856 0.209552945974
342 0.0822838190373 0.209253621166
343 0.0815623836043 0.208956354216
344 0.0808476847338 0.208661129559
345 0.0801396543412 0.208367931759
346 0.0794382251004 0.208076745515
347 0.0787433304346 0.207787555657
348 0.0780549045065 0.207500347142
349 0.0773728822092 0.207215105058
350 0.0766971991572 0.206931814617
351 0.0760277916768 0.206650461159
352 0.0753645967981 0.206371030146
353 0.0747075522456 0.206093507166
354 0.0740565964295 0.205817877925
355 0.073411668438 0.205544128254
356 0.0727727080278 0.205272244101
357 0.072139655617 0.205002211532
358 0.0715124522759 0.204734016731
359 0.0708910397197 0.204495036371
360 0.0702753603003 0.204284031194
361 0.0696653569987 0.20407835866
362 0.0690609734169 0.203873964835
363 0.0684621537708 0.203670841227
364 0.0678688428824 0.203468979409
365 0.0672809861726 0.203268371015
366 0.0666985296539 0.203069007743
367 0.0661214199233 0.202870881348
368 0.065549604155 0.20267398365
369 0.0649830300936 0.202478306524
370 0.0644216460474 0.20228384191
371 0.0638654008813 0.202090581802
372 0.0633142440104 0.201898518255
373 0.0627681253931 0.201707643383
374 0.0622269955249 0.201517949354
375 0.061690805432 0.201329428396
376 0.0611595066645 0.201142072792
377 0.0606330512909 0.200955874882
378 0.0601113918914 0.20077082706
379 0.059594481552 0.200586921777
380 0.0590822738584 0.200404151537
381 0.0585747228904 0.200222508898
382 0.0580717832158 0.200041986473
383 0.0575734098847 0.199862576927
384 0.0570795584239 0.199684272979
385 0.0565901848313 0.199507067399
386 0.0561052455702 0.19933095301
387 0.0556246975642 0.199155922685
388 0.0551484981914 0.198981969349
389 0.0546766052794 0.198809085979
390 0.0542089771001 0.198637265599
391 0.0537455723643 0.198466501285
392 0.0532863502168 0.198296786162
393 0.052831270231 0.198128113405
394 0.0523802924046 0.197960476234
395 0.0519333771542 0.197793867921
396 0.0514904853105 0.197628281783
397 0.0510515781137 0.197463711188
398 0.0506166172087 0.197300149546
399 0.0501855646403 0.197137590318
