#diff_E diff_E1_nin diff_E2_nin
0 64.8653888055 1.57364617434
1 38.4066645483 1.54356625486
2 31.952706918 1.51850010994
3 27.9062233521 1.49657520959
4 25.0195846868 1.47689056543
5 22.8129159602 1.45891840555
6 21.0501270054 1.44231440318
7 19.5978822661 1.42683776053
8 18.3737630606 1.41231163779
9 17.3234409126 1.3986013355
10 16.4093294032 1.38560129765
11 15.6044227591 1.37322690145
12 14.8887175459 1.36140902572
13 14.247020723 1.3500903208
14 13.6675474326 1.33922256638
15 13.1409910927 1.3287647508
16 12.6598876567 1.31868164333
17 12.2181695043 1.30894271227
18 11.8108452431 1.29952129134
19 11.4337652912 1.29039392764
20 11.0834472313 1.28153986504
21 10.7569436562 1.27294062988
22 10.4517407608 1.2645796952
23 10.1656795447 1.25644220613
24 9.89689387877 1.24851475308
25 9.64376132088 1.24078518312
26 9.40486368187 1.23324244184
27 9.17895513209 1.22587643997
28 8.96493619824 1.21867794003
29 8.76183240405 1.21163845961
30 8.56877660413 1.20475018825
31 8.38499427789 1.19800591576
32 8.20979121418 1.19139897004
33 8.04254313997 1.18492316294
34 7.88268693997 1.17857274288
35 7.72971318672 1.17234235334
36 7.58315975557 1.16622699618
37 7.44260634332 1.16022199927
38 7.307669743 1.15432298777
39 7.17799975446 1.14852585858
40 7.05327563218 1.1428267575
41 6.93320298872 1.13722205881
42 6.81751108638 1.13170834699
43 6.70595046091 1.12628240019
44 6.59829083006 1.1209411754
45 6.49431924768 1.11568179502
46 6.39383846986 1.11050153464
47 6.2966655051 1.10539781207
48 6.20263032435 1.10036817724
49 6.1115747107 1.09541030305
50 6.023351231 1.09052197702
51 5.93782231464 1.08570109363
52 5.85485942645 1.08094564734
53 5.77434232253 1.07625372613
54 5.69615837953 1.07162350559
55 5.62020198879 1.0670532435
56 5.54637400819 1.06254127479
57 5.47458126533 1.05808600693
58 5.40473610634 1.05368591562
59 5.33675598564 1.04933954084
60 5.27056309217 1.04504548319
61 5.20608400843 1.04080240043
62 5.14324939895 1.03660900438
63 5.08199372525 1.03246405791
64 5.02225498463 1.02836637221
65 4.96397447055 1.02431480426
66 4.90709655246 1.0203082544
67 4.8515684733 1.01634566411
68 4.79734016295 1.01242601394
69 4.74436406627 1.00854832152
70 4.6925949843 1.00471163978
71 4.6419899275 1.00091505515
72 4.59250798 0.997157686055
73 4.54411017381 0.993438681299
74 4.49675937225 0.989757218702
75 4.45042016169 0.98611250374
76 4.40505875104 0.982503768282
77 4.36064287824 0.978930269404
78 4.31714172324 0.975391288263
79 4.27452582692 0.971886129039
80 4.23276701551 0.968414117936
81 4.19183833002 0.964974602233
82 4.15171396034 0.961566949393
83 4.11236918365 0.95819054621
84 4.0737803068 0.954844798015
85 4.0359246123 0.951529127909
86 3.99878030782 0.948242976045
87 3.96232647872 0.944985798944
88 3.92654304361 0.941757068844
89 3.89141071253 0.938556273086
90 3.85691094772 0.935382913524
91 3.82302592669 0.932236505969
92 3.78973850747 0.929116579658
93 3.75703219592 0.926022676749
94 3.72489111488 0.922954351838
95 3.69329997517 0.919911171504
96 3.66224404811 0.916892713868
97 3.63170913969 0.913898568174
98 3.60168156615 0.910928334399
99 3.57214813082 0.907989940507
100 3.54309610237 0.905086019667
101 3.51451319409 0.902204699189
102 3.48638754435 0.899345620424
103 3.45870769811 0.896508433674
104 3.43146258933 0.893692797885
105 3.40464152437 0.890898380358
106 3.37823416617 0.888124856472
107 3.35223051932 0.885371909415
108 3.32662091581 0.882639229932
109 3.30139600152 0.879934668214
110 3.27654672342 0.877251237413
111 3.25206431731 0.874587112344
112 3.22794029628 0.871942012346
113 3.20416643961 0.869315663177
114 3.18073478226 0.866707796813
115 3.15763760488 0.86411815126
116 3.13486742424 0.861546470366
117 3.11241698414 0.858992503648
118 3.09027924676 0.856456006118
119 3.06844738432 0.853936738123
120 3.04691477125 0.851434465185
121 3.02567497661 0.848948957851
122 3.0047217569 0.846479991545
123 2.98404904916 0.84402734643
124 2.96365096443 0.84159080727
125 2.94352178143 0.8391701633
126 2.92365594054 0.836765208101
127 2.9040480381 0.834375739476
128 2.88469282081 0.832001559336
129 2.86558518054 0.829642473584
130 2.84672014925 0.827298292008
131 2.82809289411 0.824968828174
132 2.80969871294 0.822653899323
133 2.7915330297 0.820353326278
134 2.77359139025 0.818066933342
135 2.75586945826 0.81579454821
136 2.73836301128 0.813536001881
137 2.72106793697 0.811291128567
138 2.7039802295 0.809059765617
139 2.68709598604 0.806841753432
140 2.67041140348 0.804636935387
141 2.65392277514 0.802445157759
142 2.63762648778 0.80026626965
143 2.62151901855 0.798100122919
144 2.60559693221 0.795946572116
145 2.58985687834 0.793805474409
146 2.57429558872 0.791676689525
147 2.55890987478 0.789560079688
148 2.54369662517 0.787455509556
149 2.52865280338 0.785362846164
150 2.51377544551 0.783281958867
151 2.49906165804 0.781212719286
152 2.48450861574 0.779155001253
153 2.47011355967 0.77710868076
154 2.45587379517 0.775073635911
155 2.44178669 0.773049746867
156 2.42784967253 0.771036895807
157 2.41406022996 0.769034966876
158 2.40041590663 0.767043846141
159 2.38691430238 0.765063421552
160 2.37355307099 0.763093582892
161 2.36032991863 0.761134221746
162 2.3472426024 0.759185231452
163 2.33428892889 0.757246507068
164 2.32146675282 0.755317945333
165 2.30877397572 0.753399444628
166 2.29620854459 0.751490904944
167 2.28376845074 0.749592227846
168 2.27145172851 0.74770331644
169 2.25925645416 0.745824075336
170 2.2471807447 0.743954410624
171 2.23522275686 0.742094229836
172 2.22338068597 0.740243441919
173 2.21165276499 0.738401957204
174 2.2000372635 0.73656968738
175 2.18853248676 0.734746545464
176 2.17713677475 0.732932445772
177 2.16584850132 0.731127303897
178 2.15466607327 0.729331036682
179 2.14358792956 0.727543562191
180 2.13261254045 0.725764799689
181 2.12173840674 0.723994669615
182 2.11096405896 0.722233093563
183 2.10028805669 0.720479994254
184 2.08970898778 0.718735295516
185 2.07922546768 0.716998922265
186 2.06883613876 0.71527080048
187 2.05853966962 0.713550857185
188 2.04833475452 0.711839020426
189 2.03822011267 0.710135219258
190 2.02819448769 0.708439383716
191 2.01825664701 0.706751444805
192 2.00840538129 0.705071334479
193 1.99863950388 0.703398985621
194 1.98895785029 0.701734332028
195 1.97935927764 0.700077308395
196 1.96984266419 0.698427850295
197 1.96040690882 0.696785894166
198 1.95105093057 0.695151377294
199 1.94177366817 0.693524237797
200 1.93257407959 0.691904414613
201 1.92345114159 0.69029184748
202 1.91440384931 0.688686476925
203 1.90543121582 0.68708824425
204 1.89653227179 0.68549709152
205 1.887706065 0.683912961542
206 1.87895166003 0.682335797863
207 1.87026813787 0.680765544746
208 1.86165459552 0.679202147167
209 1.8531101457 0.677645550795
210 1.84463391647 0.676103700819
211 1.83622505088 0.67457779278
212 1.82788270669 0.673058411609
213 1.81960605601 0.671545506707
214 1.81139428502 0.670039028102
215 1.80324659365 0.668538926435
216 1.79516219532 0.667045152954
217 1.78714031659 0.665557659498
218 1.77918019696 0.664079501696
219 1.77128108853 0.662619385945
220 1.76344225579 0.661165328822
221 1.75566297534 0.659717285064
222 1.74794253561 0.658275209945
223 1.74028023667 0.656839059273
224 1.73267538996 0.655408789375
225 1.72512731806 0.653984357093
226 1.71763535445 0.652565719775
227 1.71019884332 0.651159195742
228 1.70281713934 0.649759034271
229 1.69548960743 0.648364502179
230 1.68821562258 0.646975559142
231 1.68099456964 0.645595488596
232 1.67382584312 0.644225546646
233 1.66670884701 0.642861059873
234 1.65964299456 0.641501989796
235 1.65262770817 0.640148298363
236 1.64566241912 0.63879994795
237 1.63874656747 0.637456901354
238 1.63187960184 0.636119121786
239 1.6250609793 0.634786572861
240 1.61829016513 0.633459603072
241 1.61156663275 0.632141880454
242 1.60488986348 0.630829266319
243 1.59825934647 0.629521725902
244 1.5916745785 0.628219224817
245 1.58513506383 0.626921729048
246 1.5786403141 0.625629204946
247 1.57218984817 0.624341619223
248 1.56578319198 0.623058938947
249 1.55941987843 0.621781131534
250 1.55309944725 0.620508164748
251 1.54682144485 0.619240006691
252 1.54058542424 0.617976625801
253 1.53439094488 0.616717990847
254 1.52823757257 0.615464070921
255 1.52212487934 0.61421483544
256 1.51605244332 0.612970254134
257 1.51001984866 0.611730297046
258 1.50402668539 0.610496104737
259 1.49807254934 0.609269685042
260 1.49215704202 0.608047794565
261 1.48627977052 0.606830404601
262 1.48044034745 0.605617486732
263 1.47463839076 0.604409012828
264 1.46887352373 0.60320495504
265 1.46314537485 0.602005285798
266 1.45745357769 0.600809977806
267 1.45179777087 0.599619004039
268 1.44617759794 0.598432337738
269 1.44059270731 0.597249952409
270 1.43504275214 0.596071821815
271 1.4295273903 0.594897919977
272 1.42404628425 0.593728221169
273 1.41859910099 0.592562699914
274 1.41318551197 0.59140133098
275 1.40780519301 0.59024408938
276 1.40245782426 0.589090950363
277 1.39714309007 0.587941889419
278 1.39186067897 0.586796882267
279 1.38661028357 0.585655904859
280 1.38139160053 0.584518933373
281 1.37620433044 0.583385944211
282 1.37104817779 0.582256913997
283 1.36592285091 0.581131819572
284 1.3608280619 0.580010637996
285 1.35576352653 0.578893346538
286 1.35072896427 0.57777992268
287 1.34572409813 0.576670344109
288 1.34074865466 0.575564588719
289 1.33580236391 0.574462634605
290 1.3308849593 0.573364460061
291 1.32599617765 0.572270043581
292 1.32113575907 0.571179363849
293 1.31630344692 0.570092399747
294 1.31149898779 0.569009130342
295 1.30672213139 0.56792953489
296 1.30197263056 0.566853592833
297 1.29725024119 0.565781283796
298 1.29255472217 0.564712587582
299 1.28788583536 0.563647484176
300 1.28324334553 0.562585953737
301 1.27862702032 0.561527976599
302 1.2740366302 0.560473533266
303 1.26947194842 0.559422604415
304 1.26493275098 0.558375170889
305 1.26041881655 0.557331213696
306 1.2559299265 0.55629071401
307 1.25146586478 0.555253653165
308 1.24702641793 0.554220012656
309 1.24261137504 0.553189774135
310 1.23822052769 0.552162919411
311 1.23385366992 0.551139430448
312 1.2295105982 0.55011928936
313 1.2251911114 0.549102478415
314 1.22089501072 0.548088980027
315 1.21662209971 0.547078776759
316 1.21237218419 0.546071851319
317 1.20814507223 0.545068186559
318 1.20394057412 0.544067765472
319 1.19975850235 0.543070571194
320 1.19559867156 0.542076586996
321 1.19146089849 0.541085796291
322 1.18734500201 0.540098182623
323 1.18325080303 0.539113729675
324 1.17917812449 0.538132421259
325 1.17512679136 0.537154241319
326 1.17109663055 0.53617917393
327 1.16708747095 0.535207203295
328 1.16309914334 0.534238313741
329 1.15913148042 0.533272489725
330 1.15518431673 0.532309715824
331 1.15125748867 0.531349976739
332 1.14735083445 0.530393257294
333 1.14346419405 0.529439542429
334 1.13959740923 0.528488817208
335 1.13575032349 0.527541066806
336 1.13192278204 0.52659627652
337 1.12811463176 0.525654756784
338 1.12432572124 0.52471687974
339 1.12055590068 0.523781915031
340 1.11680502191 0.522849848412
341 1.11307293837 0.52192066575
342 1.10935950507 0.520994353018
343 1.10566457856 0.520070896299
344 1.10198801695 0.519150281781
345 1.09832967986 0.518232495757
346 1.09468942839 0.517317524625
347 1.09106712513 0.516405354886
348 1.08746263411 0.515495973142
349 1.08387582081 0.514589366096
350 1.0803065521 0.513685520552
351 1.07675469627 0.512784423412
352 1.07322012299 0.511886061675
353 1.06970270326 0.510990422438
354 1.06620230946 0.510097492892
355 1.06271881526 0.509207260324
356 1.05925209566 0.508319712115
357 1.05580202694 0.507434835737
358 1.05236848665 0.506552618756
359 1.04895135361 0.505673048828
360 1.04555050786 0.504796113697
361 1.04216583067 0.503921801199
362 1.03879720454 0.503050099256
363 1.03544451312 0.502180995879
364 1.03210764127 0.501314479164
365 1.02878647501 0.500453388792
366 1.02548090149 0.499597788663
367 1.022190809 0.498744704437
368 1.01891608696 0.497894124749
369 1.01565662587 0.497046038316
370 1.01241231734 0.496200433934
371 1.00918305404 0.495357300476
372 1.00596872973 0.494516626895
373 1.00276923918 0.493678402223
374 0.999584478235 0.492842615565
375 0.996414343731 0.492009256104
376 0.993258733532 0.491178313097
377 0.990117546495 0.490349775878
378 0.986990682464 0.489523633852
379 0.983878042254 0.488699876497
380 0.980779527643 0.487878493364
381 0.977695041357 0.487059474077
382 0.974624487061 0.486242808328
383 0.971567769345 0.485428485882
384 0.968524793714 0.48461649657
385 0.965495466578 0.483806830296
386 0.962479695239 0.482999477029
387 0.95947738788 0.482194426807
388 0.956488453557 0.481391669735
389 0.953512802186 0.480591195983
390 0.950550344533 0.479792995788
391 0.947600992205 0.478997059452
392 0.944664657639 0.47820337734
393 0.941741254093 0.477411939882
394 0.938830695633 0.476622737571
395 0.935932897128 0.475835760963
396 0.933047774238 0.475051000676
397 0.930175243405 0.474268447387
398 0.927315221843 0.473488091839
399 0.924467627532 0.47270992483
