#diff_E diff_E1_nin diff_E2_nin
0 1.98998927775
1 1.70424347889
2 1.53613797305
3 1.41572984921
4 1.33081788097
5 1.26778908748
6 1.22501609294
7 1.19642613163
8 1.17654416519
9 1.16092914665
10 1.14863518576
11 1.13893778975
12 1.13127697721
13 1.12521727733
14 1.120418619
15 1.11661463158
16 1.11359620318
17 1.11119888292
18 1.1092931548
19 1.10777688897
20 1.10656946094
21 1.1056071576
22 1.10483958108
23 1.10422682882
24 1.10373727938
25 1.10334585167
26 1.10303263496
27 1.10278180952
28 1.10258079544
29 1.1024195808
30 1.10229019092
31 1.10218626861
32 1.10210274209
33 1.1020355618
34 1.10198149189
35 1.10193794469
36 1.10190284929
37 1.10187454711
38 1.10185170882
39 1.10183326818
40 1.10181836939
41 1.10180632502
42 1.10179658257
43 1.10178869761
44 1.10178231247
45 1.10177713905
46 1.10177294518
47 1.10176954364
48 1.10176678334
49 1.10176454229
50 1.10176272195
51 1.10176124263
52 1.10176003991
53 1.10175906163
54 1.10175826556
55 1.10175761749
56 1.10175708969
57 1.10175665967
58 1.10175630917
59 1.10175602338
60 1.10175579027
61 1.10175560005
62 1.10175544479
63 1.10175531802
64 1.10175521446
65 1.10175512986
66 1.1017550607
67 1.10175500417
68 1.10175495793
69 1.10175492011
70 1.10175488916
71 1.10175486383
72 1.10175484309
73 1.1017548261
74 1.10175481219
75 1.1017548008
76 1.10175479145
77 1.1017547838
78 1.10175477752
79 1.10175477237
80 1.10175476815
81 1.10175476469
82 1.10175476185
83 1.10175475951
84 1.1017547576
85 1.10175475603
86 1.10175475474
87 1.10175475368
88 1.10175475281
89 1.10175475209
90 1.1017547515
91 1.10175475102
92 1.10175475062
93 1.1017547503
94 1.10175475003
95 1.10175474981
96 1.10175474963
97 1.10175474948
98 1.10175474936
99 1.10175474926
100 1.10175474917
101 1.1017547491
102 1.10175474905
103 1.101754749
104 1.10175474896
105 1.10175474893
106 1.10175474891
107 1.10175474889
108 1.10175474887
109 1.10175474885
110 1.10175474884
111 1.10175474883
112 1.10175474882
113 1.10175474882
114 1.10175474881
115 1.10175474881
116 1.1017547488
117 1.1017547488
118 1.1017547488
119 1.1017547488
120 1.10175474879
121 1.10175474879
122 1.10175474879
123 1.10175474879
124 1.10175474879
125 1.10175474879
126 1.10175474879
127 1.10175474879
128 1.10175474879
129 1.10175474879
130 1.10175474879
131 1.10175474879
132 1.10175474879
133 1.10175474879
134 1.10175474879
135 1.10175474879
136 1.10175474879
137 1.10175474879
138 1.10175474879
139 1.10175474879
140 1.10175474879
141 1.10175474879
142 1.10175474879
143 1.10175474879
144 1.10175474879
145 1.10175474879
146 1.10175474879
147 1.10175474879
148 1.10175474879
149 1.10175474879
150 1.10175474879
151 1.10175474879
152 1.10175474879
153 1.10175474879
154 1.10175474879
155 1.10175474879
156 1.10175474879
157 1.10175474879
158 1.10175474879
159 1.10175474879
160 1.10175474879
161 1.10175474879
162 1.10175474879
163 1.10175474879
164 1.10175474879
165 1.10175474879
166 1.10175474879
167 1.10175474879
168 1.10175474879
169 1.10175474879
170 1.10175474879
171 1.10175474879
172 1.10175474879
173 1.10175474879
174 1.10175474879
175 1.10175474879
176 1.10175474879
177 1.10175474879
178 1.10175474879
179 1.10175474879
180 1.10175474879
181 1.10175474879
182 1.10175474879
183 1.10175474879
184 1.10175474879
185 1.10175474879
186 1.10175474879
187 1.10175474879
188 1.10175474879
189 1.10175474879
190 1.10175474879
191 1.10175474879
192 1.10175474879
193 1.10175474879
194 1.10175474879
195 1.10175474879
196 1.10175474879
197 1.10175474879
198 1.10175474879
199 1.10175474879
200 1.10175474879
201 1.10175474879
202 1.10175474879
203 1.10175474879
204 1.10175474879
205 1.10175474879
206 1.10175474879
207 1.10175474879
208 1.10175474879
209 1.10175474879
210 1.10175474879
211 1.10175474879
212 1.10175474879
213 1.10175474879
214 1.10175474879
215 1.10175474879
216 1.10175474879
217 1.10175474879
218 1.10175474879
219 1.10175474879
220 1.10175474879
221 1.10175474879
222 1.10175474879
223 1.10175474879
224 1.10175474879
225 1.10175474879
226 1.10175474879
227 1.10175474879
228 1.10175474879
229 1.10175474879
230 1.10175474879
231 1.10175474879
232 1.10175474879
233 1.10175474879
234 1.10175474879
235 1.10175474879
236 1.10175474879
237 1.10175474879
238 1.10175474879
239 1.10175474879
240 1.10175474879
241 1.10175474879
242 1.10175474879
243 1.10175474879
244 1.10175474879
245 1.10175474879
246 1.10175474879
247 1.10175474879
248 1.10175474879
249 1.10175474879
250 1.10175474879
251 1.10175474879
252 1.10175474879
253 1.10175474879
254 1.10175474879
255 1.10175474879
256 1.10175474879
257 1.10175474879
258 1.10175474879
259 1.10175474879
260 1.10175474879
261 1.10175474879
262 1.10175474879
263 1.10175474879
264 1.10175474879
265 1.10175474879
266 1.10175474879
267 1.10175474879
268 1.10175474879
269 1.10175474879
270 1.10175474879
271 1.10175474879
272 1.10175474879
273 1.10175474879
274 1.10175474879
275 1.10175474879
276 1.10175474879
277 1.10175474879
278 1.10175474879
279 1.10175474879
280 1.10175474879
281 1.10175474879
282 1.10175474879
283 1.10175474879
284 1.10175474879
285 1.10175474879
286 1.10175474879
287 1.10175474879
288 1.10175474879
289 1.10175474879
290 1.10175474879
291 1.10175474879
292 1.10175474879
293 1.10175474879
294 1.10175474879
295 1.10175474879
296 1.10175474879
297 1.10175474879
298 1.10175474879
299 1.10175474879
300 1.10175474879
301 1.10175474879
302 1.10175474879
303 1.10175474879
304 1.10175474879
305 1.10175474879
306 1.10175474879
307 1.10175474879
308 1.10175474879
309 1.10175474879
310 1.10175474879
311 1.10175474879
312 1.10175474879
313 1.10175474879
314 1.10175474879
315 1.10175474879
316 1.10175474879
317 1.10175474879
318 1.10175474879
319 1.10175474879
320 1.10175474879
321 1.10175474879
322 1.10175474879
323 1.10175474879
324 1.10175474879
325 1.10175474879
326 1.10175474879
327 1.10175474879
328 1.10175474879
329 1.10175474879
330 1.10175474879
331 1.10175474879
332 1.10175474879
333 1.10175474879
334 1.10175474879
335 1.10175474879
336 1.10175474879
337 1.10175474879
338 1.10175474879
339 1.10175474879
340 1.10175474879
341 1.10175474879
342 1.10175474879
343 1.10175474879
344 1.10175474879
345 1.10175474879
346 1.10175474879
347 1.10175474879
348 1.10175474879
349 1.10175474879
350 1.10175474879
351 1.10175474879
352 1.10175474879
353 1.10175474879
354 1.10175474879
355 1.10175474879
356 1.10175474879
357 1.10175474879
358 1.10175474879
359 1.10175474879
360 1.10175474879
361 1.10175474879
362 1.10175474879
363 1.10175474879
364 1.10175474879
365 1.10175474879
366 1.10175474879
367 1.10175474879
368 1.10175474879
369 1.10175474879
370 1.10175474879
371 1.10175474879
372 1.10175474879
373 1.10175474879
374 1.10175474879
375 1.10175474879
376 1.10175474879
377 1.10175474879
378 1.10175474879
379 1.10175474879
380 1.10175474879
381 1.10175474879
382 1.10175474879
383 1.10175474879
384 1.10175474879
385 1.10175474879
386 1.10175474879
387 1.10175474879
388 1.10175474879
389 1.10175474879
390 1.10175474879
391 1.10175474879
392 1.10175474879
393 1.10175474879
394 1.10175474879
395 1.10175474879
396 1.10175474879
397 1.10175474879
398 1.10175474879
399 1.10175474879
400 1.10175474879
401 1.10175474879
402 1.10175474879
403 1.10175474879
404 1.10175474879
405 1.10175474879
406 1.10175474879
407 1.10175474879
408 1.10175474879
409 1.10175474879
410 1.10175474879
411 1.10175474879
412 1.10175474879
413 1.10175474879
414 1.10175474879
415 1.10175474879
416 1.10175474879
417 1.10175474879
418 1.10175474879
419 1.10175474879
420 1.10175474879
421 1.10175474879
422 1.10175474879
423 1.10175474879
424 1.10175474879
425 1.10175474879
426 1.10175474879
427 1.10175474879
428 1.10175474879
429 1.10175474879
430 1.10175474879
431 1.10175474879
432 1.10175474879
433 1.10175474879
434 1.10175474879
435 1.10175474879
436 1.10175474879
437 1.10175474879
438 1.10175474879
439 1.10175474879
440 1.10175474879
441 1.10175474879
442 1.10175474879
443 1.10175474879
444 1.10175474879
445 1.10175474879
446 1.10175474879
447 1.10175474879
448 1.10175474879
449 1.10175474879
450 1.10175474879
451 1.10175474879
452 1.10175474879
453 1.10175474879
454 1.10175474879
455 1.10175474879
456 1.10175474879
457 1.10175474879
458 1.10175474879
459 1.10175474879
460 1.10175474879
461 1.10175474879
462 1.10175474879
463 1.10175474879
464 1.10175474879
465 1.10175474879
466 1.10175474879
467 1.10175474879
468 1.10175474879
469 1.10175474879
470 1.10175474879
471 1.10175474879
472 1.10175474879
473 1.10175474879
474 1.10175474879
475 1.10175474879
476 1.10175474879
477 1.10175474879
478 1.10175474879
479 1.10175474879
480 1.10175474879
481 1.10175474879
482 1.10175474879
483 1.10175474879
484 1.10175474879
485 1.10175474879
486 1.10175474879
487 1.10175474879
488 1.10175474879
489 1.10175474879
490 1.10175474879
491 1.10175474879
492 1.10175474879
493 1.10175474879
494 1.10175474879
495 1.10175474879
496 1.10175474879
497 1.10175474879
498 1.10175474879
499 1.10175474879
500 1.10175474879
501 1.10175474879
502 1.10175474879
503 1.10175474879
504 1.10175474879
505 1.10175474879
506 1.10175474879
507 1.10175474879
508 1.10175474879
509 1.10175474879
510 1.10175474879
511 1.10175474879
512 1.10175474879
513 1.10175474879
514 1.10175474879
515 1.10175474879
516 1.10175474879
517 1.10175474879
518 1.10175474879
519 1.10175474879
520 1.10175474879
521 1.10175474879
522 1.10175474879
523 1.10175474879
524 1.10175474879
525 1.10175474879
526 1.10175474879
527 1.10175474879
528 1.10175474879
529 1.10175474879
530 1.10175474879
531 1.10175474879
532 1.10175474879
533 1.10175474879
534 1.10175474879
535 1.10175474879
536 1.10175474879
537 1.10175474879
538 1.10175474879
539 1.10175474879
540 1.10175474879
541 1.10175474879
542 1.10175474879
543 1.10175474879
544 1.10175474879
545 1.10175474879
546 1.10175474879
547 1.10175474879
548 1.10175474879
549 1.10175474879
550 1.10175474879
551 1.10175474879
552 1.10175474879
553 1.10175474879
554 1.10175474879
555 1.10175474879
556 1.10175474879
557 1.10175474879
558 1.10175474879
559 1.10175474879
560 1.10175474879
561 1.10175474879
562 1.10175474879
563 1.10175474879
564 1.10175474879
565 1.10175474879
566 1.10175474879
567 1.10175474879
568 1.10175474879
569 1.10175474879
570 1.10175474879
571 1.10175474879
572 1.10175474879
573 1.10175474879
574 1.10175474879
575 1.10175474879
576 1.10175474879
577 1.10175474879
578 1.10175474879
579 1.10175474879
580 1.10175474879
581 1.10175474879
582 1.10175474879
583 1.10175474879
584 1.10175474879
585 1.10175474879
586 1.10175474879
587 1.10175474879
588 1.10175474879
589 1.10175474879
590 1.10175474879
591 1.10175474879
592 1.10175474879
593 1.10175474879
594 1.10175474879
595 1.10175474879
596 1.10175474879
597 1.10175474879
598 1.10175474879
599 1.10175474879
