0 0.0571158457992
1 0.0567832861059
2 0.0564541590146
3 0.056128393535
4 0.0558059212877
5 0.0554866763688
6 0.0551705952226
7 0.0548576165232
8 0.0545476810634
9 0.0542407316511
10 0.0539367130114
11 0.0536355716958
12 0.053337255996
13 0.0530417158634
14 0.0527489028331
15 0.0524587699529
16 0.0521712717155
17 0.0518863639953
18 0.0516040039885
19 0.0513241501567
20 0.0510467621732
21 0.0507718008728
22 0.0504992282035
23 0.0502290071818
24 0.0499611018493
25 0.0496954772323
26 0.0494320993032
27 0.0491709349435
28 0.0489119519094
29 0.0486551187984
30 0.0484004050179
31 0.0481477807554
32 0.0478972169497
33 0.0476486852638
34 0.0474021580593
35 0.047157608371
36 0.046915009884
37 0.0466743369109
38 0.0464355643702
39 0.0461986677661
40 0.0459636231684
41 0.0457304071941
42 0.0454989969891
43 0.0452693702112
44 0.0450415050136
45 0.044815380029
46 0.0445909743546
47 0.0443682675374
48 0.0441472395604
49 0.043927870829
50 0.0437101421586
51 0.0434940347619
52 0.043279530237
53 0.0430666105565
54 0.0428552580559
55 0.0426454554234
56 0.04243718569
57 0.0422304322191
58 0.0420251786977
59 0.0418214091272
60 0.0416191078143
61 0.0414182593631
62 0.0412188486668
63 0.0410208608997
64 0.04082428151
65 0.0406290962123
66 0.0404352909804
67 0.0402428520409
68 0.0400517658666
69 0.0398620191697
70 0.0396735988963
71 0.0394864922199
72 0.0393006865363
73 0.0391161694574
74 0.0389329288065
75 0.0387509526123
76 0.038570229105
77 0.0383907467101
78 0.0382124940451
79 0.0380354599136
80 0.037859633302
81 0.0376850033745
82 0.0375115594691
83 0.0373392910939
84 0.0371681879227
85 0.0369982397917
86 0.0368294366952
87 0.0366617687829
88 0.0364952263556
89 0.0363297998623
90 0.0361654798967
91 0.0360022571942
92 0.0358401226289
93 0.0356790672103
94 0.0355190820804
95 0.0353601585113
96 0.0352022879019
97 0.0350454617756
98 0.0348896717776
99 0.0347349096723
100 0.0345811673406
101 0.0344284367781
102 0.0342767100922
103 0.0341259795002
104 0.0339762373267
105 0.0338274760018
106 0.0336796880588
107 0.0335328661322
108 0.0333870029556
109 0.0332420913601
110 0.0330981242718
111 0.0329550947105
112 0.0328129957877
113 0.0326718207045
114 0.0325315627507
115 0.0323922153021
116 0.0322537718197
117 0.0321162258477
118 0.0319795710119
119 0.0318438010184
120 0.031708909652
121 0.0315748907746
122 0.031441738324
123 0.0313094463125
124 0.0311780088254
125 0.0310474200196
126 0.0309176741228
127 0.0307887654316
128 0.0306606883106
129 0.030533437191
130 0.0304070065699
131 0.0302813910084
132 0.030156585131
133 0.0300325836244
134 0.0299093812363
135 0.0297869727742
136 0.029665353105
137 0.0295445171529
138 0.0294244598997
139 0.0293051763825
140 0.0291866616939
141 0.0290689109803
142 0.0289519194413
143 0.0288356823286
144 0.0287201949456
145 0.0286054526457
146 0.0284914508324
147 0.0283781849577
148 0.0282656505217
149 0.0281538430717
150 0.0280427582014
151 0.0279323915502
152 0.0278227388023
153 0.027713795686
154 0.0276055579733
155 0.0274980214785
156 0.0273911820582
157 0.0272850356104
158 0.0271795780734
159 0.0270748054259
160 0.0269707136856
161 0.0268672989091
162 0.0267645571911
163 0.0266624846636
164 0.0265610774957
165 0.0264603318925
166 0.026360244095
167 0.0262608103793
168 0.0261620270559
169 0.0260638904695
170 0.0259663969981
171 0.0258695430526
172 0.0257733250766
173 0.0256777395451
174 0.025582782965
175 0.0254884518736
176 0.025394742839
177 0.0253016524589
178 0.0252091773605
179 0.0251173142001
180 0.0250260596624
181 0.0249354104601
182 0.0248453633337
183 0.0247559150507
184 0.0246670624053
185 0.0245788022182
186 0.0244911313358
187 0.0244040466303
188 0.0243175449988
189 0.0242316233629
190 0.0241462786688
191 0.0240615078865
192 0.0239773080097
193 0.0238936760549
194 0.0238106090618
195 0.0237281040923
196 0.0236461582304
197 0.023564768582
198 0.0234839322742
199 0.0234036464553
200 0.0233239082942
201 0.0232447149802
202 0.0231660637228
203 0.023087951751
204 0.0230103763135
205 0.0229333346779
206 0.0228568241308
207 0.0227808419771
208 0.0227053855401
209 0.022630452161
210 0.0225560391985
211 0.0224821440289
212 0.0224087640454
213 0.022335896658
214 0.0222635392934
215 0.0221916893944
216 0.0221203444199
217 0.0220495018445
218 0.0219791591583
219 0.0219093138668
220 0.0218399634903
221 0.0217711055639
222 0.0217027376373
223 0.0216348572745
224 0.0215674620535
225 0.021500549566
226 0.0214341174176
227 0.0213681632271
228 0.0213026846264
229 0.0212376792605
230 0.0211731447871
231 0.0211090788765
232 0.0210454792111
233 0.0209823434857
234 0.0209196694069
235 0.0208574546931
236 0.0207956970742
237 0.0207343942915
238 0.0206735440974
239 0.0206131442554
240 0.0205531925398
241 0.0204936867356
242 0.0204346246381
243 0.020376004053
244 0.0203178227961
245 0.0202600786934
246 0.0202027695804
247 0.0201458933024
248 0.0200894477141
249 0.0200334306798
250 0.0199778400727
251 0.0199226737752
252 0.0198679296786
253 0.019813605683
254 0.0197596996971
255 0.0197062096381
256 0.0196531334314
257 0.0196004690109
258 0.0195482143184
259 0.0194963673038
260 0.0194449259249
261 0.019393888147
262 0.0193432519431
263 0.019293015294
264 0.0192431761875
265 0.0191937326188
266 0.0191446825904
267 0.0190960241117
268 0.0190477551992
269 0.018999873876
270 0.0189523781724
271 0.018905266125
272 0.0188585357771
273 0.0188121851784
274 0.0187662123853
275 0.0187206154601
276 0.0186753924715
277 0.0186305414944
278 0.0185860606098
279 0.0185419479044
280 0.0184982014711
281 0.0184548194086
282 0.0184117998211
283 0.0183691408188
284 0.0183268405174
285 0.0182848970382
286 0.0182433085079
287 0.0182020730588
288 0.0181611888283
289 0.0181206539595
290 0.0180804666004
291 0.0180406249044
292 0.01800112703
293 0.0179619711409
294 0.0179231554058
295 0.0178846779984
296 0.0178465370974
297 0.0178087308863
298 0.0177712575537
299 0.017734115293
300 0.0176973023022
301 0.0176608167844
302 0.0176246569472
303 0.0175888210029
304 0.0175533071688
305 0.0175181136665
306 0.0174832387224
307 0.0174486805674
308 0.0174144374371
309 0.0173805075715
310 0.0173468892153
311 0.0173135806176
312 0.0172805800321
313 0.0172478857168
314 0.0172154959344
315 0.0171834089518
316 0.0171516230406
317 0.0171201364765
318 0.01708894754
319 0.0170580545158
320 0.0170274556929
321 0.0169971493649
322 0.0169671338296
323 0.0169374073895
324 0.0169079683511
325 0.0168788150255
326 0.0168499457282
327 0.016821358779
328 0.0167930525021
329 0.016765025226
330 0.0167372752839
331 0.0167098010131
332 0.0166826007554
333 0.016655672857
334 0.0166290156686
335 0.0166026275451
336 0.0165765068461
337 0.0165506519355
338 0.0165250611818
339 0.0164997329577
340 0.0164746656406
341 0.0164498576124
342 0.0164253072594
343 0.0164010129725
344 0.016376973147
345 0.0163531861831
346 0.0163296504851
347 0.0163063644623
348 0.0162833265284
349 0.0162605351016
350 0.0162379886052
351 0.0162156854666
352 0.0161936241183
353 0.0161718029972
354 0.0161502205453
355 0.0161288752089
356 0.0161077654394
357 0.0160868896929
358 0.0160662464302
359 0.016045834117
360 0.0160256512239
361 0.0160056962264
362 0.0159859676047
363 0.0159664638441
364 0.0159471834349
365 0.0159281248721
366 0.015909286656
367 0.0158906672918
368 0.0158722652896
369 0.0158540791647
370 0.0158361074375
371 0.0158183486335
372 0.0158008012833
373 0.0157834639227
374 0.0157663350927
375 0.0157494133393
376 0.015732697214
377 0.0157161852735
378 0.0156998760797
379 0.0156837681999
380 0.0156678602065
381 0.0156521506776
382 0.0156366381963
383 0.0156213213515
384 0.0156061987372
385 0.0155912689529
386 0.0155765306038
387 0.0155619823002
388 0.0155476226582
389 0.0155334502993
390 0.0155194638507
391 0.015505661945
392 0.0154920432205
393 0.0154786063211
394 0.0154653498964
395 0.0154522726014
396 0.0154393730971
397 0.0154266500501
398 0.0154141021326
399 0.0154017280226
400 0.0153895264039
401 0.0153774959661
402 0.0153656354044
403 0.0153539434201
404 0.01534241872
405 0.0153310600171
406 0.0153198660299
407 0.015308835483
408 0.0152979671068
409 0.0152872596376
410 0.0152767118177
411 0.0152663223953
412 0.0152560901244
413 0.0152460137652
414 0.0152360920837
415 0.0152263238519
416 0.0152167078479
417 0.0152072428556
418 0.0151979276652
419 0.0151887610726
420 0.0151797418801
421 0.0151708688956
422 0.0151621409335
423 0.0151535568141
424 0.0151451153635
425 0.0151368154143
426 0.015128655805
427 0.01512063538
428 0.0151127529902
429 0.0151050074923
430 0.0150973977491
431 0.0150899226297
432 0.0150825810092
433 0.0150753717687
434 0.0150682937957
435 0.0150613459836
436 0.015054527232
437 0.0150478364466
438 0.0150412725392
439 0.0150348344279
440 0.0150285210366
441 0.0150223312956
442 0.0150162641413
443 0.015010318516
444 0.0150044933685
445 0.0149987876533
446 0.0149932003313
447 0.0149877303694
448 0.0149823767406
449 0.014977138424
450 0.0149720144049
451 0.0149670036746
452 0.0149621052304
453 0.0149573180759
454 0.0149526412206
455 0.0149480736802
456 0.0149436144761
457 0.0149392626363
458 0.0149350171944
459 0.0149308771903
460 0.0149268416697
461 0.0149229096845
462 0.0149190802924
463 0.0149153525574
464 0.0149117255491
465 0.0149081983435
466 0.014904770022
467 0.0149014396726
468 0.0148982063886
469 0.0148950692697
470 0.0148920274212
471 0.0148890799545
472 0.0148862259867
473 0.0148834646409
474 0.014880795046
475 0.0148782163367
476 0.0148757276536
477 0.014873328143
478 0.014871016957
479 0.0148687932535
480 0.0148666561962
481 0.0148646049544
482 0.0148626387034
483 0.0148607566238
484 0.0148589579021
485 0.0148572417305
486 0.0148556073069
487 0.0148540538345
488 0.0148525805225
489 0.0148511865854
490 0.0148498712435
491 0.0148486337224
492 0.0148474732534
493 0.0148463890733
494 0.0148453804243
495 0.0148444465542
496 0.014843586716
497 0.0148428001684
498 0.0148420861754
499 0.0148414440064
500 0.0148408729359
501 0.0148403722442
502 0.0148399412166
503 0.0148395791438
504 0.0148392853217
505 0.0148390590514
506 0.0148388996394
507 0.0148388063973
508 0.0148387786419
509 0.0148388156951
