0 0.0661623478244
1 0.0656395847308
2 0.0651230628646
3 0.0646126845592
4 0.0641083547003
5 0.063609980634
6 0.0631174720789
7 0.0626307410425
8 0.0621497017411
9 0.0616742705231
10 0.0612043657959
11 0.060739907956
12 0.0602808193215
13 0.0598270240683
14 0.0593784481682
15 0.0589350193301
16 0.0584966669431
17 0.0580633220225
18 0.0576349171576
19 0.0572113864615
20 0.0567926655231
21 0.0563786913609
22 0.0559694023787
23 0.0555647383224
24 0.0551646402397
25 0.0547690504396
26 0.0543779124552
27 0.0539911710064
28 0.0536087719646
29 0.0532306623192
30 0.0528567901439
31 0.0524871045657
32 0.0521215557339
33 0.051760094791
34 0.0514026738438
35 0.0510492459361
36 0.0506997650221
37 0.0503541859408
38 0.0500124643908
39 0.0496745569069
40 0.0493404208362
41 0.0490100143162
42 0.0486832962527
43 0.0483602262986
44 0.048040764834
45 0.0477248729461
46 0.04741251241
47 0.0471036456702
48 0.0467982358229
49 0.046496246598
50 0.0461976423426
51 0.0459023880043
52 0.0456104491155
53 0.0453217917778
54 0.0450363826469
55 0.0447541889181
56 0.044475178312
57 0.0441993190609
58 0.0439265798953
59 0.0436569300309
60 0.0433903391559
61 0.0431267774188
62 0.0428662154163
63 0.0426086241817
64 0.0423539751735
65 0.0421022402647
66 0.0418533917317
67 0.0416074022438
68 0.0413642448535
69 0.0411238929861
70 0.0408863204304
71 0.040651501329
72 0.0404194101694
73 0.0401900217752
74 0.039963311297
75 0.0397392542043
76 0.0395178262771
77 0.039299003598
78 0.0390827625442
79 0.0388690797802
80 0.0386579322499
81 0.0384492971699
82 0.038243152022
83 0.0380394745467
84 0.0378382427362
85 0.0376394348281
86 0.037443029299
87 0.0372490048584
88 0.0370573404425
89 0.0368680152083
90 0.0366810085282
91 0.0364962999844
92 0.036313869363
93 0.0361336966495
94 0.0359557620229
95 0.0357800458514
96 0.0356065286871
97 0.0354351912616
98 0.0352660144812
99 0.0350989794223
100 0.0349340673277
101 0.0347712596018
102 0.0346105378068
103 0.0344518836584
104 0.0342952790228
105 0.0341407059119
106 0.0339881464806
107 0.0338375830226
108 0.0336889979676
109 0.0335423738778
110 0.0333976934446
111 0.0332549394855
112 0.0331140949418
113 0.0329751428747
114 0.0328380664635
115 0.0327028490022
116 0.0325694738977
117 0.0324379246665
118 0.0323081849331
119 0.0321802384272
120 0.0320540689817
121 0.0319296605306
122 0.031806997107
123 0.0316860628413
124 0.0315668419591
125 0.0314493187795
126 0.0313334777137
127 0.031219303263
128 0.0311067800176
129 0.030995892655
130 0.0308866259387
131 0.0307789647169
132 0.0306728939213
133 0.0305683985657
134 0.0304654637455
135 0.0303640746359
136 0.0302642164915
137 0.0301658746456
138 0.0300690345085
139 0.0299736815676
140 0.0298798013864
141 0.0297873796037
142 0.029696401933
143 0.0296068541624
144 0.0295187221536
145 0.0294319918417
146 0.0293466492346
147 0.029262680413
148 0.0291800715299
149 0.0290988088102
150 0.0290188785509
151 0.0289402671204
152 0.0288629609587
153 0.0287869465775
154 0.0287122105595
155 0.0286387395589
156 0.0285665203013
157 0.0284955395835
158 0.028425784274
159 0.0283572413125
160 0.0282898977106
161 0.0282237405515
162 0.0281587569906
163 0.0280949342551
164 0.0280322596448
165 0.0279707205317
166 0.027910304361
167 0.0278509986506
168 0.0277927909918
169 0.0277356690497
170 0.0276796205628
171 0.0276246333442
172 0.0275706952813
173 0.0275177943362
174 0.0274659185463
175 0.0274150560244
176 0.0273651949588
177 0.0273163236144
178 0.0272684303321
179 0.0272215035298
180 0.0271755317024
181 0.0271305034223
182 0.0270864073397
183 0.0270432321829
184 0.0270009667585
185 0.0269595999519
186 0.0269191207277
187 0.0268795181297
188 0.0268407812813
189 0.0268028993861
190 0.0267658617277
191 0.0267296576703
192 0.0266942766588
193 0.0266597082191
194 0.0266259419584
195 0.0265929675654
196 0.0265607748103
197 0.0265293535456
198 0.0264986937053
199 0.0264687853062
200 0.0264396184471
201 0.0264111833097
202 0.0263834701581
203 0.0263564693394
204 0.0263301712836
205 0.0263045665036
206 0.0262796455954
207 0.0262553992382
208 0.0262318181945
209 0.0262088933096
210 0.0261866155123
211 0.0261649758146
212 0.0261439653117
213 0.0261235751818
214 0.0261037966862
215 0.0260846211694
216 0.0260660400587
217 0.0260480448642
218 0.0260306271788
219 0.026013778678
220 0.0259974911197
221 0.025981756344
222 0.0259665662734
223 0.025951912912
224 0.0259377883456
225 0.0259241847418
226 0.0259110943491
227 0.0258985094973
228 0.0258864225968
229 0.0258748261383
230 0.025863712693
231 0.0258530749119
232 0.0258429055253
233 0.0258331973431
234 0.0258239432539
235 0.0258151362249
236 0.0258067693014
237 0.0257988356067
238 0.0257913283413
239 0.0257842407829
240 0.0257775662859
241 0.0257712982807
242 0.0257654302737
243 0.0257599558465
244 0.0257548686558
245 0.0257501624326
246 0.0257458309819
247 0.0257418681825
248 0.025738267986
249 0.0257350244167
250 0.025732131571
251 0.0257295836169
252 0.0257273747935
253 0.0257254994104
254 0.0257239518475
255 0.025722726554
256 0.0257218180483
257 0.0257212209172
258 0.0257209298157
259 0.0257209394659
