0 0.0486189209417
1 0.0483625121158
2 0.0481081239942
3 0.0478557330775
4 0.0476053163687
5 0.0473568513579
6 0.0471103160083
7 0.0468656887419
8 0.0466229484269
9 0.0463820743641
10 0.0461430462753
11 0.0459058442906
12 0.045670448938
13 0.0454368411313
14 0.0452050021604
15 0.0449749136802
16 0.0447465577014
17 0.0445199165806
18 0.0442949730112
19 0.0440717100145
20 0.0438501109309
21 0.0436301594119
22 0.0434118394119
23 0.0431951351805
24 0.042980031255
25 0.042766512453
26 0.0425545638657
27 0.0423441708506
28 0.0421353190254
29 0.0419279942616
30 0.0417221826777
31 0.0415178706341
32 0.0413150447268
33 0.0411136917816
34 0.0409137988494
35 0.0407153532
36 0.0405183423177
37 0.0403227538958
38 0.0401285758321
39 0.0399357962243
40 0.039744403365
41 0.0395543857378
42 0.0393657320125
43 0.0391784310413
44 0.0389924718548
45 0.0388078436576
46 0.038624535825
47 0.0384425378988
48 0.0382618395842
49 0.0380824307456
50 0.0379043014038
51 0.0377274417323
52 0.0375518420543
53 0.0373774928391
54 0.0372043846996
55 0.0370325083886
56 0.0368618547965
57 0.0366924149483
58 0.0365241800004
59 0.0363571412383
60 0.0361912900741
61 0.0360266180433
62 0.0358631168027
63 0.0357007781282
64 0.0355395939117
65 0.0353795561594
66 0.035220656989
67 0.0350628886281
68 0.0349062434112
69 0.0347507137784
70 0.0345962922726
71 0.0344429715381
72 0.034290744318
73 0.0341396034527
74 0.0339895418779
75 0.0338405526226
76 0.0336926288075
77 0.0335457636429
78 0.0333999504273
79 0.0332551825455
80 0.033111453467
81 0.0329687567442
82 0.0328270860111
83 0.0326864349815
84 0.0325467974476
85 0.0324081672783
86 0.032270538418
87 0.0321339048849
88 0.0319982607697
89 0.0318636002343
90 0.0317299175102
91 0.0315972068974
92 0.0314654627629
93 0.0313346795396
94 0.0312048517249
95 0.0310759738795
96 0.0309480406261
97 0.0308210466486
98 0.0306949866901
99 0.0305698555528
100 0.030445648096
101 0.0303223592354
102 0.0301999839421
103 0.0300785172411
104 0.0299579542107
105 0.0298382899811
106 0.0297195197338
107 0.0296016387002
108 0.0294846421608
109 0.0293685254441
110 0.029253283926
111 0.0291389130284
112 0.0290254082184
113 0.0289127650079
114 0.0288009789519
115 0.0286900456482
116 0.0285799607363
117 0.0284707198967
118 0.0283623188498
119 0.0282547533554
120 0.0281480192117
121 0.0280421122544
122 0.0279370283564
123 0.0278327634263
124 0.0277293134082
125 0.0276266742808
126 0.0275248420565
127 0.027423812781
128 0.0273235825322
129 0.0272241474197
130 0.0271255035843
131 0.0270276471969
132 0.0269305744579
133 0.0268342815971
134 0.0267387648722
135 0.0266440205687
136 0.0265500449992
137 0.0264568345026
138 0.0263643854438
139 0.0262726942126
140 0.0261817572235
141 0.0260915709151
142 0.0260021317492
143 0.0259134362108
144 0.0258254808068
145 0.025738262066
146 0.0256517765386
147 0.025566020795
148 0.0254809914262
149 0.0253966850425
150 0.0253130982733
151 0.0252302277669
152 0.0251480701892
153 0.0250666222243
154 0.0249858805729
155 0.0249058419526
156 0.0248265030974
157 0.0247478607566
158 0.0246699116952
159 0.0245926526928
160 0.0245160805436
161 0.0244401920556
162 0.0243649840507
163 0.0242904533637
164 0.0242165968423
165 0.0241434113465
166 0.0240708937484
167 0.0239990409316
168 0.0239278497911
169 0.0238573172327
170 0.0237874401727
171 0.0237182155376
172 0.0236496402636
173 0.0235817112968
174 0.023514425592
175 0.0234477801132
176 0.0233817718326
177 0.0233163977311
178 0.0232516547971
179 0.0231875400268
180 0.0231240504239
181 0.0230611829989
182 0.0229989347694
183 0.0229373027594
184 0.0228762839992
185 0.0228158755251
186 0.0227560743794
187 0.0226968776098
188 0.0226382822694
189 0.0225802854163
190 0.0225228841138
191 0.0224660754296
192 0.0224098564361
193 0.0223542242099
194 0.0222991758318
195 0.0222447083865
196 0.0221908189624
197 0.0221375046518
198 0.0220847625501
199 0.0220325897561
200 0.0219809833719
201 0.0219299405025
202 0.0218794582557
203 0.0218295337422
204 0.0217801640753
205 0.0217313463708
206 0.0216830777469
207 0.021635355324
208 0.0215881762251
209 0.0215415375749
210 0.0214954365004
211 0.0214498701305
212 0.021404835596
213 0.0213603300297
214 0.0213163505659
215 0.0212728943408
216 0.0212299584924
217 0.0211875401602
218 0.0211456364852
219 0.0211042446103
220 0.0210633616798
221 0.0210229848395
222 0.0209831112368
223 0.0209437380206
224 0.0209048623413
225 0.020866481351
226 0.0208285922031
227 0.0207911920527
228 0.0207542780564
229 0.0207178473726
230 0.020681897161
231 0.0206464245831
232 0.0206114268022
233 0.0205769009833
234 0.0205428442929
235 0.0205092538998
236 0.0204761269744
237 0.020443460689
238 0.020411252218
239 0.0203794987381
240 0.0203481974276
241 0.0203173454677
242 0.0202869400413
243 0.020256978334
244 0.0202274575338
245 0.0201983748312
246 0.0201697274194
247 0.0201415124944
248 0.0201137272549
249 0.0200863689026
250 0.0200594346422
251 0.0200329216816
252 0.0200068272319
253 0.0199811485075
254 0.0199558827265
255 0.0199310271103
256 0.0199065788842
257 0.0198825352772
258 0.0198588935223
259 0.0198356508566
260 0.0198128045214
261 0.0197903517621
262 0.0197682898288
263 0.0197466159761
264 0.0197253274632
265 0.0197044215543
266 0.0196838955182
267 0.0196637466294
268 0.019643972167
269 0.0196245694158
270 0.0196055356661
271 0.0195868682137
272 0.0195685643602
273 0.0195506214132
274 0.0195330366863
275 0.0195158074991
276 0.0194989311778
277 0.0194824050549
278 0.0194662264694
279 0.0194503927672
280 0.019434901301
281 0.0194197494304
282 0.0194049345222
283 0.0193904539505
284 0.0193763050968
285 0.01936248535
286 0.0193489921069
287 0.0193358227719
288 0.0193229747574
289 0.0193104454838
290 0.0192982323798
291 0.0192863328824
292 0.0192747444369
293 0.0192634644974
294 0.0192524905264
295 0.0192418199955
296 0.0192314503852
297 0.0192213791848
298 0.0192116038931
299 0.0192021220179
300 0.0191929310768
301 0.0191840285965
302 0.0191754121136
303 0.0191670791744
304 0.0191590273351
305 0.0191512541616
306 0.0191437572302
307 0.0191365341273
308 0.0191295824494
309 0.0191228998035
310 0.0191164838071
311 0.0191103320883
312 0.0191044422857
313 0.0190988120488
314 0.0190934390378
315 0.0190883209239
316 0.0190834553894
317 0.0190788401277
318 0.0190744728431
319 0.0190703512514
320 0.0190664730798
321 0.0190628360666
322 0.019059437962
323 0.0190562765274
324 0.0190533495358
325 0.0190506547723
326 0.0190481900332
327 0.019045953127
328 0.0190439418738
329 0.019042154106
330 0.0190405876674
331 0.0190392404144
332 0.0190381102152
333 0.01903719495
334 0.0190364925114
335 0.0190360008042
336 0.0190357177454
337 0.0190356412641
338 0.0190357693021
