0 0.0708243076724
1 0.0701615908476
2 0.0695081494887
3 0.0688637995598
4 0.0682283635947
5 0.0676016703665
6 0.0669835545794
7 0.0663738565788
8 0.0657724220805
9 0.0651791019169
10 0.0645937517976
11 0.0640162320856
12 0.0634464075856
13 0.0628841473454
14 0.0623293244686
15 0.0617818159373
16 0.0612415024453
17 0.0607082682404
18 0.0601820009748
19 0.0596625915639
20 0.0591499340523
21 0.058643925487
22 0.0581444657968
23 0.0576514576777
24 0.0571648064845
25 0.0566844201274
26 0.0562102089733
27 0.0557420857526
28 0.0552799654693
29 0.0548237653165
30 0.0543734045947
31 0.0539288046347
32 0.0534898887228
33 0.0530565820307
34 0.0526288115475
35 0.0522065060144
36 0.0517895958633
37 0.0513780131568
38 0.050971691531
39 0.0505705661414
40 0.0501745736096
41 0.0497836519731
42 0.049397740637
43 0.0490167803272
44 0.0486407130451
45 0.0482694820253
46 0.0479030316932
47 0.0475413076253
48 0.0471842565107
49 0.0468318261135
50 0.0464839652373
51 0.0461406236903
52 0.0458017522517
53 0.0454673026396
54 0.0451372274797
55 0.0448114802752
56 0.0444900153772
57 0.0441727879568
58 0.0438597539778
59 0.0435508701699
60 0.0432460940034
61 0.0429453836641
62 0.0426486980295
63 0.0423559966452
64 0.0420672397027
65 0.0417823880169
66 0.0415014030056
67 0.0412242466682
68 0.0409508815662
69 0.0406812708036
70 0.0404153780081
71 0.040153167313
72 0.0398946033391
73 0.0396396511781
74 0.0393882763755
75 0.0391404449146
76 0.0388961232006
77 0.0386552780459
78 0.0384178766547
79 0.0381838866092
80 0.0379532758555
81 0.03772601269
82 0.0375020657468
83 0.0372814039848
84 0.0370639966755
85 0.0368498133912
86 0.0366388239936
87 0.0364309986229
88 0.0362263076868
89 0.0360247218503
90 0.0358262120259
91 0.035630749364
92 0.0354383052432
93 0.0352488512622
94 0.0350623592305
95 0.0348788011605
96 0.0346981492596
97 0.0345203759225
98 0.0343454537242
99 0.0341733554128
100 0.0340040539028
101 0.0338375222693
102 0.0336737337414
103 0.0335126616968
104 0.0333542796563
105 0.0331985612788
106 0.0330454803561
107 0.0328950108088
108 0.0327471266818
109 0.0326018021402
110 0.0324590114656
111 0.032318729053
112 0.0321809294069
113 0.032045587139
114 0.031912676965
115 0.0317821737024
116 0.0316540522681
117 0.0315282876768
118 0.0314048550386
119 0.0312837295579
120 0.031164886532
121 0.03104830135
122 0.0309339494915
123 0.0308218065266
124 0.0307118481147
125 0.0306040500047
126 0.0304983880343
127 0.0303948381305
128 0.0302933763095
129 0.0301939786773
130 0.0300966214297
131 0.0300012808535
132 0.029907933327
133 0.029816555321
134 0.0297271233997
135 0.0296396142222
136 0.0295540045432
137 0.0294702712151
138 0.0293883911887
139 0.0293083415156
140 0.029230099349
141 0.0291536419463
142 0.02907894667
143 0.0290059909905
144 0.0289347524871
145 0.0288652088508
146 0.0287973378857
147 0.0287311175117
148 0.0286665257657
149 0.0286035408047
150 0.0285421409072
151 0.0284823044759
152 0.0284240100394
153 0.0283672362547
154 0.0283119619092
155 0.028258165923
156 0.0282058273511
157 0.0281549253851
158 0.0281054393558
159 0.0280573487354
160 0.0280106331389
161 0.0279652723267
162 0.0279212462065
163 0.027878534835
164 0.0278371184201
165 0.0277969773227
166 0.0277580920583
167 0.0277204432991
168 0.0276840118753
169 0.0276487787772
170 0.0276147251564
171 0.0275818323275
172 0.0275500817695
173 0.0275194551273
174 0.0274899342128
175 0.0274615010065
176 0.0274341376581
177 0.0274078264885
178 0.02738254999
179 0.0273582908276
180 0.02733503184
181 0.0273127560403
182 0.0272914466168
183 0.0272710869336
184 0.0272516605313
185 0.0272331511273
186 0.0272155426167
187 0.0271988190722
188 0.0271829647449
189 0.0271679640639
190 0.0271538016372
191 0.0271404622513
192 0.0271279308713
193 0.0271161926411
194 0.0271052328831
195 0.0270950370981
196 0.0270855909648
197 0.0270768803402
198 0.0270688912585
199 0.0270616099311
200 0.027055022746
201 0.0270491162672
202 0.0270438772343
203 0.0270392925618
204 0.0270353493383
205 0.0270320348258
206 0.0270293364591
207 0.0270272418446
208 0.0270257387598
209 0.0270248151521
210 0.0270244591378
211 0.0270246590015
