0 0.0493523922003
1 0.0491192008314
2 0.0488879578318
3 0.0486586418132
4 0.0484312318276
5 0.0482057073542
6 0.0479820482874
7 0.0477602349246
8 0.0475402479553
9 0.0473220684499
10 0.0471056778491
11 0.0468910579538
12 0.0466781909151
13 0.046467059225
14 0.0462576457068
15 0.0460499335066
16 0.0458439060847
17 0.0456395472068
18 0.0454368409367
19 0.0452357716278
20 0.0450363239163
21 0.0448384827131
22 0.0446422331976
23 0.0444475608101
24 0.0442544512459
25 0.0440628904483
26 0.0438728646027
27 0.0436843601305
28 0.0434973636832
29 0.0433118621371
30 0.0431278425871
31 0.042945292342
32 0.0427641989192
33 0.0425845500395
34 0.0424063336222
35 0.0422295377807
36 0.0420541508175
37 0.04188016122
38 0.041707557656
39 0.0415363289695
40 0.0413664641769
41 0.0411979524624
42 0.0410307831746
43 0.0408649458225
44 0.0407004300721
45 0.0405372257424
46 0.0403753228022
47 0.0402147113667
48 0.0400553816941
49 0.0398973241823
50 0.0397405293662
51 0.0395849879139
52 0.0394306906245
53 0.0392776284247
54 0.0391257923662
55 0.0389751736228
56 0.0388257634878
57 0.0386775533714
58 0.0385305347981
59 0.038384699404
60 0.0382400389348
61 0.0380965452431
62 0.0379542102863
63 0.0378130261238
64 0.0376729849156
65 0.0375340789197
66 0.0373963004896
67 0.0372596420732
68 0.0371240962098
69 0.0369896555288
70 0.0368563127476
71 0.0367240606694
72 0.0365928921819
73 0.0364628002551
74 0.0363337779396
75 0.0362058183653
76 0.0360789147389
77 0.0359530603432
78 0.0358282485346
79 0.0357044727424
80 0.0355817264665
81 0.0354600032764
82 0.0353392968095
83 0.0352196007696
84 0.0351009089259
85 0.034983215111
86 0.0348665132201
87 0.0347507972093
88 0.0346360610946
89 0.0345222989505
90 0.0344095049086
91 0.0342976731568
92 0.0341867979375
93 0.0340768735472
94 0.0339678943348
95 0.0338598547005
96 0.033752749095
97 0.0336465720184
98 0.0335413180188
99 0.0334369816917
100 0.0333335576787
101 0.0332310406668
102 0.033129425387
103 0.0330287066139
104 0.0329288791644
105 0.0328299378968
106 0.0327318777103
107 0.0326346935436
108 0.0325383803744
109 0.0324429332185
110 0.032348347129
111 0.0322546171953
112 0.0321617385428
113 0.0320697063317
114 0.0319785157561
115 0.0318881620441
116 0.0317986404562
117 0.031709946285
118 0.0316220748546
119 0.0315350215196
120 0.0314487816649
121 0.0313633507045
122 0.0312787240816
123 0.0311948972672
124 0.0311118657601
125 0.031029625086
126 0.0309481707972
127 0.0308674984715
128 0.0307876037125
129 0.0307084821482
130 0.0306301294312
131 0.0305525412376
132 0.0304757132671
133 0.0303996412418
134 0.0303243209064
135 0.0302497480276
136 0.0301759183931
137 0.0301028278119
138 0.0300304721135
139 0.0299588471476
140 0.0298879487836
141 0.0298177729101
142 0.0297483154349
143 0.0296795722843
144 0.029611539403
145 0.0295442127532
146 0.0294775883151
147 0.0294116620858
148 0.0293464300794
149 0.0292818883267
150 0.0292180328745
151 0.0291548597859
152 0.0290923651395
153 0.0290305450293
154 0.0289693955646
155 0.0289089128694
156 0.0288490930827
157 0.0287899323574
158 0.028731426861
159 0.0286735727748
160 0.0286163662937
161 0.0285598036263
162 0.0285038809945
163 0.0284485946331
164 0.0283939407902
165 0.0283399157264
166 0.0282865157148
167 0.0282337370412
168 0.0281815760035
169 0.0281300289117
170 0.0280790920878
171 0.0280287618657
172 0.0279790345908
173 0.0279299066202
174 0.0278813743224
175 0.0278334340774
176 0.0277860822762
177 0.0277393153211
178 0.0276931296253
179 0.0276475216131
180 0.0276024877196
181 0.0275580243905
182 0.0275141280826
183 0.027470795263
184 0.0274280224096
185 0.0273858060106
186 0.0273441425649
187 0.0273030285817
188 0.0272624605806
189 0.0272224350916
190 0.0271829486549
191 0.027143997821
192 0.0271055791508
193 0.0270676892152
194 0.0270303245955
195 0.026993481883
196 0.0269571576794
197 0.0269213485964
198 0.026886051256
199 0.0268512622902
200 0.0268169783415
201 0.0267831960622
202 0.026749912115
203 0.0267171231727
204 0.0266848259185
205 0.0266530170458
206 0.0266216932579
207 0.0265908512689
208 0.0265604878028
209 0.0265305995942
210 0.0265011833879
211 0.0264722359392
212 0.0264437540137
213 0.0264157343876
214 0.0263881738475
215 0.0263610691906
216 0.0263344172246
217 0.026308214768
218 0.0262824586498
219 0.0262571457098
220 0.0262322727986
221 0.0262078367774
222 0.0261838345185
223 0.026160262905
224 0.026137118831
225 0.0261143992017
226 0.0260921009331
227 0.0260702209525
228 0.0260487561985
229 0.0260277036208
230 0.0260070601802
231 0.0259868228492
232 0.0259669886115
233 0.0259475544622
234 0.0259285174081
235 0.0259098744675
236 0.0258916226701
237 0.0258737590577
238 0.0258562806835
239 0.0258391846126
240 0.0258224679221
241 0.0258061277008
242 0.0257901610495
243 0.0257745650812
244 0.0257593369209
245 0.0257444737055
246 0.0257299725844
247 0.0257158307192
248 0.0257020452836
249 0.0256886134639
250 0.0256755324585
251 0.0256627994787
252 0.0256504117478
253 0.025638366502
254 0.0256266609901
255 0.0256152924733
256 0.0256042582257
257 0.0255935555342
258 0.0255831816983
259 0.0255731340304
260 0.0255634098559
261 0.0255540065131
262 0.025544921353
263 0.02553615174
264 0.0255276950513
265 0.0255195486772
266 0.0255117100212
267 0.0255041764999
268 0.0254969455431
269 0.0254900145938
270 0.0254833811082
271 0.025477042556
272 0.0254709964201
273 0.0254652401965
274 0.0254597713949
275 0.0254545875383
276 0.0254496861631
277 0.0254450648191
278 0.0254407210695
279 0.0254366524913
280 0.0254328566745
281 0.0254293312231
282 0.0254260737544
283 0.0254230818991
284 0.0254203533018
285 0.0254178856205
286 0.0254156765267
287 0.0254137237055
288 0.0254120248559
289 0.0254105776902
290 0.0254093799343
291 0.0254084293278
292 0.025407723624
293 0.0254072605897
294 0.0254070380054
295 0.0254070536651
