0 0.054628505357
1 0.054368619383
2 0.0541106417598
3 0.0538545497584
4 0.0536003211046
5 0.0533479339668
6 0.0530973669431
7 0.0528485990495
8 0.0526016097081
9 0.0523563787364
10 0.0521128863366
11 0.0518711130845
12 0.0516310399203
13 0.0513926481388
14 0.0511559193796
15 0.0509208356187
16 0.0506873791592
17 0.0504555326236
18 0.0502252789448
19 0.049996601359
20 0.0497694833976
21 0.0495439088802
22 0.049319861907
23 0.0490973268523
24 0.0488762883576
25 0.0486567313254
26 0.0484386409124
27 0.048222002524
28 0.0480068018081
29 0.0477930246493
30 0.0475806571636
31 0.0473696856931
32 0.0471600968003
33 0.0469518772636
34 0.046745014072
35 0.0465394944206
36 0.0463353057059
37 0.0461324355211
38 0.0459308716521
39 0.045730602073
40 0.0455316149421
41 0.0453338985978
42 0.0451374415549
43 0.0449422325006
44 0.0447482602909
45 0.0445555139472
46 0.0443639826524
47 0.0441736557481
48 0.0439845227309
49 0.0437965732491
50 0.0436097971
51 0.0434241842266
52 0.0432397247147
53 0.0430564087899
54 0.042874226815
55 0.0426931692872
56 0.0425132268354
57 0.0423343902176
58 0.0421566503183
59 0.0419799981465
60 0.0418044248324
61 0.0416299216261
62 0.0414564798944
63 0.0412840911194
64 0.0411127468955
65 0.0409424389279
66 0.0407731590305
67 0.0406048991232
68 0.0404376512311
69 0.0402714074813
70 0.040106160102
71 0.0399419014203
72 0.0397786238603
73 0.0396163199415
74 0.039454982277
75 0.039294603572
76 0.039135176622
77 0.0389766943114
78 0.0388191496116
79 0.0386625355798
80 0.0385068453574
81 0.0383520721687
82 0.038198209319
83 0.0380452501937
84 0.037893188257
85 0.0377420170499
86 0.0375917301898
87 0.0374423213684
88 0.0372937843511
89 0.0371461129753
90 0.0369993011496
91 0.0368533428522
92 0.0367082321304
93 0.0365639630986
94 0.036420529938
95 0.0362779268952
96 0.036136148281
97 0.0359951884697
98 0.0358550418978
99 0.0357157030632
100 0.0355771665242
101 0.0354394268984
102 0.035302478862
103 0.0351663171487
104 0.0350309365489
105 0.0348963319089
106 0.0347624981298
107 0.0346294301669
108 0.0344971230288
109 0.0343655717764
110 0.0342347715226
111 0.0341047174308
112 0.0339754047149
113 0.0338468286379
114 0.0337189845116
115 0.0335918676958
116 0.0334654735973
117 0.0333397976696
118 0.033214835412
119 0.033090582369
120 0.0329670341294
121 0.0328441863263
122 0.0327220346356
123 0.0326005747761
124 0.0324798025084
125 0.0323597136347
126 0.0322403039979
127 0.0321215694811
128 0.0320035060071
129 0.0318861095379
130 0.031769376074
131 0.0316533016537
132 0.0315378823532
133 0.0314231142854
134 0.0313089935996
135 0.0311955164812
136 0.031082679151
137 0.0309704778648
138 0.0308589089129
139 0.0307479686194
140 0.0306376533422
141 0.0305279594723
142 0.0304188834333
143 0.0303104216808
144 0.0302025707026
145 0.0300953270174
146 0.0299886871753
147 0.0298826477564
148 0.0297772053714
149 0.0296723566604
150 0.0295680982929
151 0.0294644269674
152 0.029361339411
153 0.0292588323787
154 0.0291569026537
155 0.0290555470463
156 0.0289547623941
157 0.0288545455614
158 0.0287548934388
159 0.028655802943
160 0.0285572710165
161 0.0284592946271
162 0.0283618707676
163 0.0282649964556
164 0.0281686687332
165 0.0280728846664
166 0.0279776413452
167 0.027882935883
168 0.0277887654163
169 0.0276951271047
170 0.0276020181304
171 0.0275094356977
172 0.0274173770331
173 0.027325839385
174 0.027234820023
175 0.0271443162382
176 0.0270543253425
177 0.0269648446685
178 0.0268758715694
179 0.0267874034184
180 0.0266994376087
181 0.0266119715532
182 0.0265250026843
183 0.0264385284534
184 0.0263525463312
185 0.0262670538067
186 0.0261820483879
187 0.0260975276006
188 0.026013488989
189 0.0259299301149
190 0.0258468485578
191 0.0257642419146
192 0.0256821077994
193 0.0256004438432
194 0.0255192476938
195 0.0254385170156
196 0.0253582494893
197 0.0252784428117
198 0.0251990946958
199 0.02512020287
200 0.0250417650786
201 0.0249637790812
202 0.0248862426525
203 0.0248091535824
204 0.0247325096754
205 0.0246563087508
206 0.0245805486424
207 0.0245052271982
208 0.0244303422806
209 0.0243558917656
210 0.0242818735432
211 0.024208285517
212 0.0241351256041
213 0.0240623917349
214 0.0239900818529
215 0.0239181939146
216 0.0238467258894
217 0.0237756757592
218 0.0237050415187
219 0.0236348211748
220 0.0235650127466
221 0.0234956142655
222 0.0234266237746
223 0.0233580393289
224 0.0232898589952
225 0.0232220808515
226 0.0231547029876
227 0.0230877235042
228 0.0230211405133
229 0.0229549521378
230 0.0228891565115
231 0.0228237517789
232 0.0227587360953
233 0.0226941076261
234 0.0226298645474
235 0.0225660050453
236 0.0225025273162
237 0.0224394295663
238 0.0223767100119
239 0.0223143668788
240 0.0222523984028
241 0.0221908028288
242 0.0221295784115
243 0.0220687234147
244 0.0220082361114
245 0.0219481147839
246 0.0218883577233
247 0.0218289632297
248 0.0217699296118
249 0.0217112551871
250 0.0216529382819
251 0.0215949772306
252 0.0215373703762
253 0.0214801160701
254 0.0214232126716
255 0.0213666585483
256 0.0213104520758
257 0.0212545916375
258 0.0211990756248
259 0.0211439024368
260 0.0210890704801
261 0.021034578169
262 0.0209804239253
263 0.0209266061781
264 0.0208731233638
265 0.0208199739263
266 0.0207671563163
267 0.0207146689917
268 0.0206625104175
269 0.0206106790654
270 0.0205591734142
271 0.0205079919493
272 0.0204571331628
273 0.0204065955534
274 0.0203563776265
275 0.0203064778937
276 0.0202568948734
277 0.0202076270898
278 0.0201586730739
279 0.0201100313627
280 0.0200617004991
281 0.0200136790325
282 0.019965965518
283 0.0199185585167
284 0.0198714565957
285 0.0198246583278
286 0.0197781622916
287 0.0197319670714
288 0.0196860712573
289 0.0196404734447
290 0.0195951722347
291 0.0195501662339
292 0.0195054540542
293 0.0194610343131
294 0.0194169056332
295 0.0193730666424
296 0.0193295159739
297 0.019286252266
298 0.0192432741621
299 0.0192005803108
300 0.0191581693655
301 0.0191160399849
302 0.0190741908322
303 0.0190326205758
304 0.0189913278889
305 0.0189503114494
306 0.01890956994
307 0.0188691020482
308 0.018828906466
309 0.0187889818902
310 0.018749327022
311 0.0187099405673
312 0.0186708212366
313 0.0186319677447
314 0.0185933788109
315 0.0185550531589
316 0.0185169895167
317 0.018479186617
318 0.0184416431962
319 0.0184043579956
320 0.0183673297603
321 0.0183305572397
322 0.0182940391876
323 0.0182577743617
324 0.0182217615238
325 0.0181859994401
326 0.0181504868805
327 0.0181152226192
328 0.0180802054342
329 0.0180454341077
330 0.0180109074257
331 0.0179766241781
332 0.0179425831589
333 0.0179087831658
334 0.0178752230004
335 0.0178419014683
336 0.0178088173787
337 0.0177759695447
338 0.0177433567832
339 0.0177109779148
340 0.0176788317638
341 0.0176469171584
342 0.0176152329302
343 0.0175837779148
344 0.0175525509513
345 0.0175215508825
346 0.0174907765546
347 0.0174602268178
348 0.0174299005257
349 0.0173997965354
350 0.0173699137077
351 0.0173402509069
352 0.0173108070009
353 0.0172815808611
354 0.0172525713623
355 0.0172237773831
356 0.0171951978052
357 0.017166831514
358 0.0171386773985
359 0.0171107343509
360 0.017083001267
361 0.017055477046
362 0.0170281605906
363 0.0170010508066
364 0.0169741466038
365 0.0169474468948
366 0.0169209505961
367 0.0168946566271
368 0.0168685639111
369 0.0168426713743
370 0.0168169779467
371 0.0167914825613
372 0.0167661841546
373 0.0167410816665
374 0.0167161740402
375 0.0166914602223
376 0.0166669391626
377 0.0166426098144
378 0.0166184711342
379 0.0165945220819
380 0.0165707616206
381 0.016547188717
382 0.0165238023407
383 0.016500601465
384 0.0164775850663
385 0.0164547521244
386 0.0164321016223
387 0.0164096325463
388 0.0163873438863
389 0.0163652346351
390 0.016343303789
391 0.0163215503475
392 0.0162999733137
393 0.0162785716935
394 0.0162573444965
395 0.0162362907354
396 0.0162154094263
397 0.0161946995885
398 0.0161741602447
399 0.0161537904208
400 0.016133589146
401 0.0161135554529
402 0.0160936883773
403 0.0160739869583
404 0.0160544502384
405 0.0160350772633
406 0.0160158670819
407 0.0159968187467
408 0.0159779313133
409 0.0159592038406
410 0.0159406353908
411 0.0159222250295
412 0.0159039718256
413 0.0158858748512
414 0.0158679331818
415 0.0158501458963
416 0.0158325120766
417 0.0158150308082
418 0.01579770118
419 0.0157805222839
420 0.0157634932153
421 0.015746613073
422 0.0157298809589
423 0.0157132959786
424 0.0156968572405
425 0.0156805638569
426 0.015664414943
427 0.0156484096176
428 0.0156325470026
429 0.0156168262235
430 0.0156012464091
431 0.0155858066912
432 0.0155705062054
433 0.0155553440904
434 0.0155403194884
435 0.0155254315447
436 0.0155106794082
437 0.015496062231
438 0.0154815791686
439 0.0154672293801
440 0.0154530120274
441 0.0154389262763
442 0.0154249712958
443 0.015411146258
444 0.0153974503388
445 0.0153838827171
446 0.0153704425754
447 0.0153571290994
448 0.0153439414784
449 0.0153308789048
450 0.0153179405744
451 0.0153051256867
452 0.0152924334442
453 0.0152798630529
454 0.0152674137221
455 0.0152550846648
456 0.0152428750969
457 0.015230784238
458 0.0152188113109
459 0.015206955542
460 0.0151952161607
461 0.0151835924002
462 0.0151720834969
463 0.0151606886903
464 0.0151494072237
465 0.0151382383436
466 0.0151271812998
467 0.0151162353456
468 0.0151053997375
469 0.0150946737355
470 0.015084056603
471 0.0150735476067
472 0.0150631460167
473 0.0150528511063
474 0.0150426621525
475 0.0150325784353
476 0.0150225992383
477 0.0150127238483
478 0.0150029515556
479 0.0149932816538
480 0.0149837134398
481 0.0149742462138
482 0.0149648792796
483 0.014955611944
484 0.0149464435175
485 0.0149373733135
486 0.0149284006492
487 0.0149195248448
488 0.014910745224
489 0.0149020611138
490 0.0148934718443
491 0.0148849767492
492 0.0148765751655
493 0.0148682664334
494 0.0148600498963
495 0.0148519249011
496 0.014843890798
497 0.0148359469403
498 0.0148280926848
499 0.0148203273915
500 0.0148126504236
501 0.0148050611477
502 0.0147975589335
503 0.0147901431542
504 0.0147828131862
505 0.0147755684089
506 0.0147684082052
507 0.0147613319612
508 0.0147543390662
509 0.0147474289128
510 0.0147406008967
511 0.0147338544169
512 0.0147271888757
513 0.0147206036783
514 0.0147140982335
515 0.014707671953
516 0.0147013242519
517 0.0146950545482
518 0.0146888622634
519 0.0146827468219
520 0.0146767076514
521 0.0146707441828
522 0.01466485585
523 0.01465904209
524 0.0146533023432
525 0.0146476360529
526 0.0146420426655
527 0.0146365216307
528 0.0146310724012
529 0.0146256944326
530 0.0146203871839
531 0.0146151501169
532 0.0146099826968
533 0.0146048843915
534 0.0145998546722
535 0.014594893013
536 0.0145899988911
537 0.0145851717868
538 0.0145804111832
539 0.0145757165665
540 0.0145710874261
541 0.0145665232542
542 0.0145620235459
543 0.0145575877995
544 0.0145532155161
545 0.0145489061997
546 0.0145446593575
547 0.0145404744994
548 0.0145363511384
549 0.0145322887901
550 0.0145282869734
551 0.0145243452099
552 0.0145204630241
553 0.0145166399434
554 0.014512875498
555 0.014509169221
556 0.0145055206485
557 0.0145019293191
558 0.0144983947746
559 0.0144949165593
560 0.0144914942205
561 0.0144881273083
562 0.0144848153755
563 0.0144815579776
564 0.0144783546731
565 0.0144752050231
566 0.0144721085915
567 0.0144690649448
568 0.0144660736524
569 0.0144631342863
570 0.0144602464213
571 0.0144574096347
572 0.0144546235068
573 0.0144518876204
574 0.0144492015607
575 0.014446564916
576 0.0144439772769
577 0.0144414382369
578 0.0144389473918
579 0.0144365043403
580 0.0144341086835
581 0.0144317600252
582 0.0144294579717
583 0.0144272021318
584 0.0144249921171
585 0.0144228275414
586 0.0144207080212
587 0.0144186331756
588 0.014416602626
589 0.0144146159965
590 0.0144126729136
591 0.0144107730061
592 0.0144089159056
593 0.0144071012458
594 0.0144053286631
595 0.0144035977962
596 0.0144019082862
597 0.0144002597767
598 0.0143986519135
599 0.0143970843451
