0 0.0436760923102
1 0.0434741556445
2 0.0432736628237
3 0.0430746001569
4 0.0428769541729
5 0.0426807116156
6 0.0424858594384
7 0.0422923848002
8 0.04210027506
9 0.0419095177731
10 0.0417201006862
11 0.0415320117336
12 0.0413452390327
13 0.0411597708801
14 0.0409755957481
15 0.0407927022804
16 0.0406110792886
17 0.0404307157488
18 0.0402516007978
19 0.0400737237301
20 0.0398970739944
21 0.0397216411903
22 0.0395474150654
23 0.0393743855122
24 0.0392025425651
25 0.0390318763975
26 0.0388623773191
27 0.0386940357731
28 0.0385268423337
29 0.038360787703
30 0.0381958627093
31 0.0380320583039
32 0.0378693655591
33 0.0377077756658
34 0.0375472799309
35 0.0373878697756
36 0.0372295367329
37 0.0370722724455
38 0.0369160686638
39 0.0367609172439
40 0.0366068101455
41 0.0364537394301
42 0.0363016972592
43 0.0361506758922
44 0.0360006676847
45 0.0358516650869
46 0.0357036606418
47 0.0355566469836
48 0.0354106168357
49 0.0352655630098
50 0.0351214784035
51 0.0349783559994
52 0.0348361888634
53 0.0346949701433
54 0.0345546930672
55 0.0344153509422
56 0.0342769371532
57 0.0341394451613
58 0.0340028685025
59 0.0338672007868
60 0.0337324356964
61 0.0335985669848
62 0.0334655884757
63 0.0333334940614
64 0.033202277702
65 0.0330719334243
66 0.0329424553205
67 0.032813837547
68 0.0326860743238
69 0.0325591599329
70 0.0324330887179
71 0.0323078550823
72 0.0321834534892
73 0.0320598784597
74 0.0319371245726
75 0.0318151864629
76 0.0316940588214
77 0.0315737363932
78 0.0314542139775
79 0.0313354864264
80 0.0312175486439
81 0.0311003955855
82 0.0309840222571
83 0.0308684237141
84 0.0307535950611
85 0.0306395314506
86 0.0305262280826
87 0.0304136802036
88 0.0303018831063
89 0.0301908321284
90 0.0300805226521
91 0.0299709501036
92 0.0298621099522
93 0.0297539977097
94 0.0296466089298
95 0.0295399392072
96 0.0294339841776
97 0.0293287395164
98 0.0292242009384
99 0.0291203641973
100 0.0290172250849
101 0.0289147794307
102 0.0288130231013
103 0.0287119519997
104 0.028611562065
105 0.0285118492717
106 0.0284128096292
107 0.0283144391812
108 0.0282167340054
109 0.0281196902129
110 0.0280233039477
111 0.0279275713861
112 0.0278324887364
113 0.0277380522385
114 0.027644258163
115 0.0275511028115
116 0.0274585825152
117 0.0273666936354
118 0.0272754325625
119 0.0271847957155
120 0.0270947795421
121 0.027005380518
122 0.0269165951462
123 0.0268284199572
124 0.0267408515081
125 0.0266538863825
126 0.02656752119
127 0.0264817525659
128 0.0263965771708
129 0.0263119916902
130 0.0262279928342
131 0.0261445773371
132 0.0260617419571
133 0.0259794834761
134 0.0258977986989
135 0.0258166844535
136 0.0257361375903
137 0.025656154982
138 0.0255767335231
139 0.02549787013
140 0.0254195617402
141 0.0253418053122
142 0.0252645978254
143 0.0251879362796
144 0.0251118176946
145 0.0250362391102
146 0.0249611975859
147 0.0248866902003
148 0.0248127140512
149 0.0247392662553
150 0.0246663439475
151 0.0245939442813
152 0.0245220644282
153 0.0244507015774
154 0.0243798529356
155 0.0243095157268
156 0.0242396871924
157 0.0241703645901
158 0.0241015451947
159 0.0240332262971
160 0.0239654052044
161 0.0238980792398
162 0.023831245742
163 0.0237649020655
164 0.0236990455798
165 0.0236336736698
166 0.0235687837353
167 0.0235043731905
168 0.0234404394646
169 0.0233769800007
170 0.0233139922563
171 0.0232514737029
172 0.0231894218256
173 0.0231278341232
174 0.0230667081079
175 0.0230060413052
176 0.0229458312538
177 0.0228860755051
178 0.0228267716234
179 0.0227679171856
180 0.022709509781
181 0.0226515470112
182 0.02259402649
183 0.0225369458431
184 0.0224803027081
185 0.0224240947342
186 0.0223683195824
187 0.0223129749249
188 0.0222580584453
189 0.0222035678381
190 0.0221495008093
191 0.0220958550753
192 0.0220426283635
193 0.0219898184121
194 0.0219374229694
195 0.0218854397944
196 0.0218338666564
197 0.0217827013348
198 0.0217319416189
199 0.0216815853082
200 0.0216316302119
201 0.021582074149
202 0.021532914948
203 0.0214841504472
204 0.0214357784939
205 0.0213877969453
206 0.0213402036672
207 0.0212929965352
208 0.0212461734333
209 0.021199732255
210 0.0211536709025
211 0.0211079872866
212 0.0210626793271
213 0.0210177449522
214 0.0209731820988
215 0.0209289887123
216 0.0208851627463
217 0.0208417021629
218 0.0207986049324
219 0.0207558690332
220 0.020713492452
221 0.0206714731833
222 0.0206298092297
223 0.0205884986018
224 0.020547539318
225 0.0205069294044
226 0.0204666668948
227 0.0204267498309
228 0.0203871762618
229 0.0203479442444
230 0.0203090518428
231 0.0202704971288
232 0.0202322781815
233 0.0201943930874
234 0.0201568399403
235 0.0201196168414
236 0.0200827218989
237 0.0200461532282
238 0.0200099089522
239 0.0199739872003
240 0.0199383861095
241 0.0199031038236
242 0.0198681384932
243 0.0198334882763
244 0.0197991513374
245 0.019765125848
246 0.0197314099866
247 0.0196980019384
248 0.0196648998953
249 0.0196321020561
250 0.0195996066262
251 0.0195674118179
252 0.01953551585
253 0.019503916948
254 0.019472613344
255 0.0194416032769
256 0.0194108849919
257 0.0193804567409
258 0.0193503167823
259 0.0193204633812
260 0.0192908948089
261 0.0192616093433
262 0.019232605269
263 0.0192038808768
264 0.0191754344639
265 0.0191472643341
266 0.0191193687975
267 0.0190917461706
268 0.0190643947763
269 0.0190373129439
270 0.0190104990089
271 0.0189839513135
272 0.0189576682057
273 0.0189316480404
274 0.0189058891783
275 0.0188803899869
276 0.0188551488395
277 0.0188301641161
278 0.0188054342027
279 0.0187809574918
280 0.018756732382
281 0.0187327572783
282 0.0187090305918
283 0.01868555074
284 0.0186623161466
285 0.0186393252415
286 0.0186165764609
287 0.0185940682472
288 0.0185717990491
289 0.0185497673214
290 0.0185279715253
291 0.0185064101281
292 0.0184850816033
293 0.0184639844307
294 0.0184431170964
295 0.0184224780925
296 0.0184020659174
297 0.0183818790759
298 0.0183619160787
299 0.018342175443
300 0.018322655692
301 0.0183033553552
302 0.0182842729683
303 0.0182654070733
304 0.0182467562183
305 0.0182283189575
306 0.0182100938517
307 0.0181920794674
308 0.0181742743778
309 0.0181566771618
310 0.0181392864051
311 0.0181221006991
312 0.0181051186416
313 0.0180883388367
314 0.0180717598945
315 0.0180553804316
316 0.0180391990705
317 0.0180232144401
318 0.0180074251755
319 0.0179918299179
320 0.0179764273147
321 0.0179612160198
322 0.0179461946929
323 0.0179313620002
324 0.0179167166139
325 0.0179022572125
326 0.0178879824809
327 0.0178738911097
328 0.0178599817963
329 0.0178462532438
330 0.0178327041618
331 0.017819333266
332 0.0178061392782
333 0.0177931209266
334 0.0177802769455
335 0.0177676060752
336 0.0177551070624
337 0.01774277866
338 0.017730619627
339 0.0177186287285
340 0.017706804736
341 0.0176951464268
342 0.0176836525848
343 0.0176723219997
344 0.0176611534676
345 0.0176501457906
346 0.017639297777
347 0.0176286082413
348 0.017618076004
349 0.0176076998918
350 0.0175974787377
351 0.0175874113805
352 0.0175774966653
353 0.0175677334432
354 0.0175581205717
355 0.017548656914
356 0.0175393413396
357 0.0175301727241
358 0.017521149949
359 0.0175122719021
360 0.017503537477
361 0.0174949455736
362 0.0174864950977
363 0.0174781849611
364 0.0174700140817
365 0.0174619813834
366 0.017454085796
367 0.0174463262555
368 0.0174387017038
369 0.0174312110885
370 0.0174238533636
371 0.0174166274889
372 0.0174095324299
373 0.0174025671583
374 0.0173957306516
375 0.0173890218933
376 0.0173824398728
377 0.0173759835851
378 0.0173696520315
379 0.0173634442188
380 0.0173573591599
381 0.0173513958733
382 0.0173455533834
383 0.0173398307206
384 0.0173342269208
385 0.0173287410257
386 0.0173233720831
387 0.0173181191461
388 0.0173129812737
389 0.0173079575308
390 0.0173030469878
391 0.0172982487208
392 0.0172935618116
393 0.0172889853476
394 0.017284518422
395 0.0172801601334
396 0.0172759095862
397 0.0172717658902
398 0.017267728161
399 0.0172637955195
400 0.0172599670923
401 0.0172562420115
402 0.0172526194148
403 0.017249098445
404 0.0172456782508
405 0.0172423579862
406 0.0172391368105
407 0.0172360138886
408 0.0172329883907
409 0.0172300594924
410 0.0172272263745
411 0.0172244882234
412 0.0172218442307
413 0.0172192935931
414 0.017216835513
415 0.0172144691977
416 0.0172121938598
417 0.0172100087172
418 0.0172079129929
419 0.0172059059153
420 0.0172039867177
421 0.0172021546386
422 0.0172004089217
423 0.0171987488157
424 0.0171971735744
425 0.0171956824567
426 0.0171942747264
427 0.0171929496525
428 0.0171917065089
429 0.0171905445743
430 0.0171894631327
431 0.0171884614727
432 0.0171875388879
433 0.0171866946769
434 0.017185928143
435 0.0171852385944
436 0.0171846253441
437 0.0171840877099
438 0.0171836250145
439 0.017183236585
440 0.0171829217536
441 0.0171826798569
442 0.0171825102366
443 0.0171824122385
444 0.0171823852134
445 0.0171824285167
