0 0.0433765078255
1 0.0428833228064
2 0.0423996471854
3 0.0419252101199
4 0.041459753522
5 0.0410030312358
6 0.0405548082806
7 0.0401148601549
8 0.0396829721942
9 0.0392589389781
10 0.0388425637828
11 0.0384336580731
12 0.0380320410325
13 0.0376375391264
14 0.0372499856964
15 0.0368692205827
16 0.0364950897726
17 0.0361274450726
18 0.0357661438018
19 0.0354110485065
20 0.0350620266917
21 0.0347189505711
22 0.034381696832
23 0.0340501464145
24 0.0337241843049
25 0.0334036993408
26 0.0330885840286
27 0.0327787343702
28 0.0324740497015
29 0.0321744325388
30 0.0318797884341
31 0.031590025839
32 0.031305055975
33 0.0310247927121
34 0.0307491524525
35 0.0304780540217
36 0.0302114185643
37 0.0299491694458
38 0.0296912321591
39 0.0294375342354
40 0.0291880051607
41 0.0289425762946
42 0.0287011807947
43 0.028463753544
44 0.0282302310809
45 0.0280005515345
46 0.0277746545608
47 0.0275524812832
48 0.0273339742351
49 0.0271190773055
50 0.0269077356866
51 0.0266998958242
52 0.02649550537
53 0.0262945131358
54 0.0260968690503
55 0.0259025241172
56 0.0257114303754
57 0.0255235408605
58 0.0253388095688
59 0.0251571914218
60 0.0249786422325
61 0.024803118674
62 0.0246305782475
63 0.0244609792541
64 0.0242942807652
65 0.0241304425962
66 0.0239694252802
67 0.0238111900428
68 0.0236556987787
69 0.023502914028
70 0.023352798955
71 0.0232053173265
72 0.0230604334917
73 0.0229181123632
74 0.0227783193978
75 0.0226410205791
76 0.0225061824004
77 0.0223737718483
78 0.022243756387
79 0.0221161039433
80 0.0219907828926
81 0.0218677620446
82 0.0217470106308
83 0.0216284982914
84 0.0215121950637
85 0.0213980713708
86 0.0212860980099
87 0.0211762461428
88 0.0210684872854
89 0.0209627932983
90 0.020859136378
91 0.020757489048
92 0.0206578241509
93 0.0205601148404
94 0.0204643345741
95 0.0203704571062
96 0.0202784564814
97 0.0201883070279
98 0.0200999833519
99 0.0200134603318
100 0.0199287131131
101 0.0198457171027
102 0.0197644479649
103 0.0196848816165
104 0.0196069942225
105 0.0195307621925
106 0.0194561621764
107 0.0193831710614
108 0.0193117659684
109 0.019241924249
110 0.0191736234826
111 0.0191068414735
112 0.0190415562488
113 0.0189777460554
114 0.0189153893584
115 0.0188544648387
116 0.0187949513909
117 0.0187368281219
118 0.0186800743492
119 0.0186246695989
120 0.0185705936046
121 0.0185178263061
122 0.0184663478479
123 0.0184161385781
124 0.0183671790473
125 0.0183194500078
126 0.0182729324122
127 0.0182276074128
128 0.0181834563606
129 0.0181404608046
130 0.018098602491
131 0.0180578633624
132 0.0180182255571
133 0.0179796714085
134 0.0179421834444
135 0.0179057443864
136 0.0178703371492
137 0.01783594484
138 0.0178025507579
139 0.0177701383935
140 0.0177386914278
141 0.0177081937319
142 0.0176786293667
143 0.0176499825816
144 0.0176222378142
145 0.0175953796897
146 0.0175693930202
147 0.0175442628039
148 0.0175199742243
149 0.0174965126499
150 0.0174738636329
151 0.0174520129089
152 0.0174309463956
153 0.0174106501925
154 0.0173911105797
155 0.017372314017
156 0.0173542471434
157 0.0173368967755
158 0.0173202499071
159 0.0173042937079
160 0.0172890155228
161 0.0172744028703
162 0.017260443442
163 0.0172471251013
164 0.0172344358819
165 0.0172223639873
166 0.017210897789
167 0.0172000258259
168 0.0171897368024
169 0.0171800195877
170 0.0171708632141
171 0.017162256876
172 0.0171541899285
173 0.0171466518859
174 0.0171396324205
175 0.0171331213611
176 0.0171271086917
177 0.0171215845499
178 0.0171165392257
179 0.0171119631597
180 0.0171078469422
181 0.017104181311
182 0.0171009571503
183 0.0170981654893
184 0.0170957975005
185 0.017093844498
186 0.0170922979362
187 0.0170911494084
188 0.0170903906447
189 0.017090013511
190 0.0170900100071
191 0.0170903722654
