0 0.0482289229335
1 0.0475951091578
2 0.0469753924761
3 0.0463692660996
4 0.0457762542807
5 0.0451959097587
6 0.0446278114678
7 0.0440715624768
8 0.0435267881305
9 0.0429931343716
10 0.0424702662194
11 0.0419578663899
12 0.0414556340404
13 0.0409632836253
14 0.0404805438513
15 0.0400071567218
16 0.039542876661
17 0.0390874697098
18 0.0386407127862
19 0.0382023930048
20 0.0377723070482
21 0.0373502605866
22 0.0369360677413
23 0.0365295505866
24 0.0361305386888
25 0.0357388686769
26 0.0353543838436
27 0.0349769337743
28 0.0346063739998
29 0.0342425656731
30 0.0338853752664
31 0.0335346742886
32 0.0331903390191
33 0.0328522502594
34 0.0325202930992
35 0.0321943566963
36 0.03187433407
37 0.0315601219063
38 0.0312516203738
39 0.0309487329503
40 0.030651366259
41 0.0303594299135
42 0.0300728363709
43 0.0297915007927
44 0.0295153409133
45 0.0292442769147
46 0.0289782313073
47 0.0287171288179
48 0.0284608962813
49 0.0282094625387
50 0.0279627583401
51 0.0277207162513
52 0.0274832705659
53 0.0272503572205
54 0.0270219137143
55 0.0267978790321
56 0.0265781935707
57 0.026362799069
58 0.0261516385405
59 0.0259446562095
60 0.0257417974494
61 0.0255430087245
62 0.0253482375334
63 0.025157432356
64 0.0249705426015
65 0.0247875185604
66 0.0246083113568
67 0.0244328729043
68 0.0242611558633
69 0.0240931136002
70 0.0239287001486
71 0.0237678701727
72 0.023610578932
73 0.0234567822479
74 0.023306436472
75 0.0231594984564
76 0.0230159255248
77 0.0228756754459
78 0.0227387064082
79 0.0226049769959
80 0.0224744461665
81 0.0223470732301
82 0.0222228178294
83 0.0221016399218
84 0.0219834997623
85 0.0218683578876
86 0.021756175102
87 0.0216469124641
88 0.0215405312745
89 0.0214369930651
90 0.0213362595893
91 0.0212382928132
92 0.0211430549079
93 0.0210505082427
94 0.0209606153795
95 0.0208733390679
96 0.0207886422413
97 0.0207064880136
98 0.0206268396776
99 0.0205496607024
100 0.0204749147337
101 0.0204025655931
102 0.020332577279
103 0.0202649139674
104 0.0201995400143
105 0.0201364199574
106 0.0200755185194
107 0.0200168006107
108 0.0199602313337
109 0.0199057759867
110 0.0198534000679
111 0.0198030692807
112 0.0197547495384
113 0.0197084069692
114 0.0196640079223
115 0.0196215189728
116 0.0195809069277
117 0.0195421388317
118 0.0195051819733
119 0.0194700038904
120 0.0194365723762
121 0.0194048554855
122 0.0193748215404
123 0.019346439136
124 0.0193196771464
125 0.0192945047299
126 0.0192708913349
127 0.0192488067052
128 0.019228220885
129 0.0192091042239
130 0.019191427382
131 0.0191751613341
132 0.0191602773745
133 0.0191467471208
134 0.0191345425179
135 0.0191236358419
136 0.0191139997032
137 0.0191056070501
138 0.0190984311709
139 0.0190924456976
140 0.0190876246074
141 0.0190839422253
142 0.0190813732256
143 0.0190798926339
144 0.019079475828
145 0.0190800985392
