0 0.050629707958
1 0.0503971155258
2 0.0501661044303
3 0.0499366592347
4 0.049708764753
5 0.0494824060441
6 0.0492575684067
7 0.0490342373731
8 0.0488123987045
9 0.0485920383853
10 0.0483731426183
11 0.0481556978197
12 0.0479396906145
13 0.047725107832
14 0.0475119365008
15 0.0473001638451
16 0.04708977728
17 0.0468807644076
18 0.0466731130129
19 0.0464668110601
20 0.0462618466887
21 0.0460582082096
22 0.0458558841022
23 0.04565486301
24 0.045455133738
25 0.0452566852489
26 0.0450595066603
27 0.0448635872412
28 0.0446689164092
29 0.0444754837275
30 0.0442832789018
31 0.0440922917779
32 0.0439025123386
33 0.0437139307011
34 0.0435265371147
35 0.0433403219576
36 0.0431552757353
37 0.0429713890773
38 0.0427886527355
39 0.0426070575815
40 0.0424265946043
41 0.0422472549083
42 0.0420690297112
43 0.0418919103417
44 0.0417158882378
45 0.0415409549444
46 0.0413671021117
47 0.041194321493
48 0.0410226049434
49 0.0408519444172
50 0.0406823319669
51 0.0405137597408
52 0.0403462199821
53 0.0401797050263
54 0.0400142073004
55 0.0398497193211
56 0.0396862336929
57 0.039523743107
58 0.0393622403397
59 0.0392017182511
60 0.0390421697833
61 0.0388835879594
62 0.0387259658822
63 0.0385692967323
64 0.0384135737677
65 0.0382587903216
66 0.038104939802
67 0.0379520156899
68 0.0378000115384
69 0.0376489209713
70 0.0374987376823
71 0.0373494554337
72 0.0372010680552
73 0.0370535694432
74 0.0369069535591
75 0.036761214429
76 0.0366163461423
77 0.0364723428508
78 0.0363291987676
79 0.0361869081663
80 0.0360454653803
81 0.0359048648012
82 0.0357651008788
83 0.0356261681194
84 0.0354880610854
85 0.0353507743946
86 0.0352143027189
87 0.0350786407838
88 0.0349437833676
89 0.0348097253003
90 0.0346764614635
91 0.034543986789
92 0.0344122962582
93 0.0342813849018
94 0.0341512477985
95 0.0340218800747
96 0.0338932769037
97 0.0337654335049
98 0.0336383451433
99 0.033512007129
100 0.0333864148162
101 0.0332615636027
102 0.0331374489294
103 0.0330140662797
104 0.0328914111787
105 0.0327694791929
106 0.0326482659295
107 0.0325277670356
108 0.032407978198
109 0.0322888951427
110 0.0321705136338
111 0.0320528294738
112 0.0319358385023
113 0.031819536596
114 0.0317039196681
115 0.0315889836676
116 0.0314747245791
117 0.0313611384221
118 0.0312482212507
119 0.031135969153
120 0.0310243782509
121 0.0309134446991
122 0.0308031646855
123 0.0306935344299
124 0.0305845501842
125 0.0304762082318
126 0.0303685048869
127 0.0302614364948
128 0.0301549994306
129 0.0300491900995
130 0.0299440049361
131 0.0298394404042
132 0.0297354929962
133 0.029632159233
134 0.0295294356634
135 0.0294273188638
136 0.029325805438
137 0.0292248920168
138 0.0291245752575
139 0.0290248518437
140 0.0289257184848
141 0.0288271719161
142 0.0287292088981
143 0.0286318262162
144 0.0285350206804
145 0.0284387891254
146 0.0283431284096
147 0.0282480354155
148 0.0281535070487
149 0.0280595402383
150 0.0279661319362
151 0.0278732791169
152 0.0277809787773
153 0.0276892279364
154 0.0275980236348
155 0.0275073629349
156 0.0274172429203
157 0.0273276606956
158 0.0272386133861
159 0.0271500981378
160 0.0270621121169
161 0.0269746525095
162 0.0268877165218
163 0.0268013013791
164 0.0267154043266
165 0.0266300226281
166 0.0265451535665
167 0.0264607944433
168 0.0263769425786
169 0.0262935953103
170 0.0262107499948
171 0.0261284040058
172 0.026046554735
173 0.0259651995912
174 0.0258843360004
175 0.0258039614057
176 0.025724073267
177 0.0256446690605
178 0.025565746279
179 0.0254873024315
180 0.0254093350429
181 0.0253318416541
182 0.0252548198215
183 0.025178267117
184 0.0251021811278
185 0.0250265594562
186 0.0249513997195
187 0.0248766995497
188 0.0248024565934
189 0.0247286685118
190 0.0246553329801
191 0.0245824476878
192 0.0245100103384
193 0.0244380186492
194 0.0243664703508
195 0.0242953631879
196 0.024224694918
197 0.0241544633121
198 0.0240846661542
199 0.0240153012411
200 0.0239463663824
201 0.0238778594005
202 0.0238097781301
203 0.0237421204182
204 0.0236748841243
205 0.0236080671195
206 0.0235416672874
207 0.023475682523
208 0.0234101107332
209 0.0233449498364
210 0.0232801977625
211 0.0232158524526
212 0.0231519118592
213 0.0230883739455
214 0.0230252366862
215 0.0229624980663
216 0.022900156082
217 0.0228382087398
218 0.0227766540567
219 0.0227154900604
220 0.0226547147886
221 0.0225943262893
222 0.0225343226206
223 0.0224747018503
224 0.0224154620565
225 0.0223566013269
226 0.0222981177586
227 0.0222400094587
228 0.0221822745435
229 0.0221249111388
230 0.0220679173795
231 0.02201129141
232 0.0219550313836
233 0.0218991354626
234 0.0218436018182
235 0.0217884286306
236 0.0217336140886
237 0.0216791563898
238 0.0216250537402
239 0.0215713043544
240 0.0215179064554
241 0.0214648582746
242 0.0214121580515
243 0.021359804034
244 0.0213077944779
245 0.0212561276471
246 0.0212048018136
247 0.0211538152569
248 0.0211031662648
249 0.0210528531325
250 0.0210028741629
251 0.0209532276667
252 0.0209039119619
253 0.020854925374
254 0.0208062662361
255 0.0207579328884
256 0.0207099236785
257 0.0206622369612
258 0.0206148710983
259 0.020567824459
260 0.0205210954193
261 0.0204746823621
262 0.0204285836775
263 0.0203827977622
264 0.0203373230197
265 0.0202921578604
266 0.0202473007014
267 0.0202027499663
268 0.0201585040854
269 0.0201145614954
270 0.0200709206396
271 0.0200275799678
272 0.019984537936
273 0.0199417930068
274 0.0198993436488
275 0.019857188337
276 0.0198153255526
277 0.019773753783
278 0.0197324715217
279 0.0196914772682
280 0.0196507695281
281 0.0196103468129
282 0.0195702076402
283 0.0195303505334
284 0.0194907740218
285 0.0194514766406
286 0.0194124569306
287 0.0193737134386
288 0.019335244717
289 0.0192970493239
290 0.0192591258231
291 0.0192214727839
292 0.0191840887813
293 0.0191469723958
294 0.0191101222135
295 0.0190735368259
296 0.0190372148301
297 0.0190011548284
298 0.0189653554287
299 0.0189298152442
300 0.0188945328934
301 0.0188595070002
302 0.0188247361937
303 0.0187902191085
304 0.0187559543841
305 0.0187219406653
306 0.0186881766024
307 0.0186546608504
308 0.0186213920698
309 0.018588368926
310 0.0185555900896
311 0.0185230542362
312 0.0184907600466
313 0.0184587062064
314 0.0184268914064
315 0.0183953143423
316 0.0183639737148
317 0.0183328682295
318 0.0183019965969
319 0.0182713575327
320 0.018240949757
321 0.0182107719952
322 0.0181808229774
323 0.0181511014385
324 0.0181216061183
325 0.0180923357614
326 0.018063289117
327 0.0180344649395
328 0.0180058619877
329 0.0179774790252
330 0.0179493148205
331 0.0179213681466
332 0.0178936377815
333 0.0178661225075
334 0.017838821112
335 0.0178117323868
336 0.0177848551284
337 0.017758188138
338 0.0177317302213
339 0.0177054801889
340 0.0176794368556
341 0.0176535990413
342 0.01762796557
343 0.0176025352707
344 0.0175773069765
345 0.0175522795256
346 0.0175274517603
347 0.0175028225277
348 0.0174783906792
349 0.0174541550711
350 0.0174301145637
351 0.0174062680223
352 0.0173826143163
353 0.0173591523199
354 0.0173358809116
355 0.0173127989744
356 0.0172899053957
357 0.0172671990675
358 0.0172446788862
359 0.0172223437525
360 0.0172001925718
361 0.0171782242537
362 0.0171564377122
363 0.017134831866
364 0.0171134056378
365 0.0170921579551
366 0.0170710877496
367 0.0170501939572
368 0.0170294755186
369 0.0170089313785
370 0.0169885604863
371 0.0169683617953
372 0.0169483342637
373 0.0169284768537
374 0.0169087885319
375 0.0168892682693
376 0.0168699150413
377 0.0168507278274
378 0.0168317056116
379 0.0168128473823
380 0.016794152132
381 0.0167756188576
382 0.0167572465603
383 0.0167390342456
384 0.0167209809233
385 0.0167030856075
386 0.0166853473166
387 0.0166677650732
388 0.0166503379041
389 0.0166330648406
390 0.0166159449181
391 0.0165989771762
392 0.016582160659
393 0.0165654944145
394 0.0165489774953
395 0.0165326089578
396 0.0165163878631
397 0.0165003132763
398 0.0164843842666
399 0.0164685999075
400 0.0164529592769
401 0.0164374614566
402 0.0164221055327
403 0.0164068905957
404 0.01639181574
405 0.0163768800643
406 0.0163620826714
407 0.0163474226685
408 0.0163328991666
409 0.0163185112811
410 0.0163042581315
411 0.0162901388415
412 0.0162761525389
413 0.0162622983554
414 0.0162485754273
415 0.0162349828946
416 0.0162215199015
417 0.0162081855966
418 0.0161949791322
419 0.016181899665
420 0.0161689463555
421 0.0161561183685
422 0.016143414873
423 0.0161308350416
424 0.0161183780514
425 0.0161060430834
426 0.0160938293226
427 0.016081735958
428 0.016069762183
429 0.0160579071944
430 0.0160461701936
431 0.0160345503857
432 0.0160230469799
433 0.0160116591893
434 0.0160003862311
435 0.0159892273265
436 0.0159781817005
437 0.0159672485823
438 0.0159564272049
439 0.0159457168052
440 0.0159351166242
441 0.0159246259067
442 0.0159142439016
443 0.0159039698614
444 0.0158938030429
445 0.0158837427065
446 0.0158737881166
447 0.0158639385415
448 0.0158541932533
449 0.015844551528
450 0.0158350126455
451 0.0158255758895
452 0.0158162405475
453 0.0158070059109
454 0.0157978712749
455 0.0157888359384
456 0.0157798992043
457 0.0157710603791
458 0.0157623187732
459 0.0157536737006
460 0.0157451244793
461 0.0157366704309
462 0.0157283108808
463 0.015720045158
464 0.0157118725954
465 0.0157037925294
466 0.0156958043004
467 0.0156879072521
468 0.0156801007322
469 0.015672384092
470 0.0156647566862
471 0.0156572178735
472 0.015649767016
473 0.0156424034796
474 0.0156351266336
475 0.015627935851
476 0.0156208305084
477 0.015613809986
478 0.0156068736676
479 0.0156000209404
480 0.0155932511953
481 0.0155865638266
482 0.0155799582322
483 0.0155734338135
484 0.0155669899755
485 0.0155606261264
486 0.0155543416782
487 0.0155481360461
488 0.0155420086489
489 0.0155359589088
490 0.0155299862515
491 0.0155240901059
492 0.0155182699045
493 0.0155125250831
494 0.0155068550809
495 0.0155012593405
496 0.0154957373078
497 0.0154902884321
498 0.0154849121659
499 0.0154796079651
500 0.0154743752889
501 0.0154692135999
502 0.0154641223637
503 0.0154591010494
504 0.0154541491292
505 0.0154492660787
506 0.0154444513767
507 0.015439704505
508 0.0154350249488
509 0.0154304121964
510 0.0154258657393
511 0.0154213850723
512 0.0154169696931
513 0.0154126191026
514 0.015408332805
515 0.0154041103074
516 0.01539995112
517 0.0153958547563
518 0.0153918207326
519 0.0153878485684
520 0.0153839377862
521 0.0153800879116
522 0.0153762984731
523 0.0153725690023
524 0.0153688990337
525 0.0153652881049
526 0.0153617357563
527 0.0153582415313
528 0.0153548049764
529 0.0153514256408
530 0.0153481030766
531 0.0153448368391
532 0.0153416264861
533 0.0153384715785
534 0.01533537168
535 0.0153323263572
536 0.0153293351792
537 0.0153263977184
538 0.0153235135498
539 0.015320682251
540 0.0153179034025
541 0.0153151765878
542 0.0153125013928
543 0.0153098774063
544 0.0153073042197
545 0.0153047814273
546 0.015302308626
547 0.0152998854153
548 0.0152975113974
549 0.0152951861773
550 0.0152929093623
551 0.0152906805628
552 0.0152884993914
553 0.0152863654635
554 0.015284278397
555 0.0152822378124
556 0.0152802433329
557 0.015278294584
558 0.0152763911938
559 0.015274532793
560 0.0152727190148
561 0.0152709494948
562 0.0152692238712
563 0.0152675417845
564 0.0152659028779
565 0.0152643067967
566 0.015262753189
567 0.015261241705
568 0.0152597719975
569 0.0152583437215
570 0.0152569565346
571 0.0152556100965
572 0.0152543040696
573 0.0152530381182
574 0.0152518119093
575 0.015250625112
576 0.0152494773978
577 0.0152483684403
578 0.0152472979155
579 0.0152462655018
580 0.0152452708795
581 0.0152443137315
582 0.0152433937427
583 0.0152425106002
584 0.0152416639933
585 0.0152408536136
586 0.0152400791548
587 0.0152393403127
588 0.0152386367853
589 0.0152379682726
590 0.0152373344771
591 0.0152367351028
592 0.0152361698564
593 0.0152356384463
594 0.015235140583
595 0.0152346759793
596 0.0152342443497
597 0.015233845411
598 0.0152334788819
599 0.0152331444832
