0 0.0560362393771
1 0.0557362454099
2 0.0554388416973
3 0.0551439894264
4 0.0548516507684
5 0.0545617888438
6 0.0542743676893
7 0.0539893522254
8 0.0537067082267
9 0.0534264022924
10 0.0531484018185
11 0.0528726749715
12 0.0525991906624
13 0.0523279185231
14 0.0520588288822
15 0.0517918927431
16 0.0515270817625
17 0.0512643682297
18 0.0510037250466
19 0.0507451257094
20 0.0504885442895
21 0.0502339554167
22 0.049981334262
23 0.0497306565217
24 0.0494818984015
25 0.0492350366017
26 0.048990048303
27 0.0487469111522
28 0.0485056032492
29 0.0482661031342
30 0.0480283897747
31 0.0477924425545
32 0.0475582412612
33 0.0473257660759
34 0.0470949975619
35 0.0468659166547
36 0.046638504652
37 0.0464127432036
38 0.0461886143029
39 0.0459661002772
40 0.0457451837792
41 0.0455258477788
42 0.0453080755547
43 0.0450918506868
44 0.0448771570484
45 0.0446639787988
46 0.0444523003764
47 0.0442421064917
48 0.0440333821205
49 0.0438261124976
50 0.0436202831106
51 0.0434158796936
52 0.0432128882215
53 0.0430112949041
54 0.0428110861808
55 0.0426122487153
56 0.0424147693901
57 0.0422186353014
58 0.0420238337548
59 0.0418303522599
60 0.041638178526
61 0.0414473004575
62 0.0412577061497
63 0.0410693838844
64 0.040882322126
65 0.0406965095171
66 0.0405119348752
67 0.0403285871884
68 0.0401464556122
69 0.0399655294654
70 0.0397857982271
71 0.0396072515332
72 0.039429879173
73 0.039253671086
74 0.039078617359
75 0.0389047082227
76 0.0387319340493
77 0.0385602853492
78 0.0383897527681
79 0.0382203270848
80 0.0380519992081
81 0.0378847601743
82 0.0377186011449
83 0.0375535134039
84 0.0373894883553
85 0.0372265175213
86 0.0370645925394
87 0.0369037051604
88 0.0367438472466
89 0.0365850107691
90 0.036427187806
91 0.0362703705405
92 0.0361145512589
93 0.0359597223482
94 0.0358058762952
95 0.0356530056836
96 0.0355011031931
97 0.035350161597
98 0.0352001737608
99 0.0350511326406
100 0.0349030312814
101 0.0347558628154
102 0.0346096204604
103 0.0344642975187
104 0.034319887375
105 0.0341763834955
106 0.0340337794262
107 0.0338920687915
108 0.033751245293
109 0.0336113027078
110 0.0334722348878
111 0.0333340357579
112 0.033196699315
113 0.0330602196268
114 0.0329245908303
115 0.0327898071311
116 0.0326558628019
117 0.0325227521816
118 0.032390469674
119 0.0322590097468
120 0.0321283669307
121 0.0319985358182
122 0.0318695110625
123 0.0317412873769
124 0.0316138595332
125 0.0314872223615
126 0.0313613707486
127 0.0312362996376
128 0.0311120040265
129 0.0309884789679
130 0.0308657195675
131 0.0307437209838
132 0.0306224784271
133 0.0305019871584
134 0.0303822424892
135 0.0302632397799
136 0.0301449744399
137 0.0300274419262
138 0.0299106377429
139 0.0297945574407
140 0.0296791966155
141 0.0295645509087
142 0.0294506160056
143 0.029337387635
144 0.029224861569
145 0.0291130336217
146 0.0290018996489
147 0.0288914555473
148 0.0287816972541
149 0.0286726207463
150 0.0285642220399
151 0.0284564971897
152 0.0283494422885
153 0.0282430534662
154 0.0281373268901
155 0.0280322587634
156 0.0279278453253
157 0.0278240828504
158 0.0277209676478
159 0.0276184960609
160 0.0275166644669
161 0.0274154692762
162 0.0273149069319
163 0.0272149739095
164 0.0271156667162
165 0.0270169818905
166 0.0269189160018
167 0.0268214656499
168 0.0267246274648
169 0.0266283981056
170 0.0265327742609
171 0.0264377526478
172 0.0263433300118
173 0.0262495031261
174 0.0261562687916
175 0.026063623836
176 0.0259715651137
177 0.0258800895057
178 0.0257891939185
179 0.0256988752843
180 0.0256091305606
181 0.0255199567296
182 0.0254313507977
183 0.0253433097958
184 0.0252558307782
185 0.0251689108229
186 0.0250825470307
187 0.0249967365253
188 0.0249114764527
189 0.0248267639811
190 0.0247425963003
191 0.0246589706217
192 0.0245758841777
193 0.0244933342218
194 0.0244113180276
195 0.0243298328894
196 0.0242488761211
197 0.0241684450564
198 0.0240885370485
199 0.0240091494693
200 0.02393027971
201 0.0238519251801
202 0.0237740833073
203 0.0236967515375
204 0.0236199273342
205 0.0235436081785
206 0.0234677915688
207 0.0233924750202
208 0.0233176560648
209 0.0232433322512
210 0.0231695011442
211 0.0230961603246
212 0.023023307389
213 0.0229509399495
214 0.0228790556337
215 0.0228076520843
216 0.0227367269586
217 0.0226662779288
218 0.0225963026817
219 0.0225267989179
220 0.0224577643526
221 0.0223891967143
222 0.0223210937455
223 0.0222534532019
224 0.0221862728526
225 0.0221195504795
226 0.0220532838775
227 0.0219874708542
228 0.0219221092296
229 0.021857196836
230 0.0217927315176
231 0.0217287111309
232 0.0216651335438
233 0.021601996636
234 0.0215392982984
235 0.0214770364333
236 0.021415208954
237 0.0213538137847
238 0.0212928488602
239 0.0212323121262
240 0.0211722015386
241 0.0211125150634
242 0.0210532506772
243 0.0209944063661
244 0.0209359801262
245 0.0208779699633
246 0.0208203738926
247 0.020763189939
248 0.0207064161363
249 0.0206500505275
250 0.0205940911647
251 0.0205385361088
252 0.0204833834292
253 0.0204286312043
254 0.0203742775207
255 0.0203203204732
256 0.0202667581651
257 0.0202135887078
258 0.0201608102204
259 0.0201084208301
260 0.0200564186717
261 0.0200048018878
262 0.0199535686285
263 0.0199027170511
264 0.0198522453206
265 0.0198021516087
266 0.0197524340948
267 0.0197030909648
268 0.0196541204118
269 0.0196055206356
270 0.0195572898427
271 0.0195094262464
272 0.0194619280664
273 0.0194147935287
274 0.0193680208659
275 0.0193216083169
276 0.0192755541265
277 0.0192298565459
278 0.0191845138322
279 0.0191395242485
280 0.0190948860636
281 0.0190505975523
282 0.0190066569951
283 0.018963062678
284 0.0189198128929
285 0.0188769059367
286 0.0188343401123
287 0.0187921137276
288 0.018750225096
289 0.0187086725362
290 0.0186674543717
291 0.0186265689318
292 0.0185860145502
293 0.0185457895661
294 0.0185058923236
295 0.0184663211714
296 0.0184270744634
297 0.0183881505582
298 0.0183495478193
299 0.0183112646145
300 0.0182732993169
301 0.0182356503037
302 0.0181983159569
303 0.0181612946631
304 0.0181245848133
305 0.018088184803
306 0.0180520930323
307 0.0180163079053
308 0.0179808278309
309 0.0179456512221
310 0.0179107764962
311 0.0178762020749
312 0.0178419263838
313 0.0178079478532
314 0.0177742649173
315 0.0177408760144
316 0.017707779587
317 0.0176749740819
318 0.0176424579497
319 0.0176102296452
320 0.0175782876272
321 0.0175466303587
322 0.0175152563065
323 0.0174841639414
324 0.0174533517384
325 0.0174228181762
326 0.0173925617376
327 0.0173625809093
328 0.017332874182
329 0.0173034400502
330 0.0172742770123
331 0.0172453835707
332 0.0172167582317
333 0.0171883995054
334 0.0171603059057
335 0.0171324759507
336 0.017104908162
337 0.0170776010653
338 0.01705055319
339 0.0170237630696
340 0.0169972292411
341 0.0169709502457
342 0.0169449246284
343 0.0169191509379
344 0.0168936277268
345 0.0168683535518
346 0.0168433269731
347 0.0168185465552
348 0.0167940108661
349 0.0167697184779
350 0.0167456679665
351 0.0167218579118
352 0.0166982868975
353 0.0166749535112
354 0.0166518563446
355 0.0166289939931
356 0.0166063650562
357 0.0165839681372
358 0.0165618018435
359 0.0165398647864
360 0.0165181555812
361 0.0164966728473
362 0.0164754152078
363 0.0164543812901
364 0.0164335697256
365 0.0164129791495
366 0.0163926082014
367 0.0163724555247
368 0.016352519767
369 0.0163327995799
370 0.0163132936193
371 0.016294000545
372 0.0162749190211
373 0.0162560477158
374 0.0162373853014
375 0.0162189304544
376 0.0162006818558
377 0.0161826381902
378 0.0161647981471
379 0.0161471604198
380 0.016129723706
381 0.0161124867077
382 0.0160954481311
383 0.016078606687
384 0.0160619610901
385 0.0160455100597
386 0.0160292523195
387 0.0160131865975
388 0.015997311626
389 0.0159816261419
390 0.0159661288864
391 0.0159508186051
392 0.0159356940483
393 0.0159207539704
394 0.0159059971307
395 0.0158914222927
396 0.0158770282245
397 0.0158628136989
398 0.0158487774931
399 0.0158349183888
400 0.0158212351726
401 0.0158077266353
402 0.0157943915726
403 0.0157812287847
404 0.0157682370765
405 0.0157554152577
406 0.0157427621424
407 0.0157302765496
408 0.0157179573029
409 0.0157058032307
410 0.0156938131661
411 0.0156819859469
412 0.0156703204157
413 0.01565881542
414 0.0156474698118
415 0.0156362824483
416 0.015625252191
417 0.0156143779068
418 0.0156036584669
419 0.0155930927478
420 0.0155826796305
421 0.0155724180011
422 0.0155623067505
423 0.0155523447746
424 0.0155425309739
425 0.0155328642542
426 0.0155233435259
427 0.0155139677045
428 0.0155047357105
429 0.0154956464692
430 0.0154866989109
431 0.0154778919708
432 0.0154692245893
433 0.0154606957115
434 0.0154523042877
435 0.015444049273
436 0.0154359296277
437 0.015427944317
438 0.015420092311
439 0.0154123725851
440 0.0154047841194
441 0.0153973258993
442 0.015389996915
443 0.0153827961619
444 0.0153757226403
445 0.0153687753557
446 0.0153619533185
447 0.0153552555442
448 0.0153486810533
449 0.0153422288714
450 0.0153358980292
451 0.0153296875624
452 0.0153235965116
453 0.0153176239227
454 0.0153117688465
455 0.0153060303389
456 0.0153004074608
457 0.0152948992782
458 0.0152895048622
459 0.0152842232887
460 0.015279053639
461 0.0152739949992
462 0.0152690464604
463 0.0152642071189
464 0.015259476076
465 0.0152548524379
466 0.015250335316
467 0.0152459238266
468 0.0152416170909
469 0.0152374142354
470 0.0152333143914
471 0.0152293166952
472 0.0152254202882
473 0.0152216243167
474 0.015217927932
475 0.0152143302903
476 0.0152108305529
477 0.015207427886
478 0.0152041214606
479 0.0152009104529
480 0.0151977940438
481 0.0151947714193
482 0.0151918417702
483 0.0151890042922
484 0.015186258186
485 0.0151836026571
486 0.0151810369158
487 0.0151785601774
488 0.0151761716619
489 0.0151738705945
490 0.0151716562047
491 0.0151695277271
492 0.0151674844013
493 0.0151655254713
494 0.0151636501861
495 0.0151618577995
496 0.01516014757
497 0.0151585187607
498 0.0151569706396
499 0.0151555024795
500 0.0151541135577
501 0.0151528031563
502 0.015151570562
503 0.0151504150663
504 0.0151493359652
505 0.0151483325594
506 0.0151474041542
507 0.0151465500594
508 0.0151457695897
509 0.0151450620641
510 0.0151444268061
511 0.015143863144
512 0.0151433704104
513 0.0151429479426
514 0.0151425950821
515 0.0151423111752
516 0.0151420955726
517 0.0151419476291
518 0.0151418667044
519 0.0151418521623
520 0.0151419033711
