0 0.0527967637186
1 0.0525310208379
2 0.0522672025018
3 0.0520052871203
4 0.051745253511
5 0.0514870808889
6 0.0512307488556
7 0.0509762373896
8 0.0507235268366
9 0.0504725979005
10 0.0502234316339
11 0.04997600943
12 0.0497303130136
13 0.0494863244334
14 0.0492440260537
15 0.0490034005473
16 0.0487644308874
17 0.0485271003409
18 0.0482913924614
19 0.0480572910822
20 0.04782478031
21 0.0475938445182
22 0.0473644683414
23 0.0471366366684
24 0.0469103346376
25 0.0466855476304
26 0.046462261266
27 0.0462404613965
28 0.046020134101
29 0.0458012656813
30 0.0455838426564
31 0.0453678517585
32 0.0451532799275
33 0.0449401143072
34 0.0447283422408
35 0.0445179512665
36 0.0443089291134
37 0.0441012636978
38 0.0438949431189
39 0.0436899556551
40 0.0434862897606
41 0.0432839340614
42 0.0430828773522
43 0.0428831085924
44 0.0426846169035
45 0.0424873915654
46 0.0422914220133
47 0.0420966978346
48 0.0419032087663
49 0.0417109446914
50 0.0415198956366
51 0.0413300517694
52 0.0411414033951
53 0.0409539409548
54 0.0407676550219
55 0.0405825363005
56 0.0403985756223
57 0.0402157639447
58 0.0400340923481
59 0.0398535520335
60 0.0396741343209
61 0.0394958306465
62 0.039318632561
63 0.0391425317269
64 0.0389675199175
65 0.0387935890139
66 0.0386207310037
67 0.0384489379787
68 0.0382782021334
69 0.0381085157632
70 0.037939871262
71 0.0377722611215
72 0.0376056779286
73 0.0374401143642
74 0.0372755632016
75 0.0371120173046
76 0.0369494696263
77 0.0367879132075
78 0.036627341175
79 0.0364677467404
80 0.0363091231988
81 0.0361514639268
82 0.035994762382
83 0.0358390121007
84 0.0356842066976
85 0.0355303398638
86 0.0353774053657
87 0.035225397044
88 0.0350743088124
89 0.0349241346562
90 0.0347748686314
91 0.0346265048635
92 0.0344790375464
93 0.0343324609411
94 0.0341867693751
95 0.034041957241
96 0.0338980189953
97 0.033754949158
98 0.0336127423111
99 0.0334713930977
100 0.0333308962212
101 0.0331912464445
102 0.0330524385886
103 0.0329144675321
104 0.0327773282103
105 0.0326410156141
106 0.0325055247894
107 0.0323708508361
108 0.0322369889075
109 0.032103934209
110 0.0319716819979
111 0.0318402275824
112 0.0317095663207
113 0.0315796936203
114 0.0314506049374
115 0.031322295776
116 0.0311947616875
117 0.0310679982696
118 0.0309420011657
119 0.0308167660645
120 0.0306922886991
121 0.0305685648463
122 0.0304455903261
123 0.0303233610011
124 0.0302018727756
125 0.0300811215954
126 0.0299611034468
127 0.0298418143562
128 0.0297232503896
129 0.0296054076517
130 0.0294882822859
131 0.0293718704729
132 0.0292561684312
133 0.0291411724155
134 0.029026878717
135 0.0289132836623
136 0.0288003836134
137 0.0286881749668
138 0.0285766541528
139 0.0284658176359
140 0.0283556619132
141 0.0282461835148
142 0.0281373790028
143 0.028029244971
144 0.0279217780446
145 0.0278149748794
146 0.0277088321617
147 0.0276033466076
148 0.0274985149627
149 0.0273943340016
150 0.0272908005276
151 0.0271879113722
152 0.0270856633945
153 0.0269840534813
154 0.026883078546
155 0.0267827355288
156 0.0266830213961
157 0.02658393314
158 0.0264854677781
159 0.0263876223529
160 0.0262903939318
161 0.0261937796063
162 0.0260977764919
163 0.0260023817276
164 0.0259075924759
165 0.0258134059219
166 0.0257198192734
167 0.0256268297601
168 0.025534434634
169 0.0254426311683
170 0.0253514166575
171 0.025260788417
172 0.0251707437826
173 0.0250812801105
174 0.0249923947767
175 0.0249040851769
176 0.0248163487261
177 0.0247291828582
178 0.0246425850258
179 0.0245565526999
180 0.0244710833699
181 0.0243861745425
182 0.0243018237424
183 0.0242180285113
184 0.024134786408
185 0.0240520950078
186 0.0239699519027
187 0.0238883547006
188 0.0238073010254
189 0.0237267885167
190 0.0236468148293
191 0.0235673776332
192 0.0234884746132
193 0.0234101034688
194 0.0233322619137
195 0.0232549476757
196 0.0231781584966
197 0.0231018921317
198 0.0230261463496
199 0.0229509189323
200 0.0228762076745
201 0.0228020103835
202 0.0227283248792
203 0.0226551489937
204 0.0225824805711
205 0.0225103174673
206 0.0224386575495
207 0.0223674986966
208 0.0222968387985
209 0.0222266757559
210 0.0221570074804
211 0.0220878318939
212 0.0220191469289
213 0.0219509505277
214 0.0218832406427
215 0.0218160152359
216 0.0217492722789
217 0.0216830097525
218 0.0216172256468
219 0.0215519179607
220 0.0214870847021
221 0.0214227238871
222 0.0213588335406
223 0.0212954116956
224 0.0212324563929
225 0.0211699656816
226 0.0211079376183
227 0.0210463702671
228 0.0209852616995
229 0.0209246099944
230 0.0208644132375
231 0.0208046695217
232 0.0207453769462
233 0.0206865336173
234 0.0206281376475
235 0.0205701871554
236 0.0205126802661
237 0.0204556151104
238 0.0203989898253
239 0.0203428025532
240 0.0202870514421
241 0.0202317346457
242 0.0201768503228
243 0.0201223966374
244 0.0200683717586
245 0.0200147738605
246 0.0199616011219
247 0.0199088517263
248 0.0198565238618
249 0.0198046157208
250 0.0197531255003
251 0.0197020514014
252 0.0196513916291
253 0.0196011443929
254 0.0195513079056
255 0.0195018803843
256 0.0194528600495
257 0.0194042451254
258 0.0193560338396
259 0.0193082244234
260 0.019260815111
261 0.0192138041402
262 0.0191671897516
263 0.0191209701892
264 0.0190751436997
265 0.0190297085328
266 0.0189846629411
267 0.0189400051797
268 0.0188957335067
269 0.0188518461824
270 0.0188083414699
271 0.0187652176347
272 0.0187224729448
273 0.0186801056702
274 0.0186381140835
275 0.0185964964594
276 0.0185552510747
277 0.0185143762084
278 0.0184738701415
279 0.018433731157
280 0.0183939575399
281 0.0183545475771
282 0.0183154995573
283 0.0182768117711
284 0.018238482511
285 0.0182005100709
286 0.0181628927468
287 0.0181256288363
288 0.0180887166384
289 0.0180521544541
290 0.0180159405858
291 0.0179800733374
292 0.0179445510146
293 0.0179093719245
294 0.0178745343757
295 0.0178400366783
296 0.017805877144
297 0.0177720540858
298 0.0177385658184
299 0.0177054106577
300 0.0176725869213
301 0.0176400929281
302 0.0176079269985
303 0.0175760874542
304 0.0175445726186
305 0.0175133808164
306 0.0174825103737
307 0.0174519596182
308 0.0174217268789
309 0.0173918104864
310 0.0173622087728
311 0.0173329200716
312 0.0173039427179
313 0.0172752750482
314 0.0172469154006
315 0.0172188621149
316 0.0171911135324
317 0.0171636679957
318 0.0171365238496
319 0.0171096794401
320 0.0170831331149
321 0.0170568832238
322 0.0170309281178
323 0.0170052661501
324 0.0169798956753
325 0.0169548150502
326 0.0169300226332
327 0.0169055167846
328 0.0168812958668
329 0.016857358244
330 0.0168337022824
331 0.0168103263502
332 0.016787228818
333 0.0167644080581
334 0.0167418624451
335 0.0167195903558
336 0.0166975901694
337 0.0166758602672
338 0.0166543990328
339 0.0166332048522
340 0.016612276114
341 0.0165916112091
342 0.0165712085309
343 0.0165510664754
344 0.0165311834413
345 0.0165115578297
346 0.0164921880448
347 0.0164730724933
348 0.0164542095846
349 0.0164355977312
350 0.0164172353485
351 0.0163991208547
352 0.0163812526712
353 0.0163636292222
354 0.0163462489353
355 0.0163291102412
356 0.0163122115738
357 0.0162955513702
358 0.0162791280709
359 0.0162629401199
360 0.0162469859644
361 0.0162312640554
362 0.0162157728472
363 0.0162005107977
364 0.0161854763687
365 0.0161706680254
366 0.0161560842371
367 0.0161417234766
368 0.0161275842208
369 0.0161136649503
370 0.01609996415
371 0.0160864803086
372 0.0160732119189
373 0.0160601574779
374 0.0160473154867
375 0.0160346844508
376 0.0160222628799
377 0.0160100492881
378 0.0159980421937
379 0.0159862401197
380 0.0159746415936
381 0.0159632451472
382 0.0159520493172
383 0.0159410526446
384 0.0159302536755
385 0.0159196509605
386 0.015909243055
387 0.0158990285193
388 0.0158890059186
389 0.015879173823
390 0.0158695308076
391 0.0158600754525
392 0.0158508063429
393 0.0158417220691
394 0.0158328212265
395 0.0158241024159
396 0.0158155642431
397 0.0158072053192
398 0.0157990242609
399 0.01579101969
400 0.0157831902337
401 0.0157755345249
402 0.0157680512016
403 0.0157607389077
404 0.0157535962923
405 0.0157466220104
406 0.0157398147225
407 0.0157331730947
408 0.0157266957988
409 0.0157203815124
410 0.0157142289189
411 0.0157082367074
412 0.0157024035728
413 0.0156967282159
414 0.0156912093434
415 0.0156858456678
416 0.0156806359077
417 0.0156755787875
418 0.0156706730377
419 0.0156659173948
420 0.0156613106013
421 0.0156568514057
422 0.0156525385627
423 0.0156483708331
424 0.0156443469836
425 0.0156404657874
426 0.0156367260236
427 0.0156331264777
428 0.0156296659411
429 0.0156263432117
430 0.0156231570934
431 0.0156201063967
432 0.0156171899379
433 0.0156144065399
434 0.0156117550319
435 0.0156092342492
436 0.0156068430336
437 0.0156045802331
438 0.0156024447021
439 0.0156004353013
440 0.0155985508979
441 0.0155967903653
442 0.0155951525832
443 0.015593636438
444 0.0155922408222
445 0.0155909646346
446 0.0155898067808
447 0.0155887661724
448 0.0155878417276
449 0.0155870323708
450 0.0155863370331
451 0.0155857546518
452 0.0155852841705
453 0.0155849245395
454 0.0155846747153
455 0.0155845336607
456 0.0155845003451
457 0.0155845737442
