0 0.0494644096586
1 0.0492428890404
2 0.0490231170625
3 0.048805077904
4 0.0485887560263
5 0.0483741361654
6 0.0481612033252
7 0.0479499427711
8 0.0477403400234
9 0.047532380851
10 0.0473260512653
11 0.0471213375145
12 0.0469182260777
13 0.0467167036595
14 0.0465167571846
15 0.0463183737926
16 0.0461215408327
17 0.0459262458593
18 0.0457324766266
19 0.0455402210844
20 0.0453494673734
21 0.0451602038207
22 0.0449724189359
23 0.0447861014064
24 0.044601240094
25 0.0444178240303
26 0.0442358424133
27 0.0440552846035
28 0.0438761401206
29 0.0436983986391
30 0.043522049986
31 0.0433470841365
32 0.0431734912113
33 0.0430012614729
34 0.042830385323
35 0.0426608532992
36 0.042492656072
37 0.0423257844421
38 0.0421602293372
39 0.0419959818097
40 0.0418330330339
41 0.0416713743029
42 0.0415109970267
43 0.0413518927295
44 0.0411940530468
45 0.0410374697236
46 0.0408821346118
47 0.040728039668
48 0.0405751769511
49 0.0404235386202
50 0.0402731169326
51 0.0401239042415
52 0.0399758929941
53 0.0398290757295
54 0.0396834450769
55 0.0395389937535
56 0.0393957145628
57 0.0392536003924
58 0.0391126442128
59 0.0389728390752
60 0.0388341781097
61 0.0386966545242
62 0.0385602616019
63 0.0384249927005
64 0.0382908412501
65 0.0381578007517
66 0.0380258647759
67 0.0378950269612
68 0.0377652810127
69 0.0376366207005
70 0.0375090398582
71 0.0373825323821
72 0.0372570922292
73 0.037132713416
74 0.0370093900175
75 0.0368871161656
76 0.0367658860483
77 0.0366456939077
78 0.0365265340396
79 0.0364084007919
80 0.0362912885635
81 0.0361751918032
82 0.0360601050087
83 0.0359460227251
84 0.0358329395444
85 0.0357208501042
86 0.0356097490863
87 0.0354996312164
88 0.0353904912625
89 0.0352823240344
90 0.0351751243823
91 0.0350688871961
92 0.0349636074046
93 0.0348592799744
94 0.0347558999091
95 0.0346534622483
96 0.0345519620671
97 0.0344513944748
98 0.0343517546146
99 0.0342530376621
100 0.0341552388255
101 0.0340583533439
102 0.033962376487
103 0.0338673035543
104 0.0337731298745
105 0.0336798508044
106 0.0335874617288
107 0.0334959580592
108 0.0334053352336
109 0.0333155887156
110 0.0332267139939
111 0.0331387065817
112 0.0330515620158
113 0.0329652758564
114 0.0328798436864
115 0.0327952611104
116 0.0327115237551
117 0.0326286272676
118 0.0325465673157
119 0.0324653395873
120 0.0323849397894
121 0.0323053636481
122 0.0322266069079
123 0.0321486653313
124 0.0320715346982
125 0.0319952108058
126 0.0319196894678
127 0.031844966514
128 0.0317710377902
129 0.0316978991575
130 0.0316255464921
131 0.0315539756846
132 0.0314831826402
133 0.0314131632778
134 0.0313439135298
135 0.031275429342
136 0.031207706673
137 0.0311407414941
138 0.0310745297886
139 0.0310090675521
140 0.0309443507917
141 0.0308803755261
142 0.0308171377849
143 0.0307546336088
144 0.0306928590491
145 0.0306318101676
146 0.030571483036
147 0.0305118737363
148 0.0304529783602
149 0.0303947930086
150 0.0303373137923
151 0.030280536831
152 0.0302244582533
153 0.0301690741968
154 0.0301143808078
155 0.030060374241
156 0.0300070506595
157 0.0299544062348
158 0.0299024371464
159 0.0298511395818
160 0.0298005097364
161 0.0297505438134
162 0.0297012380237
163 0.0296525885858
164 0.0296045917258
165 0.0295572436769
166 0.0295105406802
167 0.0294644789837
168 0.0294190548428
169 0.0293742645201
170 0.0293301042853
171 0.0292865704155
172 0.0292436591944
173 0.0292013669133
174 0.0291596898702
175 0.0291186243702
176 0.0290781667256
177 0.0290383132556
178 0.0289990602863
179 0.0289604041511
180 0.0289223411902
181 0.0288848677512
182 0.0288479801885
183 0.0288116748638
184 0.0287759481457
185 0.0287407964103
186 0.0287062160407
187 0.0286722034274
188 0.0286387549683
189 0.0286058670683
190 0.0285735361403
191 0.0285417586041
192 0.0285105308875
193 0.0284798494258
194 0.0284497106617
195 0.0284201110461
196 0.0283910470375
197 0.0283625151022
198 0.0283345117149
199 0.0283070333579
200 0.028280076522
201 0.0282536377061
202 0.0282277134174
203 0.0282023001717
204 0.0281773944933
205 0.028152992915
206 0.0281290919783
207 0.0281056882337
208 0.0280827782406
209 0.0280603585673
210 0.0280384257912
211 0.0280169764992
212 0.0279960072872
213 0.0279755147608
214 0.0279554955351
215 0.0279359462347
216 0.0279168634943
217 0.0278982439581
218 0.0278800842805
219 0.0278623811261
220 0.0278451311695
221 0.0278283310957
222 0.0278119776001
223 0.0277960673888
224 0.0277805971784
225 0.0277655636963
226 0.0277509636809
227 0.0277367938812
228 0.0277230510579
229 0.0277097319823
230 0.0276968334374
231 0.0276843522175
232 0.0276722851284
233 0.0276606289876
234 0.0276493806243
235 0.0276385368794
236 0.0276280946061
237 0.0276180506694
238 0.0276084019463
239 0.0275991453264
240 0.0275902777114
241 0.0275817960155
242 0.0275736971656
243 0.0275659781009
244 0.0275586357737
245 0.0275516671489
246 0.0275450692042
247 0.0275388389306
248 0.0275329733321
249 0.0275274694256
250 0.0275223242416
251 0.0275175348238
252 0.0275130982292
253 0.0275090115286
254 0.027505271806
255 0.0275018761594
256 0.0274988217002
257 0.0274961055537
258 0.0274937248593
259 0.02749167677
260 0.0274899584528
261 0.0274885670891
262 0.0274874998741
263 0.0274867540171
264 0.027486326742
265 0.0274862152868
266 0.0274864169036
