0 0.046825259787
1 0.0465711275602
2 0.046319193611
3 0.0460694318537
4 0.0458218167956
5 0.0455763235176
6 0.0453329276563
7 0.0450916053866
8 0.0448523334048
9 0.0446150889128
10 0.0443798496025
11 0.0441465936411
12 0.0439152996568
13 0.0436859467251
14 0.0434585143557
15 0.0432329824798
16 0.0430093314377
17 0.0427875419674
18 0.042567595193
19 0.0423494726138
20 0.0421331560939
21 0.0419186278518
22 0.0417058704509
23 0.04149486679
24 0.0412856000937
25 0.0410780539044
26 0.0408722120731
27 0.0406680587513
28 0.0404655783832
29 0.0402647556982
30 0.0400655757027
31 0.0398680236737
32 0.0396720851515
33 0.0394777459328
34 0.0392849920644
35 0.0390938098368
36 0.0389041857779
37 0.0387161066473
38 0.0385295594304
39 0.0383445313327
40 0.0381610097746
41 0.037978982386
42 0.0377984370011
43 0.0376193616537
44 0.0374417445721
45 0.0372655741745
46 0.0370908390645
47 0.0369175280268
48 0.0367456300225
49 0.0365751341854
50 0.0364060298175
51 0.0362383063854
52 0.0360719535163
53 0.0359069609941
54 0.035743318756
55 0.0355810168889
56 0.0354200456258
57 0.0352603953425
58 0.0351020565543
59 0.034945019913
60 0.0347892762035
61 0.0346348163407
62 0.0344816313668
63 0.0343297124485
64 0.0341790508737
65 0.034029638049
66 0.0338814654971
67 0.0337345248542
68 0.033588807867
69 0.0334443063909
70 0.0333010123867
71 0.0331589179192
72 0.0330180151538
73 0.032878296355
74 0.032739753884
75 0.0326023801962
76 0.0324661678394
77 0.0323311094515
78 0.0321971977587
79 0.0320644255732
80 0.0319327857914
81 0.031802271392
82 0.0316728754341
83 0.0315445910554
84 0.0314174114702
85 0.031291329968
86 0.0311663399114
87 0.0310424347348
88 0.0309196079423
89 0.0307978531064
90 0.0306771638663
91 0.0305575339266
92 0.0304389570552
93 0.0303214270823
94 0.0302049378989
95 0.030089483455
96 0.0299750577588
97 0.0298616548746
98 0.0297492689221
99 0.0296378940746
100 0.0295275245581
101 0.0294181546496
102 0.0293097786762
103 0.0292023910138
104 0.0290959860857
105 0.0289905583617
106 0.0288861023569
107 0.0287826126304
108 0.0286800837841
109 0.0285785104622
110 0.0284778873494
111 0.0283782091703
112 0.0282794706885
113 0.028181666705
114 0.0280847920579
115 0.0279888416209
116 0.0278938103028
117 0.0277996930463
118 0.027706484827
119 0.0276141806528
120 0.0275227755631
121 0.0274322646276
122 0.0273426429454
123 0.027253905645
124 0.0271660478823
125 0.0270790648409
126 0.0269929517307
127 0.0269077037875
128 0.0268233162719
129 0.026739784469
130 0.0266571036875
131 0.026575269259
132 0.0264942765373
133 0.0264141208981
134 0.0263347977379
135 0.0262563024737
136 0.0261786305423
137 0.0261017773995
138 0.0260257385202
139 0.0259505093969
140 0.0258760855402
141 0.0258024624772
142 0.0257296357519
143 0.0256576009242
144 0.0255863535697
145 0.0255158892789
146 0.0254462036571
147 0.0253772923236
148 0.0253091509119
149 0.0252417750684
150 0.0251751604528
151 0.0251093027374
152 0.0250441976065
153 0.0249798407564
154 0.0249162278952
155 0.0248533547417
156 0.0247912170259
157 0.0247298104885
158 0.0246691308802
159 0.024609173962
160 0.0245499355043
161 0.0244914112873
162 0.0244335971005
163 0.024376488742
164 0.0243200820192
165 0.0242643727478
166 0.0242093567519
167 0.0241550298641
168 0.0241013879247
169 0.024048426782
170 0.0239961422921
171 0.0239445303187
172 0.0238935867328
173 0.0238433074128
174 0.0237936882446
175 0.0237447251207
176 0.0236964139412
177 0.0236487506127
178 0.0236017310491
179 0.0235553511707
180 0.0235096069049
181 0.0234644941857
182 0.0234200089539
183 0.0233761471568
184 0.0233329047485
185 0.0232902776898
186 0.0232482619479
187 0.023206853497
188 0.0231660483177
189 0.0231258423973
190 0.0230862317301
191 0.0230472123168
192 0.0230087801652
193 0.0229709312898
194 0.022933661712
195 0.0228969674603
196 0.0228608445703
197 0.0228252890844
198 0.0227902970526
199 0.0227558645319
200 0.0227219875869
201 0.0226886622896
202 0.0226558847197
203 0.0226236509643
204 0.0225919571187
205 0.0225607992859
206 0.022530173577
207 0.0225000761113
208 0.0224705030164
209 0.0224414504285
210 0.022412914492
211 0.0223848913605
212 0.0223573771961
213 0.0223303681701
214 0.0223038604628
215 0.0222778502641
216 0.0222523337731
217 0.0222273071986
218 0.0222027667592
219 0.0221787086835
220 0.0221551292102
221 0.0221320245881
222 0.0221093910766
223 0.0220872249458
224 0.0220655224762
225 0.0220442799596
226 0.0220234936988
227 0.0220031600077
228 0.0219832752119
229 0.0219638356485
230 0.0219448376663
231 0.0219262776261
232 0.021908151901
233 0.0218904568761
234 0.0218731889491
235 0.0218563445304
236 0.021839920043
237 0.0218239119229
238 0.0218083166195
239 0.0217931305951
240 0.0217783503257
241 0.0217639723007
242 0.0217499930236
243 0.0217364090114
244 0.0217232167956
245 0.0217104129216
246 0.0216979939494
247 0.0216859564535
248 0.021674297023
249 0.0216630122619
250 0.0216520987893
251 0.0216415532391
252 0.0216313722609
253 0.0216215525193
254 0.0216120906946
255 0.0216029834828
256 0.0215942275957
257 0.021585819761
258 0.0215777567223
259 0.0215700352396
260 0.021562652089
261 0.021555604063
262 0.0215488879709
263 0.0215425006382
264 0.0215364389075
265 0.0215306996378
266 0.0215252797055
267 0.0215201760038
268 0.0215153854428
269 0.0215109049503
270 0.021506731471
271 0.0215028619671
272 0.0214992934183
273 0.0214960228218
274 0.0214930471924
275 0.0214903635626
276 0.0214879689827
277 0.0214858605208
278 0.0214840352627
279 0.0214824903123
280 0.0214812227916
281 0.0214802298404
282 0.0214795086167
283 0.0214790562967
284 0.0214788700747
285 0.0214789471632
