0 0.0520494749921
1 0.0517774040181
2 0.0515078382889
3 0.0512407440277
4 0.0509760882822
5 0.0507138388963
6 0.0504539644838
7 0.0501964344024
8 0.0499412187294
9 0.0496882882383
10 0.0494376143758
11 0.0491891692409
12 0.0489429255636
13 0.0486988566853
14 0.0484569365395
15 0.0482171396336
16 0.0479794410312
17 0.047743816335
18 0.0475102416709
19 0.0472786936716
20 0.0470491494625
21 0.046821586646
22 0.0465959832886
23 0.0463723179065
24 0.0461505694532
25 0.0459307173069
26 0.045712741258
27 0.0454966214981
28 0.0452823386081
29 0.0450698735479
30 0.0448592076454
31 0.0446503225869
32 0.0444432004072
33 0.0442378234796
34 0.0440341745076
35 0.0438322365156
36 0.0436319928405
37 0.0434334271233
38 0.0432365233012
39 0.0430412656
40 0.0428476385265
41 0.0426556268611
42 0.0424652156512
43 0.0422763902038
44 0.0420891360796
45 0.0419034390858
46 0.0417192852707
47 0.0415366609173
48 0.0413555525374
49 0.0411759468662
50 0.0409978308565
51 0.0408211916736
52 0.0406460166903
53 0.0404722934813
54 0.0403000098188
55 0.0401291536679
56 0.0399597131813
57 0.0397916766955
58 0.0396250327262
59 0.0394597699641
60 0.0392958772705
61 0.039133343674
62 0.0389721583657
63 0.0388123106961
64 0.0386537901713
65 0.0384965864491
66 0.0383406893357
67 0.0381860887824
68 0.0380327748821
69 0.0378807378662
70 0.0377299681015
71 0.0375804560868
72 0.0374321924504
73 0.0372851679467
74 0.0371393734539
75 0.0369947999707
76 0.0368514386138
77 0.0367092806155
78 0.0365683173209
79 0.0364285401852
80 0.0362899407717
81 0.0361525107492
82 0.0360162418896
83 0.0358811260656
84 0.0357471552487
85 0.0356143215068
86 0.0354826170024
87 0.03535203399
88 0.0352225648147
89 0.0350942019098
90 0.0349669377949
91 0.0348407650743
92 0.034715676435
93 0.0345916646446
94 0.0344687225502
95 0.0343468430761
96 0.0342260192223
97 0.0341062440632
98 0.0339875107452
99 0.0338698124862
100 0.0337531425729
101 0.0336374943605
102 0.0335228612701
103 0.0334092367882
104 0.0332966144647
105 0.0331849879118
106 0.0330743508026
107 0.0329646968697
108 0.0328560199041
109 0.0327483137538
110 0.0326415723227
111 0.0325357895694
112 0.0324309595056
113 0.0323270761959
114 0.0322241337555
115 0.0321221263501
116 0.0320210481943
117 0.0319208935507
118 0.0318216567288
119 0.0317233320842
120 0.0316259140173
121 0.0315293969727
122 0.031433775438
123 0.0313390439429
124 0.0312451970586
125 0.0311522293964
126 0.0310601356075
127 0.0309689103815
128 0.0308785484462
129 0.0307890445662
130 0.0307003935426
131 0.0306125902122
132 0.0305256294463
133 0.0304395061505
134 0.0303542152638
135 0.0302697517579
136 0.0301861106365
137 0.0301032869347
138 0.0300212757182
139 0.0299400720829
140 0.0298596711543
141 0.0297800680866
142 0.0297012580625
143 0.0296232362922
144 0.0295459980133
145 0.02946953849
146 0.0293938530127
147 0.0293189368973
148 0.0292447854849
149 0.0291713941413
150 0.0290987582562
151 0.0290268732435
152 0.0289557345399
153 0.0288853376053
154 0.0288156779217
155 0.0287467509934
156 0.0286785523462
157 0.0286110775271
158 0.0285443221039
159 0.0284782816652
160 0.0284129518194
161 0.028348328195
162 0.0282844064396
163 0.0282211822205
164 0.0281586512233
165 0.0280968091526
166 0.0280356517309
167 0.0279751746991
168 0.0279153738155
169 0.0278562448559
170 0.0277977836135
171 0.0277399858984
172 0.0276828475373
173 0.0276263643736
174 0.027570532267
175 0.0275153470931
176 0.0274608047437
177 0.0274069011261
178 0.0273536321633
179 0.0273009937935
180 0.0272489819702
181 0.0271975926621
182 0.0271468218524
183 0.0270966655393
184 0.0270471197358
185 0.026998180469
186 0.0269498437806
187 0.0269021057265
188 0.0268549623767
189 0.0268084098153
190 0.0267624441404
191 0.0267170614637
192 0.026672257911
193 0.0266280296216
194 0.0265843727483
195 0.0265412834578
196 0.0264987579299
197 0.0264567923581
198 0.0264153829492
199 0.0263745259233
200 0.0263342175137
201 0.0262944539671
202 0.0262552315434
203 0.0262165465156
204 0.02617839517
205 0.0261407738058
206 0.0261036787357
207 0.026067106285
208 0.0260310527926
209 0.0259955146102
210 0.0259604881027
211 0.0259259696481
212 0.0258919556374
213 0.0258584424748
214 0.0258254265776
215 0.0257929043762
216 0.0257608723142
217 0.0257293268482
218 0.0256982644483
219 0.0256676815974
220 0.0256375747919
221 0.0256079405415
222 0.0255787753689
223 0.0255500758105
224 0.0255218384156
225 0.0254940597473
226 0.0254667363819
227 0.0254398649092
228 0.0254134419325
229 0.0253874640686
230 0.0253619279479
231 0.0253368302144
232 0.0253121675258
233 0.0252879365536
234 0.0252641339828
235 0.0252407565124
236 0.0252178008552
237 0.0251952637378
238 0.0251731419008
239 0.0251514320989
240 0.0251301311006
241 0.0251092356885
242 0.0250887426597
243 0.0250686488249
244 0.0250489510095
245 0.0250296460529
246 0.0250107308089
247 0.0249922021457
248 0.0249740569459
249 0.0249562921065
250 0.0249389045391
251 0.0249218911697
252 0.024905248939
253 0.0248889748025
254 0.0248730657301
255 0.0248575187065
256 0.0248423307314
257 0.024827498819
258 0.0248130199986
259 0.0247988913142
260 0.0247851098249
261 0.0247716726047
262 0.0247585767426
263 0.0247458193427
264 0.0247333975242
265 0.0247213084213
266 0.0247095491834
267 0.0246981169752
268 0.0246870089764
269 0.0246762223822
270 0.0246657544029
271 0.0246556022641
272 0.0246457632068
273 0.0246362344873
274 0.0246270133773
275 0.0246180971638
276 0.0246094831494
277 0.024601168652
278 0.0245931510049
279 0.0245854275569
280 0.0245779956725
281 0.0245708527314
282 0.0245639961289
283 0.0245574232759
284 0.0245511315988
285 0.0245451185393
286 0.024539381555
287 0.0245339181189
288 0.0245287257194
289 0.0245238018605
290 0.0245191440621
291 0.024514749859
292 0.0245106168022
293 0.0245067424578
294 0.0245031244075
295 0.0244997602487
296 0.0244966475941
297 0.0244937840721
298 0.0244911673265
299 0.0244887950165
300 0.0244866648169
301 0.0244847744179
302 0.024483121525
303 0.0244817038594
304 0.0244805191575
305 0.024479565171
306 0.024478839667
307 0.0244783404282
308 0.0244780652521
309 0.0244780119518
310 0.0244781783557
