theta = 
#[0 1 0 0 0 0 0 1]
#[1 0 1 0 0 0 0 0]
#[0 1 0 1 0 0 0 0]
#[0 0 1 0 1 0 0 0]
#[0 0 0 1 0 1 0 0]
#[0 0 0 0 1 0 1 0]
#[0 0 0 0 0 1 0 1]
#[1 0 0 0 0 0 1 0]
theta = 
#[ 0.          1.79199559  1.26272179  2.08849823  0.89715955 -0.18439046
 -0.02428465  0.74778556]
#[ 1.79199559  0.          0.85046281  0.92641267  0.46058438  0.86608467
  2.89838343  0.49997556]
#[ 1.26272179  0.85046281  0.          2.6214744   1.88078951  0.21265352
  0.34871969 -0.69339487]
#[ 2.08849823  0.92641267  2.6214744   0.          3.36997837 -1.35485226
 -1.79518832  0.36941583]
#[ 0.89715955  0.46058438  1.88078951  3.36997837  0.          0.88294583
 -0.94641304  0.0473383 ]
#[-0.18439046  0.86608467  0.21265352 -1.35485226  0.88294583  0.
  3.59171721  1.15639579]
#[-0.02428465  2.89838343  0.34871969 -1.79518832 -0.94641304  3.59171721
  0.          2.39203508]
#[ 0.74778556  0.49997556 -0.69339487  0.36941583  0.0473383   1.15639579
  2.39203508  0.        ]
