#diff_E diff_E1_nin diff_E2_nin
-2.0 46.2183956303 -184.27507974
-1.98 44.4120135242 -177.049510391
-1.96 42.6764610829 -170.107258032
-1.94 41.0089610523 -163.437213576
-1.92 39.4068450765 -157.028703531
-1.9 37.8675494282 -150.871472913
-1.88 36.388610906 -144.955668839
-1.8599999999999999 34.9676628927 -139.271824761
-1.84 33.6024315683 -133.810845315
-1.82 32.2907322714 -128.56399177
-1.8 31.0304660034 -123.52286804
-1.78 29.8196160693 -118.679407252
-1.76 28.6562448509 -114.025858835
-1.74 27.538490706 -109.554776118
-1.72 26.4645649896 -105.259004417
-1.7 25.4327491914 -101.131669579
-1.68 24.441392186 -97.1661669886
-1.66 23.4889075906 -93.356150995
-1.6400000000000001 22.5737712268 -89.6955247601
-1.62 21.694518681 -86.1784305009
-1.6 20.8497429617 -82.7992401162
-1.58 20.0380922474 -79.5525461804
-1.56 19.2582677239 -76.4331532907
-1.54 18.5090215055 -73.4360697528
-1.52 17.7891546385 -70.5564995937
-1.5 17.0975151822 -67.7898348869
-1.48 16.432996366 -65.1316483784
-1.46 15.7945348181 -62.5776864029
-1.44 15.1811088636 -60.1238620762
-1.42 14.5917368903 -57.766248756
-1.4 14.0254757772 -55.5010737578
-1.38 13.4814193857 -53.3247123186
-1.3599999999999999 12.9586971096 -51.2336817956
-1.3399999999999999 12.4564724817 -49.2246360939
-1.3199999999999998 11.9739418353 -47.2943603118
-1.2999999999999998 11.5103330186 -45.4397655962
-1.28 11.0649041586 -43.6578841999
-1.26 10.636942474 -41.9458647324
-1.24 10.2257631348 -40.3009675975
-1.22 9.83070816633 -38.7205606087
-1.2 9.45114539642 -37.2021147777
-1.18 9.08646744363 -35.7432002673
-1.1600000000000001 8.73609074542 -34.3414825029
-1.1400000000000001 8.39945462434 -32.9947184371
-1.12 8.07602039077 -31.70075296
-1.1 7.76527048093 -30.4575154508
-1.08 7.46670762868 -29.2630164643
-1.06 7.17985406974 -28.1153445473
-1.04 6.90425077723 -27.0126631798
-1.02 6.63945672708 -25.9532078364
-1.0 6.38504819232 -24.9352831625
-0.98 6.14061806501 -23.9572602615
-0.96 5.90577520481 -23.0175740881
-0.94 5.68014381304 -22.1147209439
-0.9199999999999999 5.46336283132 -21.2472560712
-0.8999999999999999 5.25508536385 -20.4137913413
-0.8799999999999999 5.05497812223 -19.6129930326
-0.8599999999999999 4.8627208922 -18.8435796972
-0.8400000000000001 4.67800602116 -18.1043201094
-0.8200000000000001 4.50053792591 -17.3940312963
-0.8 4.33003261964 -16.7115766442
-0.78 4.16621725749 -16.05586408
-0.76 4.00882969991 -15.4258443238
-0.74 3.85761809326 -14.8205092096
-0.72 3.71234046668 -14.2388900719
-0.7 3.572764345 -13.6800561962
-0.6799999999999999 3.43866637662 -13.143113329
-0.6599999999999999 3.3098319762 -12.627202247
-0.6399999999999999 3.18605498122 -12.1314973827
-0.6199999999999999 3.06713732206 -11.6552055023
-0.5999999999999999 2.9528887051 -11.1975644373
-0.5800000000000001 2.84312630819 -10.7578418643
-0.56 2.73767448807 -10.3353341335
-0.54 2.63636449933 -9.92936514228
-0.52 2.53903422437 -9.53928525364
-0.5 2.44552791399 -9.16447025658
-0.48 2.35569593815 -8.80432036711
-0.45999999999999996 2.26939454652 -8.45825926858
-0.43999999999999995 2.18648563846 -8.12573318941
-0.41999999999999993 2.10683654202 -7.80621001693
-0.3999999999999999 2.03031980167 -7.49917844589
-0.3799999999999999 1.95681297429 -7.20414716026
-0.3599999999999999 1.88619843327 -6.92064404707
-0.33999999999999986 1.81836318029 -6.64821544083
-0.32000000000000006 1.75319866447 -6.38642539766
-0.30000000000000004 1.69060060868 -6.13485499763
-0.28 1.63046884267 -5.89310167444
-0.26 1.5727071428 -5.66077857119
-0.24 1.51722307801 -5.43751392135
-0.21999999999999997 1.46392786198 -5.22295045385
-0.19999999999999996 1.41273621097 -5.01674482137
-0.17999999999999994 1.36356620744 -4.81856705089
-0.15999999999999992 1.31633916887 -4.62810001571
-0.1399999999999999 1.27097952195 -4.44503892794
-0.11999999999999988 1.22741468154 -4.26909085078
-0.09999999999999987 1.18557493463 -4.09997422977
-0.08000000000000007 1.14539332867 -3.93741844223
-0.06000000000000005 1.10680556454 -3.78116336423
-0.040000000000000036 1.06974989357 -3.6309589543
-0.020000000000000018 1.03416701879 -3.48656485335
0.0 1.0 -3.34775
0.020000000000000018 0.967194162691 -3.21429226088
0.040000000000000036 0.935697010519 -3.08597807512
0.06000000000000005 0.905458141322 -2.96260211266
0.08000000000000007 0.876429166457 -2.84396694564
0.10000000000000009 0.848563633372 -2.72988273248
0.1200000000000001 0.821816951268 -2.62016691409
0.14000000000000012 0.796146319748 -2.51464392177
0.16000000000000014 0.771510660326 -2.4131448962
0.18000000000000016 0.747870550689 -2.31550741731
0.20000000000000018 0.725188161618 -2.22157524428
0.2200000000000002 0.703427196454 -2.1311980656
0.2400000000000002 0.682552833007 -2.04423125851
0.26000000000000023 0.662531667845 -1.96053565756
0.28000000000000025 0.64333166283 -1.87997733193
0.30000000000000027 0.624922093858 -1.80242737111
0.31999999999999984 0.607273501692 -1.72776167863
0.33999999999999986 0.590357644819 -1.65586077344
0.3599999999999999 0.57414745426 -1.58660959876
0.3799999999999999 0.558616990249 -1.51989733793
0.3999999999999999 0.543741400733 -1.4556172371
0.41999999999999993 0.529496881594 -1.3936664344
0.43999999999999995 0.515860638563 -1.33394579533
0.45999999999999996 0.502810850741 -1.27635975412
0.48 0.490326635684 -1.22081616082
0.5 0.478388015984 -1.16722613383
0.52 0.466975887303 -1.11550391768
0.54 0.456071987801 -1.06556674578
0.56 0.445658868911 -1.01733470801
0.5800000000000001 0.435719867421 -0.970730622818
0.6000000000000001 0.42623907881 -0.92567991372
0.6200000000000001 0.417201331792 -0.882110489974
0.6400000000000001 0.408592164045 -0.839952631205
0.6600000000000001 0.400397799062 -0.799138875845
0.6800000000000002 0.392605124113 -0.759603913179
0.7000000000000002 0.385201669254 -0.721284478831
0.7200000000000002 0.378175587378 -0.684119253532
0.7400000000000002 0.371515635255 -0.648048764991
0.7600000000000002 0.365211155542 -0.613015292733
0.7800000000000002 0.359252059724 -0.578962775726
0.8000000000000003 0.353628811979 -0.545836722679
0.8199999999999998 0.348332413909 -0.51358412484
0.8399999999999999 0.343354390147 -0.482153371171
0.8599999999999999 0.338686774795 -0.45149416576
0.8799999999999999 0.334322098671 -0.421557447339
0.8999999999999999 0.330253377362 -0.392295310771
0.9199999999999999 0.326474100046 -0.363660930394
0.94 0.322978219074 -0.33560848509
0.96 0.319760140289 -0.308093084963
0.98 0.31681471408 -0.281070699502
1.0 0.314137227136 -0.254498087126
1.02 0.311723394906 -0.228332725984
1.04 0.309569354744 -0.202532745918
1.06 0.307671659726 -0.177056861454
1.08 0.306027273136 -0.151864305743
1.1 0.304633563604 -0.126914765321
1.12 0.303488300897 -0.102168315599
1.1400000000000001 0.30258965235 -0.0775853569799
1.1600000000000001 0.301936179935 -0.0531265514842
1.1800000000000002 0.301526837956 -0.028752759805
1.2000000000000002 0.301360971379 -0.00442497867586
1.2200000000000002 0.301438314781 0.0198957215434
1.2400000000000002 0.301758991929 0.0442482591618
1.2600000000000002 0.302323515974 0.0686716034349
1.2800000000000002 0.303132790275 0.0932048369243
1.3000000000000003 0.304188109845 0.117887218038
1.3200000000000003 0.305491163418 0.14275824385
1.3399999999999999 0.30704403616 0.16785771331
1.3599999999999999 0.308849212997 0.193225790922
1.38 0.310909582598 0.218903071024
1.4 0.313228441994 0.244930642741
1.42 0.315809501854 0.271350155741
1.44 0.318656892426 0.298203886881
1.46 0.32177517014 0.325534807861
1.48 0.325169324907 0.353386653984
1.5 0.328844788099 0.381803994147
1.52 0.332807441241 0.410832302157
1.54 0.337063625423 0.440518029498
1.56 0.341620151449 0.470908679669
1.58 0.346484310731 0.502052884194
1.6 0.351663886962 0.534000480443
1.62 0.35716716857 0.566802591388
1.6400000000000001 0.363002961979 0.600511707403
1.6600000000000001 0.369180605703 0.635181770266
1.6800000000000002 0.375709985291 0.670868259473
1.7000000000000002 0.382601549143 0.707628281023
1.7200000000000002 0.389866325231 0.74552065879
1.7400000000000002 0.397515938747 0.784606028665
1.7600000000000002 0.405562630705 0.824946935577
1.7800000000000002 0.414019277528 0.866607933584
1.8000000000000003 0.422899411655 0.909655689171
1.8200000000000003 0.432217243196 0.954159087931
1.8399999999999999 0.441987682669 1.0001893448
1.8599999999999999 0.452226364862 1.047820118
1.88 0.46294967385 1.09712762694
1.9 0.474174769216 1.14819077414
1.92 0.485919613507 1.20109127155
1.94 0.49820300098 1.25591377124
1.96 0.511044587675 1.3127460009
1.98 0.52446492287 1.37167890423
