32.0159254062
31.9051740882
31.8682245932
31.8312750983
31.64899227
31.6928912599
31.6882649973
31.6504201146
31.5890059732
31.5761170843
31.4879237558
31.5389506616
31.6235809511
31.7094195616
31.8221271282
31.9335412696
31.9642281383
32.0513594514
32.1708139969
32.0883291484
32.1592988454
32.2221877342
32.3900463201
32.5492961462
32.6846496816
32.8110940129
33.0229930028
33.2106495685
33.2852960331
33.4003061341
33.6005916159
33.8204299997
33.8948138381
34.0580865654
34.1890360603
34.2974032293
34.5291810071
34.7609587849
34.9038476738
35.071660821
35.2464284978
35.4616002149
35.6849335483
35.9303241861
36.016142368
36.38060536
36.5751104105
36.8906659661
37.1336962691
37.4008073802
37.6033932388
37.8543023297
38.137575057
38.4854134408
38.8032632365
39.0259501052
39.1597076809
39.559808691
39.8711824284
40.019637667
40.2662235255
40.5694558488
40.8563649397
41.1675164548
41.4463447377
41.7677970168
42.1582635859
42.5058595455
42.7969302526
43.144405
43.5442593513
43.8995118766
44.2792088463
44.6587441998
45.1529075529
45.5613369009
46.0493295331
46.5129052906
46.9200366038
47.4564204422
47.9120366038
48.3191275129
48.6536123613
49.1577133714
49.5246830684
50.0609860987
50.3631881189
50.8144971558
51.3384971558
51.781729479
52.297729479
52.8588190307
53.2615058994
53.8295015381
54.4056631543
54.9171783058
55.3964510331
55.82731972
56.3714449956
56.7897468184
