31.9759254062
31.9355617698
31.7500668203
31.596693083
31.4433193456
31.386753689
31.3140264163
31.1604910628
30.9265112648
30.8054607597
30.6359254062
30.5128524328
30.3515797055
30.3032362712
30.3032564732
30.2871150591
30.2387716247
30.0470585166
30.0713009408
29.7885938701
29.7966342741
29.7240282135
29.6997857893
29.6593817489
29.6513009408
29.6593413448
29.6027756883
29.6270181125
29.6188969004
29.5946140721
29.5542100317
29.4090239638
29.2798320446
29.1828421456
29.231266388
29.1029164548
29.1635225154
29.0949645084
29.1182033305
29.1434089529
29.1667815395
29.103037667
28.8763977011
28.8367422862
28.8761427244
28.9341051773
28.8817136894
28.8452970965
28.9221985379
28.9502667935
28.9978656783
28.96158285
28.8606535571
28.9696636581
28.965542446
29.0574384239
29.0614182219
29.1704081209
29.2631959997
29.363951124
29.3843273128
29.4692364037
29.5863071108
29.6064081209
29.7173673462
29.7940542149
29.8223774472
29.9798319927
30.0807208816
30.1897309826
30.3229431038
30.4239532048
30.5814077503
30.6822966392
30.8155087604
30.9730037099
30.9528420937
31.1182638847
31.2436860778
31.384958805
31.5100699162
31.6755850677
31.8249790071
31.8612416333
31.7445345626
31.7484739566
31.8251002192
31.9341709263
32.0915648656
32.1279563536
32.2450876667
32.3782189798
32.5679967576
32.5961987778
32.7294917071
32.9031078687
33.044360394
33.0564816061
33.1494513031
33.3230270606
