31.9759658117
31.951763793
31.8147536935
31.6128951091
31.5725314742
31.5161274353
31.3626324873
31.2091375393
31.1525718842
31.079885017
30.926390069
30.7067110275
30.6582463818
30.6099029482
30.6098827469
30.4645696164
30.4322261828
30.1516722134
30.0226544762
29.7721494257
29.6835837691
29.667227766
29.6833691794
29.6028641282
29.6351267537
29.6673893792
29.6834903886
29.6835913979
29.6997328113
29.635187356
29.5385610927
29.5144457073
29.5548497463
29.5306073205
29.425556814
29.4335972166
29.4416376191
29.4173547894
29.4415568081
29.4334355945
29.4739734283
29.4579128215
29.4578926188
29.5063572645
29.5062966577
29.5469600588
29.5308590465
29.5471216705
29.5795180954
29.6200029424
29.6554680234
29.7200538798
29.8008013523
29.6875690268
29.7682760953
29.8559170114
29.8561392299
29.6622604383
29.7752907376
29.888361441
30.0013917403
30.0983008275
30.1469800896
30.2519093796
30.3588483518
30.4718382471
30.5526665262
30.6656968256
30.778848337
30.8111917676
30.9565048953
31.0695351946
30.9407473121
31.0214543791
31.1506058905
31.2959190182
31.4089493175
31.5058180006
31.643187175
31.7804396958
31.9338134288
31.9902174647
32.1274699855
32.2648437185
32.2566416938
32.3777325985
32.5149447152
32.6844800643
32.7572073326
32.9267426817
32.983510354
33.0884396425
33.1287224663
33.1851265023
33.3547022554
33.5242376045
33.613126489
33.7665406259
33.936075975
34.0086416272
