31.8467940931
31.6934203557
31.6692183355
31.5480466183
31.252022573
31.1925718709
31.103723386
31.0794809618
31.0230769214
30.7890971234
30.7325314668
30.6581049581
30.6096403116
30.448003948
30.4157009176
30.351034251
30.0769130389
30.0468160923
30.0225736681
29.9498463954
29.6673413449
29.5622504358
29.489523163
29.3847958903
29.3767150822
29.1908160923
29.1018867994
29.0777655873
29.0536443752
29.045523163
28.8921090216
28.779246186
28.7470239638
28.6986401254
28.7149027516
28.7310037617
28.6018118426
28.553306792
28.4754039589
28.4673231508
28.4592019387
28.4672423427
28.3784342619
28.38651507
28.2654241609
28.2495017723
28.2575017723
28.2870005651
28.2739991732
28.3465522773
28.3495325491
28.403132352
28.4948254784
28.5270881046
28.5433507309
28.6231456987
28.7120471401
28.7522366078
28.8411380491
28.8490042846
28.9217441098
28.954006736
28.9215824936
28.9376430997
29.0688447493
29.1898952543
29.2787841432
29.3836730321
29.5048043452
29.6098548503
29.6663396988
29.80355182
29.9084811129
29.9381011178
30.0863801028
30.1160001077
30.2613536431
30.1965657643
30.3205776222
30.4549046979
30.5921572231
30.7294097484
30.8989451019
30.8908642938
30.9957935867
31.1653289403
31.3025410615
31.3589855059
31.3184198494
31.4233087383
31.5634867131
31.6493289403
31.7703794453
31.9399552029
32.0639715616
32.0638705515
32.0798907536
32.2121014654
32.3221129758
32.3713792042
