32.0244102547
31.9355213658
31.7659860123
31.6771375274
31.6044102547
31.5640062143
31.3620264163
31.1923698506
31.119682982
31.0307940931
31.0065920729
30.8835184995
30.8351750151
30.8028719348
30.722084006
30.609094057
30.5929525929
30.5143698479
30.4416424752
30.4011979307
30.2476624772
30.1910967206
30.1021673277
29.9970763186
29.8759853095
29.8679044014
29.8436618772
29.722449656
29.7143687479
29.6900858196
29.6981665277
29.7305949213
29.666251337
29.6823926011
29.6501702289
29.6501498769
29.6500891208
29.6177455365
29.5370383158
29.5531795799
29.5046743794
29.5046540274
29.5207548875
29.5206941314
29.5529970117
29.3433069478
29.3998320004
29.3917105882
29.4349615202
29.4400334206
29.5238594271
29.4594753387
29.3462427655
29.3463031216
29.429978546
29.3939937793
29.4695278395
29.5987599128
29.6633051173
29.7440523421
29.7924359305
29.7601326502
29.8408394709
29.9455911452
30.0365020169
30.0203848544
30.0369054573
30.179289439
30.2468846553
30.3196520321
30.424581025
30.432580725
30.5052268897
30.5617114382
30.6667616432
30.7717310402
30.8928620533
30.836538521
30.9658024975
31.0788324505
31.1758219995
31.3451787344
31.3855419708
31.4261072274
31.5472785445
31.7330155183
31.9025908758
31.9752773445
32.0156405809
32.1851755344
32.3223872556
32.4434777647
32.5808106981
32.6049719142
32.6293755546
32.8150721243
32.9523242496
33.0572127385
33.1459396112
33.2992725445
