31.9921274264
31.9034001537
31.830713285
31.7095415678
31.6529759113
31.5964506587
31.507723386
31.273743588
31.0718850022
31.0314809618
30.8779456082
30.8356207156
30.8356359176
30.7548430389
30.7548178368
30.7547926348
30.6254745035
30.6436461933
30.5092425016
30.4176463954
30.4125860369
30.315631542
30.1381921985
30.0091972995
29.9607276531
29.9768236632
29.9930004814
29.8961267945
29.7990914915
29.7717686176
29.7636374055
29.7635742668
29.7636602769
29.5373624486
29.585771691
29.5858577011
29.4888528022
29.4564943678
29.3917722971
29.3274138628
29.1982069436
29.1820101254
29.133611287
29.1497377011
29.1496620951
29.1994681339
29.2547801882
29.2316401541
29.2255874055
29.2627605923
29.2333042478
29.3140267226
29.3334143944
29.3091115662
29.3493743944
29.3239198673
29.4369251704
29.4258463369
29.5147456298
29.6034833066
29.7245442157
29.7486758318
29.869777145
29.9425148217
30.0167756128
30.1298921279
30.2268470269
30.3398423299
30.4043527845
30.5496309158
30.6302625825
30.7270558653
30.8238895522
30.9368444511
31.0498397542
31.0497037441
31.1466586431
31.2758155623
31.3965931827
31.5661289403
31.7033414655
31.8567156069
31.8969584352
31.9372012635
31.9775653039
31.8729596474
32.0101721726
32.1311826777
32.2522335867
32.389446112
32.5266586373
32.6638711625
32.8172048999
32.9220941928
33.0754279302
33.2126404554
33.285206516
33.3900554049
33.5273891423
33.3901774251
