#number of sample is 10000
32.0284506587
31.8950769214
31.7780264163
31.6450163153
31.4955213658
31.4429961133
31.3743092446
31.3540668203
31.3338243961
31.2814203557
31.2612183355
31.2410163153
31.201014049
30.993054453
30.9465898065
30.6416605136
30.5628726348
30.5486908166
30.5551393247
30.5146948802
30.4744120519
30.3858463954
30.3778867994
30.3698059913
30.3456847792
30.3052807388
30.2648766984
30.2567958903
30.1840686176
30.1437857893
30.0710585166
30.0952605368
30.0386948802
30.0628969004
30.0656704284
29.8394039589
29.8354886102
29.8071615346
29.702276489
29.742555474
29.7344342619
29.7263534538
29.7344342619
29.7747978982
29.7020706255
29.6293433528
29.653504969
29.6454241609
29.5726564841
29.6103022035
29.6244032136
29.6546658399
29.7010900823
29.7151910924
29.6486052338
29.6184743944
29.7032824753
29.7880905561
29.8664678956
29.9492961785
29.9010709443
29.85282852
29.8931921564
29.9578790251
30.0467275099
30.0871315503
30.1921012473
30.3132729645
30.3860810453
30.3133133685
30.4155049171
30.5750604727
30.6780099676
30.8052018868
30.8436665333
30.7711453076
30.8558321763
30.932559449
31.0376463313
30.9871008767
30.9932018868
31.1285150181
31.2112665197
31.2457675434
31.348559449
31.5035448473
31.6670599988
31.8144943422
31.8326357563
32.004312524
32.1598276755
32.2910195947
32.3737670695
32.4566357563
32.6120296957
32.630292322
32.7454034331
32.836312524
32.9918276755
33.1877468675
