31.8791173254
31.8548749012
31.6693799517
31.6128142951
31.4754809618
31.3866324769
31.3301072244
31.2089355072
31.1200870224
31.079723386
31.0070365173
30.9324887964
30.88402415
30.8518423318
30.6742059682
30.6257009176
30.4803877863
30.2239070014
30.07049286
30.0947352842
29.9441253803
29.8472970975
29.7179839662
29.6908160923
29.6694991177
29.7018425521
29.6533779056
29.5403880066
29.3629536632
29.3952970975
29.4114385117
29.3227170902
29.2177473932
29.2581514336
29.1531817366
29.1451009286
29.0238888073
29.0804140599
29.0238079993
28.9350403225
28.9592423427
28.8544746659
28.8786766861
28.8382322417
28.8623938578
28.9355143247
28.9192921025
28.9515547288
28.983817355
28.7898577591
28.8171006571
28.8735855056
28.8817471217
28.9222319702
28.8655855056
28.9050774431
29.0343097663
29.115016837
29.114956231
29.2118249178
29.2602491603
29.3733198673
29.454026938
29.5347340087
29.6658952543
29.7548245472
29.8597538402
29.9646427291
30.0210871735
30.174541719
30.1503396988
30.2553093957
30.3603599008
30.3845215169
30.3603194967
30.5146968363
30.6025013149
30.7397538402
30.8527796424
30.9980523697
31.127325097
31.127345299
31.2726584303
31.3856483293
31.4181533798
31.5311432788
31.5798099455
31.7090018647
31.757385703
31.7743691032
31.9025978243
32.0165509214
32.0642543899
32.1934463091
32.2259513596
32.3552240869
32.4198503495
32.4520725717
32.5974261071
32.6780927738
