116.026041253
85.8107999586
100.30151682
97.5510576066
83.4886125954
84.4957020236
87.1476557063
89.0015391794
85.7414376319
102.377302876
92.8661480056
94.6396074768
91.1547567813
87.2376364358
87.1444892549
75.0243700635
75.8930656164
73.6288955549
69.7383105383
65.109732481
66.8482360228
65.1485449635
63.6777932748
69.8596498753
63.7658694209
64.3533789345
60.1281423886
61.3340596851
55.0294867877
57.4208251559
60.8165201764
61.8007428791
55.7810829783
58.2478605154
60.1670452157
58.4460123887
60.110975946
54.9851569005
55.7247343645
57.4199885182
57.3885244126
50.8002212516
56.4966120551
49.4154981699
49.91691952
49.0655382779
45.5845479657
48.8356630222
43.7851519382
47.9835430644
43.5176824178
44.5909150289
45.3878520818
40.778571353
46.5701134039
41.7849723908
43.3295903671
43.4116367803
44.1745068686
40.6181025041
38.6257394789
40.030408271
40.0726743593
39.9119084581
41.9091050401
39.8806237685
42.5089744998
35.2285758466
41.2429016848
42.4343576592
44.5420189132
41.6635061765
39.0239940328
35.7460634972
34.4234076592
36.687961866
32.7599509845
42.0077002371
37.9290559247
36.3702479512
33.3222371104
36.9075596533
35.1934719561
38.0367620548
35.6307621636
34.896802979
33.7319544834
32.1490802278
36.1501109843
33.861890228
33.7852916823
31.2446762982
33.1470215545
32.1804424244
36.3990539414
28.8343405188
28.3060656457
30.3171667208
32.8367555559
33.7440030053
33.864794914
34.2258713526
33.5926479322
32.1016375729
30.2760190998
29.4081061521
28.7120944606
27.5697192264
27.2337410678
27.1853055475
28.512341344
31.2586117321
29.5552793876
32.7735318618
27.4706027349
32.328290462
28.5663200005
28.1037567725
29.5164682429
32.8278633415
32.6778392014
28.9977176556
31.5579165791
34.6989932314
32.4073979531
35.323538664
34.4635894497
29.9375258051
29.8465648896
35.9855740347
33.8774810692
30.8962498345
28.2036300217
27.7065574258
32.4028370758
30.117930394
32.6119300078
32.4523276767
29.8686341439
33.8186824301
28.761303144
28.9663986447
27.9594310402
29.9355701897
27.8324931009
28.1477130092
28.8767435216
25.8192654221
25.9633999861
25.0403210219
29.3562169847
27.0854696089
31.9872543768
26.1333147532
27.8543030734
28.1602911777
25.5148354628
29.0832975384
26.1950124573
29.3442173364
25.4404556343
27.222847213
27.2592892815
28.4451873768
29.9103544971
29.4080559552
26.8550430233
30.7379810469
30.8630296814
30.3381450726
26.3978912686
30.4783829122
29.9772859722
29.4452155933
27.5875679338
26.8900885457
26.7891037913
30.358934236
30.4829898647
27.1247814228
28.8975664646
29.7712911313
27.7407173352
27.4298380719
28.6781862969
27.4874759885
33.0810482234
28.8040570646
26.9581417284
26.6852666393
25.9210940965
29.9043032596
28.124224049
29.7827063065
34.146981569
31.1796834593
30.9319059779
27.7387076757
29.0496773642
29.4393351683
27.7957946906
26.0085557269
29.184840145
25.3324169372
26.1855954429
25.3409037606
24.8814341072
27.4276900413
26.6434507502
28.0697188121
31.0513837009
27.4840590663
25.7374051093
28.0679213328
31.7140718539
31.1023904364
28.7081674006
28.1931044059
28.9123991096
27.477666261
26.5857907284
27.4052216691
26.3433783071
26.1457322485
29.5901286447
24.6062002045
24.2236124797
24.2505613053
24.2358240136
25.5257894306
29.1686194992
26.3861995743
26.698332491
28.6685297886
28.0241292652
27.279898898
23.476878472
24.3549141842
22.9846557045
22.6447985201
22.8560762754
26.5604896722
25.4546165636
28.4498863768
25.4099558135
30.1448815945
27.5595492375
30.2948940951
28.1081856021
29.5762148801
28.8049626939
29.5058269536
26.3214079394
25.946975423
27.9499066358
28.4171546198
28.6637033033
28.3132766256
30.3874582429
28.4745591024
25.3958117284
25.1847898065
32.1796783464
31.7906778695
30.6654742072
28.2787524097
26.9125725381
24.8178929883
26.3655223607
29.6205527918
34.4512483221
28.8348421266
29.2834697281
26.2578588749
29.3122517481
26.5479123816
24.6465156647
24.4563953311
23.6291279502
27.9905389675
27.0710211963
26.3609459805
27.3867484356
25.7521803945
25.6706745737
25.3756769752
29.0544578552
30.6010619748
29.1872845098
29.5807298104
26.4143691457
27.2697150299
24.1336118749
24.0398431533
28.3432299535
25.59313911
25.6284687061
24.8296123004
22.7694858826
23.4441380177
#working time =  0.9361598491668701
