131.090520984
85.7783715495
131.342980529
116.491278561
120.856191624
113.38892295
113.646869279
97.5436842436
95.4320132522
86.159190552
92.5445578309
86.2338038578
81.7078566012
77.8997353199
80.3287169483
74.0504472221
73.0433407207
74.5288332471
73.9065965179
73.3973054151
69.8786910201
64.3147862809
66.6979326099
61.9708879687
60.4966216878
62.1720840988
59.3035564011
62.1006557092
58.2404857974
55.6519374128
55.655970218
57.1309201279
57.4747153446
55.2300294298
53.6713044269
54.4057426454
48.1577865739
52.9019371524
47.1276387351
52.7570179584
47.3107522086
46.6713276255
52.6078097847
54.5678913882
46.9173126619
48.820570914
43.8634037847
47.6422745099
45.4296864386
48.9398934703
47.6553804475
44.2744643714
45.1791453994
46.2124993454
39.9930717092
41.2848426531
40.4534016536
44.1219242569
39.6179829664
38.5091352731
42.5334828414
41.5993255517
38.9678713469
41.421007134
39.7420872534
39.5026213618
43.6092752239
43.023878455
36.7473869672
40.1370278256
35.8597636151
36.0362699066
37.5967638218
38.8767135548
38.0930911574
36.8237024957
36.35723481
38.3820391059
35.1330719625
35.7153283893
34.1680868715
37.2370165033
35.5666447924
37.5604425363
39.8790675294
39.8023524718
36.6653930281
36.927059392
36.7167688452
38.697705239
37.5326617201
36.7765772374
36.2804771938
37.2128390472
35.3900450917
35.8899499603
39.6072339232
38.4181256859
37.6093811169
35.6302395931
36.3760705115
35.7650149422
35.4429901568
34.7878677991
32.8852129842
34.8371964567
33.750187925
34.2905356859
33.6163743621
32.9505334213
31.3288879547
30.3104240244
32.3625846946
32.725930752
29.8572182141
31.8710290289
33.5909307785
33.5352056727
33.4524835978
35.4309517615
33.1275943902
30.6256071047
30.7058351328
31.5670770989
30.2459215283
32.0951213927
30.1430068214
32.7770506398
31.2365114098
29.8420968876
31.321772926
31.3672524271
30.5990366204
29.3486998188
31.2982322788
30.4739180124
30.2307210346
28.6208291471
29.9841625638
31.0756816728
28.0145224324
31.0338409497
29.3886405698
26.8137030275
28.739302491
28.8203515997
28.6157349961
31.2878329418
27.8622809222
26.3325399534
25.4844912686
29.4538575819
27.1860004901
27.7283249007
29.3155913769
28.6415118373
27.657857902
29.8500191527
28.4815522418
30.1346802178
29.3557240345
26.9295689981
26.0112887505
25.7724386663
29.2488945005
27.463662026
28.4065714771
27.6566999802
29.8627192783
28.0635308182
28.1566863643
30.6967064535
26.1963531312
25.9397064243
26.676192853
28.8770007086
27.5047867429
26.233817626
28.8706146502
27.9489145096
27.3649359841
28.1651702784
27.0008231681
28.3680356669
28.8291018773
30.1357961803
27.4921053767
26.0127646462
26.3429141824
28.6792255561
25.4364919072
27.085180025
25.9171869006
27.0962749777
28.4866195272
28.5641194884
27.3111339415
29.1588494856
27.9485906795
27.6684977948
28.2242293539
28.0029832012
27.0460577006
27.7867784572
27.4910129779
29.5469131918
28.7572080518
28.9140467915
28.1970393248
29.8368094004
27.9238157556
27.8130705027
27.9066921183
27.4714612953
28.2461291198
27.609448992
29.6265064551
30.1848670106
28.0980251951
29.4506383957
26.7383624775
27.1317550743
28.0054458736
29.5507051112
27.7634332011
28.7370033558
27.2021845091
29.1276695804
25.8817521144
25.3230952627
25.4162013068
27.5612042412
26.6295129645
26.9429527628
28.1987871669
28.9667155455
27.1387477987
29.1360923851
26.9753544274
27.1614418071
26.6754151299
27.1305801606
26.9489583527
28.2763148996
25.215199477
24.9789105703
27.0713010627
27.695884528
25.911720522
26.0757845905
26.6351615986
25.725380216
26.6691280824
28.1626008281
25.3273489987
24.9590355
25.6036458857
27.5868646129
29.3734662144
28.1552487134
29.4944360788
29.3688311636
27.0144017462
26.5739775037
27.3349587462
27.3492490827
26.4599753615
27.3338974247
26.8944057799
25.2208765965
27.0635863548
28.6414587133
26.5803689058
25.9280818248
24.7985577795
26.1215269986
25.3838985716
26.3677344901
24.4492145399
26.3045244151
25.6912605494
26.4177013397
26.1161265748
26.2657786163
24.8076792688
25.1973817093
26.2554507799
26.568430724
25.9864891085
25.152908372
25.2346820546
27.8493945087
25.1484561122
26.211987668
24.4593725432
23.461670112
24.570497903
25.9160571002
24.6670124937
27.433526115
#working time =  26.04875683784485
