121.053409024
80.4581792675
119.235111969
105.194050827
107.16549766
98.3599691773
92.4287631748
91.5827980329
82.672871494
79.3345982925
69.3123543295
66.9442569679
68.649394994
68.8893336984
62.9305222331
60.8972466146
54.1630749608
60.7548712349
53.1393297673
60.3149527414
53.0127170863
50.2682414131
55.5165053915
53.2409494899
59.9613774695
56.5029988666
51.7702336748
50.1825718933
45.8953316646
49.4773880359
46.2652834921
46.7640882664
47.5386904246
48.2692850137
47.1015807931
47.0594972212
41.3996556254
40.5519848488
43.7546520592
42.8235637673
45.9704124086
45.6706989894
46.5762629152
44.5959313453
40.9657167646
40.9257520341
39.7408004504
42.8165506163
39.3305588212
39.1010975103
38.0438902393
36.4490034306
39.0098213988
37.2070448101
38.4884962121
36.0149856143
40.5407943945
37.2724315107
41.1064714763
41.2242986877
36.4249835172
36.3425691607
32.7355086645
34.1988038754
31.6376476027
31.6212843717
33.6706408155
34.4130611317
31.3071972941
31.0621704488
36.2521186971
35.1776241074
37.6530068803
34.7297138285
31.616522237
31.6433818317
31.5792741363
30.3883934451
30.7893972303
31.0902325343
30.8262054564
32.4398276096
31.7901954976
34.0355596438
30.8635592869
29.5536287784
30.4064273387
29.9279730157
33.0220934644
31.6384084478
32.4559160453
33.0684622415
30.557892718
32.6956156947
28.1357162287
28.3282755092
28.3083197102
29.9708648775
28.2328418391
29.3875155546
28.9334344089
30.3021212445
29.0930826182
28.0973919265
30.7288717572
29.4520022968
28.1865681916
28.9336988674
24.9741992669
27.4511968963
26.2362960718
29.2118791685
27.0198724852
30.8440347437
27.7788257372
31.1822811494
28.2528133683
26.7162904703
28.0884416251
30.1637655731
28.128834256
26.8492960602
26.7666829942
28.2853377851
24.8272123659
24.6100190185
27.1027685727
28.1157345409
26.2168490189
27.9597886457
27.580064981
27.5987078176
27.3897689611
27.3653028291
27.4064733467
27.2676758164
25.6565409413
28.5098772876
27.6205332004
26.6401610717
27.5798837602
27.7642913436
26.2611469468
25.7309609301
27.25906676
30.2399856951
24.2001180954
24.0676116826
27.2865192806
26.9076935188
29.3361175714
29.8207240712
28.682709405
28.8931737579
26.5398345365
28.85650684
26.0764965499
28.7837955908
24.989466565
26.8087962896
25.2651179359
26.3404316869
25.2715684798
28.0522025394
26.7641488722
24.2771831571
23.50282203
23.4856753692
24.4687271822
24.948523377
30.0454599151
24.7060295449
23.1848888472
24.5923631935
25.2608780922
24.8091441797
25.4027037248
26.2679212587
27.0854004346
25.6859902577
26.5397503784
24.222853752
25.2175434219
24.4416377442
25.5246753923
25.0930491937
25.1833673863
23.8366681107
24.2887216785
24.5185590937
27.7718080594
25.3303125834
27.124969109
26.6016389786
27.1930136845
30.4284484953
30.1004729884
27.712313885
26.8766088823
26.4477085391
26.3327339089
26.5977978288
28.7385219028
26.5301327206
25.4753891468
24.7759632022
28.5722283291
25.8239706173
26.1475576962
26.148992413
26.0122919515
24.9747444636
26.1460499378
25.5422828287
27.302293726
25.7850729599
25.8898920222
27.2571121893
26.9925753585
25.7889903035
24.7255454491
26.2110810879
26.1291516891
25.8696575817
26.7644438368
25.5679541301
25.8228545945
27.2094798287
25.2836104643
24.9575510111
25.1412341414
25.7945437047
25.9133137937
26.3276621416
25.4322535852
24.4195836591
24.529307352
23.2121734662
25.7879950319
24.7062610678
25.8777494811
25.750570257
27.3438040142
24.1841634274
26.0225654776
26.5652904216
27.7858162266
26.3246484301
25.7211695076
28.4655050266
29.4636610884
26.3512725235
25.732798569
25.4272701369
26.0649979374
26.659708102
27.1026952675
25.4232902029
26.8950444225
25.7426178231
28.8160650393
24.8069866997
24.740531117
24.6929413129
25.7194365069
25.2890761691
25.5877870408
27.20040885
27.8562201741
23.3434754929
24.4642968575
25.0935984148
27.1594321373
24.6495213822
24.9805928866
24.5117626938
27.7057999665
24.0701792248
27.5148088235
24.3663125964
24.3514165867
24.0991252147
23.2632078918
23.8672561545
24.4795421045
25.6478709002
26.6837521034
26.9165090644
28.1268027097
27.5882198914
25.7765930789
26.1081617435
24.2552070364
26.6270784942
24.7699929352
24.8606715665
25.7835888195
25.875182423
24.6817958446
23.2861127433
#working time =  5.3541998863220215
