123.938830058
80.6488839539
117.594555087
99.4317016621
112.185704137
103.509598799
100.863933114
97.9830430787
101.681139098
107.807899435
93.3913243789
103.254249098
93.9511808163
89.7589750291
80.0699889202
84.4140169197
78.0316175208
77.3149529643
75.8005411918
71.1060315221
68.9267726357
66.0606277873
68.917998183
69.3532125552
70.1780929383
67.4403193604
64.8372328153
64.2013944969
64.6286804198
61.446527905
65.2888578846
62.1437900751
57.5802329371
62.0071308075
54.93992446
50.7710390832
50.2571318401
49.3003141799
53.714672072
49.9376786912
49.4019165075
49.9158736873
49.7975945301
49.3332762371
50.4473299141
47.2786643057
44.7095564454
45.5525699321
45.3876234187
45.132844943
44.4896870614
41.1184465239
42.7205620269
44.0481158769
43.0890918265
43.3382169215
42.6332592472
38.8520378994
40.980160405
40.4558241475
41.5664888524
37.64259513
37.5870400597
38.874694663
41.2814732869
38.984150458
38.8488281879
37.4987131202
38.5228917884
35.3705555636
34.4364109583
37.7665453014
36.9554474196
40.2630455661
37.1364372763
40.2025861225
39.1870930761
33.6321357612
38.7352009191
34.8061034974
35.4208930605
34.0409700714
37.2003106779
35.5063515649
37.1847635288
35.8861016196
37.8008830485
33.8883510862
33.0711333498
32.1549472475
35.2699579615
32.742921798
34.7480850252
33.4862315024
34.4985959645
33.396232077
34.4725375186
32.1677362629
34.8046166524
30.7211400206
29.5271183875
30.1588259248
29.551944663
32.1164053582
34.2246189841
33.8240603168
35.2691572044
32.7692779076
29.3739352567
33.7957041646
30.475457261
31.5474680149
35.4570078913
31.7851507797
28.3453358258
29.9368799663
32.3588395799
31.4498280197
31.9182147135
29.0739982725
28.0630591111
28.0547530828
27.6024435772
27.5683017749
30.1612425927
30.889059822
32.1755351452
30.3683150221
29.8476406883
29.2333552077
30.575133023
29.5927555229
31.9146872381
28.3277609806
29.2997422166
29.7254577155
30.2039848675
29.3655331179
30.5219771618
26.1791110458
26.8445633771
29.9661404096
28.1003501608
27.8460971018
29.288233454
28.7154117937
26.9379053559
30.1992450832
30.9183660365
28.9956786194
26.7608751409
26.382979099
27.364026028
26.1913838884
28.4188497152
32.0099964229
30.3869345665
30.3056299784
30.4501123886
27.0782170975
26.6922381553
26.4977733848
27.4313682491
25.9950214322
28.6370918348
24.6288822036
23.0611114978
26.4152768197
25.2032209389
23.0861363282
27.2327718963
24.4993579029
24.6347025692
29.2440857663
27.6585513414
26.5058723979
29.4023160397
27.5964518434
27.1332913405
26.1903878174
25.8855561419
27.6127978092
27.7191966441
28.9563925345
26.7977045469
29.4370134599
28.1601323763
24.8926051037
26.4829582536
24.8200483524
25.0984515292
25.6648474821
25.6288088947
26.522124062
28.4674631658
29.3154470131
27.53815871
26.9061306518
27.6977611628
25.2391810817
23.7989263882
26.3319089824
26.2306277216
25.7614832211
25.6813871397
25.3109878074
26.4672849748
26.6707691405
24.9201372617
27.2339786168
25.311908101
24.7402380557
26.2488134796
23.047890332
24.6978137407
23.9806859662
25.2114447752
24.4570355365
25.1473105233
23.845437469
27.0643350948
24.2016753772
23.9717174538
25.6212296845
28.7375900714
27.4625671908
25.3113331973
25.3239068708
24.9312385474
29.0204259361
26.872552257
29.1888794834
27.1202595537
24.024824491
26.936509531
23.3478462771
22.4545945298
23.7739511776
26.0757073337
23.5523473801
24.974855144
24.6917096083
23.9759498036
28.4322909206
26.3237119652
24.2519502429
24.6775644886
24.8679933272
24.6007706478
24.9836536281
25.8836006754
28.6493745167
25.5239161401
26.87986295
26.386672694
23.92032447
25.0266501611
26.1788660323
26.8812061484
25.202264474
25.5194541698
22.7599683475
23.2784351506
25.6590640499
24.7799989267
25.9688836336
26.0092175204
25.6660168924
25.1680812909
23.651483306
25.2220890556
23.1533083764
23.6338018468
24.9278238798
24.1066573661
23.4985394118
24.1309045357
24.9793359553
24.8174868588
26.6931229573
25.3509150314
26.7780990206
26.2461899417
24.1910548254
24.4948728736
24.0490161256
24.2180707343
25.1977860153
25.4968191398
24.9912896421
26.636483444
24.700780569
23.5894520811
22.359939574
22.9251462738
23.395560273
23.9962110439
24.5350572382
24.687588784
24.8816936982
#working time =  7.877447843551636
