115.883211221
78.8717174694
96.8496014887
86.4700043218
96.5313308733
94.45402211
88.7084661976
92.1250224034
80.6732453908
73.8317588719
78.705548366
70.5001046061
70.9269670846
67.3740815478
65.9845255543
67.956339996
67.9234578335
70.6554073552
66.8905241669
62.8201074316
70.6669610059
66.7823474799
66.4522261249
59.9023612758
58.0194167913
50.3655943328
51.4672940647
56.6969834396
55.0947658226
55.2247009131
52.5465016137
49.5411758935
45.6210101824
46.8589960429
48.1527421313
43.8969005173
43.6783190622
47.675903823
46.7653499156
47.3557544386
46.9628061041
45.3534473866
46.430822475
42.3943772233
40.8398631683
40.5595207892
43.3740434438
39.4926950496
37.306078969
41.5059439423
41.8239833842
40.1304235931
40.437728054
37.5595336397
37.4999993594
38.3626260608
38.5202004403
42.866902124
43.404492605
37.1388674688
36.1588380837
39.1341050345
34.9732261824
34.3179711671
35.4545111171
34.3403324585
36.3145064879
38.7120431594
39.7535423599
37.6166714682
35.631346457
34.7549227966
34.862852055
35.9013378593
36.1893592709
34.895122578
35.4659433674
33.0378392066
32.5953591468
34.5396784745
32.2283472463
30.7146980457
34.8755147292
29.8149222628
30.6940592649
30.8414057644
33.492661954
28.8863103914
29.091522466
29.9761174115
28.5637200566
34.7171794882
32.4848955085
31.2476424948
34.289859732
30.9537689898
32.4159490912
32.0720554718
31.3894818067
29.096376145
33.8710308057
28.8278284522
28.935063476
26.4248153207
27.3323435554
31.2010811437
30.462014743
33.1438727035
35.6015312702
31.2601786921
28.4135044768
26.6748053963
30.6404660826
27.27917988
27.092820142
27.2153831861
31.0670783571
26.3017995386
26.4097517335
28.0115928293
29.8826826721
25.4570791023
25.7919636996
29.0608265744
31.6050030772
28.108382527
28.2406597694
27.2095971113
27.1897845654
27.1940755022
27.6729498989
28.9450736997
29.9820530021
26.3560373082
25.127456496
25.317088611
28.2031570681
25.7537038981
25.0323300219
26.3472029751
27.3234422437
27.7216157746
30.7342717919
25.1050714883
26.4829974991
24.4352211194
27.9867167676
25.35330701
27.737402342
27.2560569595
25.9122322872
27.4898884527
28.0497526783
23.8022265367
24.4241098738
25.4677659694
27.8887569382
28.0423756269
27.1635660412
24.2347903147
27.9752087287
23.1364450942
22.0920543384
23.0818949852
27.1282087541
24.2518285986
24.566529911
25.6605603763
27.1173096865
23.4213261658
23.2881258658
23.8299424233
22.5728927482
23.6074321427
25.9570922553
26.1168342976
28.5851000057
25.611650323
24.0882907924
23.0738091219
25.5207981516
21.9628531137
22.4683768982
24.5648829042
26.7517973914
24.754648124
22.7173515803
22.4866963061
22.3990871351
22.4083448442
24.7245977862
24.2409657817
26.1409457774
23.8267540412
26.9240116832
24.8185803018
24.8491712134
25.916042455
27.3051649716
22.6341239242
23.2451335652
23.9164912381
24.5961235156
26.8081658313
23.6916477078
26.4821982437
24.4821640234
25.0218124601
24.5081911654
27.0161001888
23.7944726783
25.0089366922
24.0589883434
26.29381673
22.4094876757
23.4204632147
23.7345866413
26.1891349775
24.0445010437
25.6207314069
24.6593289498
25.4673391108
23.8095610186
26.4242418858
23.7330769194
22.9300061867
25.2611723642
24.914552909
22.6205195215
21.3222689865
21.4269941136
22.3563873419
24.0554104302
23.1922632333
23.1982251937
23.8603072255
23.7679900218
24.1152252627
23.0791237346
25.2388161975
26.9045210148
25.6480842485
24.373114673
22.3465626736
22.5372997305
24.8994869716
22.6299757382
22.2088820713
23.2459941597
25.4378529996
23.1582891975
21.3045682289
21.1703362078
20.0019090088
19.463305243
19.995478083
21.3407775362
19.6987296117
21.6920882915
22.296276811
20.1853995684
23.1246464739
21.0994280643
20.0770965244
21.4169420112
25.4424665551
21.7702776727
19.8520582425
19.8955821205
20.607862252
22.7669995714
20.6447763187
20.8827994389
20.5825805839
22.1150440555
21.5665235859
21.6252335983
21.5755757982
21.1095380085
21.0611308637
21.2508643295
22.6615933767
20.7846842139
21.4078470458
21.080738155
21.4396779682
22.2348969297
22.5036817666
21.9962606885
21.7754653937
23.0503293405
22.9337736031
22.7863514204
22.8591999275
20.9931361092
23.319335249
24.9826042706
23.4510620307
25.1255807333
26.6379549774
21.3873561968
22.9708766151
21.0441556201
23.0864833713
22.6929475448
21.7845924306
22.3021573169
22.6263743669
22.7643534838
25.6595415231
22.3018192038
21.4569319259
23.3570871149
21.0481464661
22.115793434
24.3569683485
26.9742609212
23.0540434654
20.3232127183
23.3572873616
20.8975396158
21.4504064782
23.5351514211
23.3043285282
22.1914705445
22.2068041844
24.2395161923
21.3764378408
22.7442563059
22.3588081367
23.43049875
22.3940204046
22.630024965
21.0938355762
20.416926217
19.6184819338
20.9953524693
19.7693262762
21.0297154039
21.8083888535
21.4400339951
20.6172783999
22.1166703799
21.1547476468
22.4006782965
22.641036603
23.1093401761
24.7160826472
23.9756360312
21.659776267
24.0225772348
21.2188049028
20.2553483521
20.5786106926
21.4153680783
21.7943209728
21.9625134863
21.3780451579
23.5328853341
19.7548476248
19.2695062368
20.782902259
21.0750663539
20.6711879329
22.2703372246
20.2432497264
20.2095070358
22.5268375773
20.9355480389
22.0645074431
20.9560150041
21.1184487187
22.137120232
21.9761412903
21.6724793492
21.4840807515
21.3411587734
20.9327026693
22.0690364954
21.3770834287
23.4494274547
21.4812873343
21.7955457536
19.0952170667
19.120918873
20.0594011033
21.2368815359
19.7948229405
20.1297129739
22.2997614512
23.3508358291
20.1930138728
22.2705068439
20.6639529797
23.0520328584
19.2208774768
18.7965388965
19.7926796432
20.670908628
21.0209584651
22.7377599191
20.7318005432
21.9370618658
19.4210668816
20.1907605153
21.3374744835
22.1333636449
20.6056457335
22.8145169905
21.7352760394
23.4850276079
22.4605305913
23.9535466473
21.2471163075
20.7861149436
21.0875975256
24.5977786482
23.0517798361
20.9502817446
19.7375048102
20.0887898024
20.7364052569
22.9582032546
21.0910471389
23.1456047185
19.3548010238
19.7441423711
19.6487573717
22.5658448826
20.958228889
22.0023582147
21.6265389639
21.9864262393
20.316315141
18.8689675225
20.2818440034
21.1024815816
21.7954451087
21.0526730291
22.4023609181
21.8015939474
21.2092887347
22.5719613215
20.2671738535
20.8065475636
21.468318662
21.4764957573
21.2211356314
20.2652087293
20.4712073461
21.7010387698
21.8987607779
21.4666683831
21.3548039331
21.4997699038
21.5863912223
22.1330961007
19.9574858594
20.2464597396
21.3373391359
20.2709321109
21.7314306882
21.3753248757
22.3123983567
22.5588831066
21.286548383
21.3715397517
21.352838868
20.8873559145
20.4792355711
22.7378885831
19.8620969142
21.0758355324
20.9106491564
21.8129913137
20.6175010149
25.4418038155
22.0085964654
21.5658999433
22.5607658321
20.6570005244
22.0334729088
20.4663602263
22.4590099344
21.4708509375
21.5383906154
21.9664355505
23.6276940495
21.808737604
21.0980066738
21.0609679277
20.5833874106
21.9903634659
22.1739994901
22.7901741553
21.6771415695
22.5435374512
21.2344085064
20.888076516
21.3996564398
21.6191307312
21.215302155
21.7787175809
21.6735772753
23.1486266532
20.8800973972
21.1370039119
20.4843486292
22.7898938363
21.6451493454
21.7910406897
22.688781557
24.1918081427
23.1051187878
23.711157051
22.1708650822
21.8029127105
21.604900774
21.1429449517
21.6116139456
22.1681374732
21.4846812463
23.6855105434
23.9121834536
23.5004096514
24.3004869551
24.2076087525
24.1420431179
22.6023022359
22.4908920912
22.2682333367
21.2855492528
24.0012324845
20.597126979
19.9830812173
22.1200368465
23.0464122599
21.3028313261
23.4162912315
22.1082681108
20.6131983086
19.6068065942
20.7422979328
21.8413073155
20.3775700356
21.5133077867
21.1480983087
19.8056482501
20.8229812475
21.3252329138
22.5394082093
19.7643371044
21.8714006228
19.9270893408
22.0849179064
20.9750270773
23.3461543521
20.0581953229
19.6134414656
19.9864123905
21.5794317222
21.1628797184
23.6949874387
20.4128844646
20.3749507885
19.3604826561
19.9059102471
21.067467649
22.8050067815
20.0694320593
20.4238983509
21.8784229485
23.548021135
22.1371591537
21.5206794268
22.1407552926
21.408148187
21.1105996586
20.9896618357
22.3761670233
20.7924436876
21.705920728
23.0565671369
22.6085023312
22.0081279077
22.7153033177
23.3955189924
22.1414513599
21.8669438203
23.6644507803
22.7498762973
22.2216704241
23.6369969333
22.840662338
22.2500249383
21.8699069461
21.5248027884
21.47574514
21.3913425227
20.8567220461
22.1437319399
22.4449057387
21.9930564393
22.5048252129
23.3143401891
22.4185679731
24.1314796652
21.1083338644
21.7096757387
20.4714371051
24.7398546705
20.6999182056
20.4752562869
21.2751542115
20.9730502479
23.1921652263
21.035314428
20.6635547468
21.0305122865
21.7083844712
21.0529029496
20.905714044
20.462700457
20.711094255
21.8779089927
21.4770766432
21.0375215817
23.293960356
20.6238877161
20.6057346076
21.3206971
21.8130879834
22.1292494496
21.9099346042
22.41072507
22.4765955401
21.5118533803
20.7706356944
20.9707096166
19.5329680752
18.8742633733
19.4535071658
20.032155095
19.7548791519
20.2397595751
20.726881996
20.7363650019
21.1459991836
21.2115075723
20.0934930983
22.0986567021
22.2236549313
22.5831398755
22.202155241
21.3341726798
20.5953075023
20.1593846745
21.4111182605
22.344077697
20.639112771
20.4898153061
20.2339011596
20.8366234854
21.4201980304
21.3964381292
20.6595245421
21.1469571536
19.7077833174
19.1551524011
21.0684860587
21.4452416222
21.0268243996
21.3263750919
20.5402013269
21.4680837016
19.7835796154
22.0793946152
22.1759342493
20.9776271186
21.2249331365
19.0166549234
19.7956008114
20.7417242214
19.6793812179
19.2948282631
20.7599237451
19.3459832533
19.0925889664
19.4594440925
20.1715951148
20.796299551
21.9732731132
20.110960464
19.6500707197
19.0044010544
19.0792680597
19.9735384439
19.5698034991
19.7864356605
22.5864509699
22.2585036296
21.8090046851
21.3273854458
21.6811730535
23.9107819313
20.0832858622
19.8855171263
20.5042224197
19.6675889922
19.9894375612
21.2941734688
25.2135930059
21.1380970622
20.6330949636
20.8107921514
21.5245203453
22.9417925732
24.231887643
22.9300450348
23.1615468811
23.3463961077
22.5560455657
23.4485906915
23.4582135959
22.5846295784
21.6502766935
22.810068008
20.9108560922
20.7930957785
21.9745581453
22.4050483071
21.4687595252
23.4016506454
22.0954898773
22.8990174072
22.4906242186
20.7117888262
20.1546038128
21.5310377014
21.0583680371
22.07463823
21.5691169804
21.6136020177
20.1914742428
20.312762484
20.7223841036
22.9479338399
20.4283205261
21.4067709917
21.5326151556
23.5584017863
21.8918518745
22.6983091842
20.6181955372
23.4695946756
21.1271193731
22.0613283952
21.8820288422
23.057083231
21.1730488077
22.0533732675
22.1302430815
23.8332342702
22.1223670501
21.9884603666
22.1195976638
20.5692314712
20.9253716118
21.5404898485
21.0741869817
22.7162299108
21.8754720672
23.0269528159
21.392001132
21.4509894201
21.3279295298
24.3119791308
21.4058414169
22.0389197295
21.4522288305
21.9983301808
22.1769106467
23.0346856168
20.8507119834
20.5640195003
20.28645842
22.1784318291
20.3992303997
23.3782621599
22.395687511
22.4394882157
20.9432275175
20.4606856536
20.0562349909
23.8097825203
20.0423547646
21.0237379182
20.5294261402
21.556883178
19.7263165708
20.60254043
20.4489193262
21.5524807085
20.2937059356
20.7658025622
20.4247025211
20.0953232594
19.7202077254
21.2645412351
20.381777604
20.6924869524
21.3312805015
21.7776895954
23.1786026793
25.067533236
24.2158867196
22.9502304082
21.3516161068
22.9342191276
21.8180230441
21.2078429106
22.2020210064
22.7131175378
21.5886862894
21.2100546405
20.7718474473
20.8118839187
21.2892621375
22.33316286
21.070120678
21.462972838
21.0274017816
21.1053514162
20.796806337
20.9011085056
21.2718001801
21.4831697716
21.5281125042
21.46978991
20.0714408254
20.667567573
21.1109433226
23.7008329452
22.1816221504
21.3760193766
20.835958345
20.4136662727
20.3170067934
20.5529830869
22.8348063575
21.0913558968
21.047144789
21.4806427906
21.0672387682
21.1249012314
20.0832571307
23.0652820678
21.2251549362
21.0729136425
21.0416541936
22.3880088255
19.6420609705
21.2794522414
20.1776591765
20.98393936
18.6198756003
20.0019919005
20.3865216829
21.8277342895
19.8152893643
19.5345420763
19.7609187669
20.8981465058
20.2348587608
21.0767733921
23.2130312808
20.9514745079
21.5570508564
20.7519646782
22.9007600673
21.132135011
20.5801964019
21.1471930988
21.6431244692
22.8793564718
22.0637754493
22.6558268892
21.6830077417
22.3999615909
21.3801011443
22.9387005989
21.7620183199
22.0289793991
21.1868577157
21.9966087546
22.7843768083
22.8781363257
22.6278205649
24.967656872
22.2423269872
21.9491206455
23.6519399526
24.3143315515
22.6513622468
22.5822639676
22.3481503398
23.1585377041
21.7032750037
22.2914374063
22.0312743804
21.7726012521
20.7727539668
21.4113867399
21.1505211715
22.0227575279
21.4585891372
21.8922124035
21.4347587637
24.4053700435
21.8232207858
22.1396816806
21.229096758
23.6621198362
20.7322916997
22.327263021
22.0485089934
22.9533098017
22.4990088858
22.3318271838
22.8675995384
22.0228906725
22.1199689643
22.4217643088
22.495456645
21.6140511154
22.2645106278
21.4866521516
21.2386792297
21.9674796076
21.2802502827
21.8207692922
20.328534278
20.4849127305
20.2761694768
22.5188133212
22.258714307
21.8887492971
22.1293948997
21.8066866266
21.9597607712
22.082129938
24.0876221233
23.1160525248
22.2344801337
21.0581263833
20.7617459302
21.7539598676
21.7696771945
21.3537715662
21.8043998238
21.2062111482
22.6475821686
22.2529209519
23.3249688761
21.8125309577
21.2143437138
22.9073725007
22.0192253106
22.8984816681
22.4088347512
22.7133255891
21.8038864667
21.4473527961
21.6292123853
22.1279198808
21.79948558
22.0436702906
23.637421603
20.6428068765
20.9056551279
20.6095446083
22.3768830401
21.3695424663
20.6593559165
20.5266042651
20.6388382305
20.9215065693
20.5562678013
20.7515120719
20.6814398351
23.111954461
20.3086701945
19.9240389555
19.9347318873
19.9747859317
19.7380836852
20.2701819569
21.9671735635
21.5361519045
20.8932150641
#working time =  25.878376007080078
