120.777527644
88.8035143992
104.205233336
90.5312711865
105.044102285
96.165824346
95.151531594
92.6530911758
82.4450875307
95.1572118
87.8882099967
88.7204853774
83.3352314961
86.0206825765
76.0008595025
86.5483950949
82.9076209963
76.9757461769
77.8124246187
71.0158844
68.8066910185
78.2234449723
74.5012743052
69.8762072468
63.3527599408
66.1411794673
64.2526515473
59.3920537077
67.1661635033
61.2326308443
62.5969230292
60.9895415409
58.1649527439
58.1909447711
52.9372087463
53.6686225897
54.1804340465
49.7515540954
51.3267908009
52.1924272071
50.975485663
48.9384526125
52.483588363
50.0371231433
52.1194337509
51.7013066876
50.8269902681
51.7405777335
50.7745475764
56.0051797623
49.4089660887
47.6435380092
53.2976680749
50.0974582891
45.602475057
47.1962063677
50.3326879372
50.2298826077
44.5811212466
46.0333640542
45.7317271971
49.6959518688
46.9669067969
45.7244086653
45.9119385822
47.1335428881
46.9193358342
41.8026438924
48.0838031149
43.0014112463
40.8626074833
38.7463006562
40.6161018982
40.4353843892
42.9244839159
40.397077603
40.2525814949
36.1647083262
40.7993593627
38.8921899149
37.2828179655
38.9799790921
39.4003919898
39.2896015316
38.2612256561
37.6860856923
40.879869389
41.1368557999
36.3922862009
33.233649452
37.1733853793
40.0888504346
41.8210395269
39.3632466987
38.5539814568
36.374990671
42.7982377424
40.5825779882
39.7604975073
38.5437225136
35.9589124937
36.6729886798
34.6659113867
37.0047632464
35.6234469239
33.9268034573
33.3062206977
32.7691375588
39.0949720154
36.0638914054
38.8831080627
35.1086315322
37.2627850776
36.2457792963
35.3467258417
35.0639042494
33.2233509515
37.3368536598
37.2498445107
34.8940197557
32.2932960908
33.3818484122
34.3360935561
32.6025317592
40.4008552739
32.4660324165
30.6354510941
35.7079591081
33.9578974481
32.5299169656
36.6555264702
31.7036879269
32.0093979689
30.4722037845
28.0718738923
28.4498305507
27.7732616924
33.6217981262
30.7471844002
32.5994347606
34.2016011718
32.4569556776
34.1623952714
31.2376325273
30.8123602923
33.5766432856
30.5571179491
37.1615411602
30.1895109694
32.4676836328
29.6405698161
29.338369522
30.8125113258
31.8802273845
30.0972674196
35.7836073296
33.0384316836
30.853007568
28.4871064693
30.6043122973
28.8538933133
27.4121063932
28.5591859994
26.3762409168
27.915573923
26.3637378635
30.887976939
29.2865734827
30.1432045152
29.2777498138
27.6854704643
27.4226491879
26.8473423119
31.4249891002
30.4607530298
35.1199103273
26.9322548664
29.1743017109
29.6145018769
32.3657689931
25.9658978117
29.5332541487
27.079997569
29.5516205288
26.1212772099
30.7941439793
30.4582936458
36.1497327374
30.2653248693
27.4959501273
27.1070273635
28.719689414
25.5181975563
26.232697168
25.3713105342
26.1364925522
27.1758180912
27.1344169089
25.326965408
23.836705395
22.8936608364
25.5536219553
27.4374790509
27.8755283055
24.6554045219
25.7828418777
26.4458943327
22.4668516631
25.2180285573
24.9290111553
26.3548412748
25.1781270887
26.2847116072
26.4529876198
27.9717768352
27.3372340097
26.606101154
24.3795946334
29.4089771343
29.6581326035
29.5828210548
26.702366568
27.909003318
29.4904674575
28.8886317423
26.9596728548
26.3659413974
25.803168655
28.3375828841
27.8982441293
23.4246564808
22.9738208672
28.1691334168
27.2493951255
29.2979167701
25.800017301
28.5119466398
27.8286444041
29.4325402113
28.7644402216
28.7597840625
26.1078102727
24.0213509337
29.2003956492
26.5239293501
28.8672727999
27.3089147057
25.6482113258
23.8679293174
24.037305862
29.4168770781
29.4191529178
30.19018079
28.1422819083
27.6748326403
25.2504415866
24.4504490888
27.4426618068
26.1677487443
23.8560434004
22.812173107
24.509211398
29.3434108621
23.7309596602
25.2485942189
23.3328117806
25.787032001
26.9419638062
27.0049398403
25.7527042723
24.8794742407
24.9559292818
24.0935606028
26.8600814147
27.6777525338
27.4602459467
25.0601718089
29.1876876544
24.8672647043
31.7329383869
28.8266050887
27.171901653
27.4572168986
24.9218597033
23.3880024006
24.7228527165
26.3452832602
24.7798187854
24.1693095607
27.4269552053
26.709221764
27.2628578957
26.3424829804
24.5490620196
27.3272032393
26.7298143952
24.1783527259
26.1004060126
30.0874894311
28.5114314363
#working time =  0.7030329704284668
