121.053409024
80.4581792675
119.235111969
105.194050827
107.16549766
98.3599691773
92.4287631748
91.5827980329
82.672871494
79.3345982925
69.3123543295
66.9442569679
68.649394994
68.8893336984
62.9305222331
60.8972466146
54.1630749608
60.7548712349
53.1393297673
60.3149527414
53.0127170863
50.2682414131
55.5165053915
53.2409494899
59.9613774695
56.5029988666
51.7702336748
50.1825718933
45.8953316646
49.4773880359
46.2652834921
46.7640882664
47.5386904246
48.2692850137
47.1015807931
47.0594972212
41.3996556254
40.5519848488
43.7546520592
42.8235637673
45.9704124086
45.6706989894
46.5762629152
44.5959313453
40.9657167646
40.9257520341
39.7408004504
42.8165506163
39.3305588212
39.1010975103
38.0438902393
36.4490034306
39.0098213988
37.2070448101
38.4884962121
36.0149856143
40.5407943945
37.2724315107
41.1064714763
41.2242986877
36.4249835172
36.3425691607
32.7355086645
34.1988038754
31.6376476027
31.6212843717
33.6706408155
34.4130611317
31.3071972941
31.0621704488
36.2521186971
35.1776241074
37.6530068803
34.7297138285
31.616522237
31.6433818317
31.5792741363
30.3883934451
30.7893972303
31.0902325343
30.8262054564
32.4398276096
31.7901954976
34.0355596438
30.8635592869
29.5536287784
30.4064273387
29.9279730157
33.0220934644
31.6384084478
32.4559160453
33.0684622415
30.557892718
32.6956156947
28.1357162287
28.3282755092
28.3083197102
29.9708648775
28.2328418391
29.3875155546
28.9334344089
30.3021212445
29.0930826182
28.0973919265
30.7288717572
29.4520022968
28.1865681916
28.9336988674
24.9741992669
27.4511968963
26.2362960718
29.2118791685
27.0198724852
30.8440347437
27.7788257372
31.1822811494
28.2528133683
26.7162904703
28.0884416251
30.1637655731
28.128834256
26.8492960602
26.7666829942
28.2853377851
24.8272123659
24.6100190185
27.1027685727
28.1157345409
26.2168490189
27.9597886457
27.580064981
27.5987078176
27.3897689611
27.3653028291
27.4064733467
27.2676758164
25.6565409413
28.5098772876
27.6205332004
26.6401610717
27.5798837602
27.7642913436
26.2611469468
25.7309609301
27.25906676
30.2399856951
24.2001180954
24.0676116826
27.2865192806
26.9076935188
29.3361175714
29.8207240712
28.682709405
28.8931737579
26.5398345365
28.85650684
26.0764965499
28.7837955908
24.989466565
26.8087962896
25.2651179359
26.3404316869
25.2715684798
28.0522025394
26.7641488722
24.2771831571
23.50282203
23.4856753692
24.4687271822
24.948523377
30.0454599151
24.7060295449
23.1848888472
24.5923631935
25.2608780922
24.8091441797
25.4027037248
26.2679212587
27.0854004346
25.6859902577
26.5397503784
24.222853752
25.2175434219
24.4416377442
25.5246753923
25.0930491937
25.1833673863
23.8366681107
24.2887216785
24.5185590937
27.7718080594
25.3303125834
27.124969109
26.6016389786
27.1930136845
30.4284484953
30.1004729884
27.712313885
26.8766088823
26.4477085391
26.3327339089
26.5977978288
28.7385219028
26.5301327206
25.4753891468
24.7759632022
28.5722283291
25.8239706173
26.1475576962
26.148992413
26.0122919515
24.9747444636
26.1460499378
25.5422828287
27.302293726
25.7850729599
25.8898920222
27.2571121893
26.9925753585
25.7889903035
24.7255454491
26.2110810879
26.1291516891
25.8696575817
26.7644438368
25.5679541301
25.8228545945
27.2094798287
25.2836104643
24.9575510111
25.1412341414
25.7945437047
25.9133137937
26.3276621416
25.4322535852
24.4195836591
24.529307352
23.2121734662
25.7879950319
24.7062610678
25.8777494811
25.750570257
27.3438040142
24.1841634274
26.0225654776
26.5652904216
27.7858162266
26.3246484301
25.7211695076
28.4655050266
29.4636610884
26.3512725235
25.732798569
25.4272701369
26.0649979374
26.659708102
27.1026952675
25.4232902029
26.8950444225
25.7426178231
28.8160650393
24.8069866997
24.740531117
24.6929413129
25.7194365069
25.2890761691
25.5877870408
27.20040885
27.8562201741
23.3434754929
24.4642968575
25.0935984148
27.1594321373
24.6495213822
24.9805928866
24.5117626938
27.7057999665
24.0701792248
27.5148088235
24.3663125964
24.3514165867
24.0991252147
23.2632078918
23.8672561545
24.4795421045
25.6478709002
26.6837521034
26.9165090644
28.1268027097
27.5882198914
25.7765930789
26.1081617435
24.2552070364
26.6270784942
24.7699929352
24.8606715665
25.7835888195
25.875182423
24.6817958446
23.2861127433
26.7122570634
24.5520394319
27.3305301189
25.9701650497
25.4473334287
26.6197166655
24.2605997989
23.9295811105
25.1852389156
28.2880362607
26.214596913
25.1635413935
28.9043013489
27.8298851599
26.8013665992
25.2224367621
25.5330165245
27.2298172019
26.0451473446
25.7885118132
25.7043529381
27.4256497461
26.8487737973
25.821263459
26.265917965
26.9639608404
26.7260977565
25.9118867488
24.8612615642
23.8197624415
25.1121011222
24.8217449332
24.8394765154
23.8144892896
24.4136555378
23.9533560892
22.8947135601
25.7590733292
24.5252080268
23.6278501162
24.5555597167
23.0945581763
23.8642516603
23.002001281
23.9205347774
24.9476805378
24.6799904429
24.797091913
23.3484839482
24.7863572261
27.4364698297
24.7287339213
23.3117959437
23.2959461191
26.2288952781
24.4377289168
24.6294027552
24.4226612056
26.3393212962
25.1856473397
25.3920920262
24.1388121471
24.1336336628
25.0375201591
25.9601961264
23.9403929897
24.7882175497
24.4062372886
25.9729528691
26.0095438901
23.4188837244
24.55020904
25.1040611215
24.3006856129
24.2030127168
25.1934288592
25.4622926424
24.0826974569
23.8362181738
24.9472499558
26.4058021752
25.139482137
25.0001446533
25.1835906731
26.9628477274
25.2357284536
24.3685725474
23.6819186858
23.8214742437
25.1557471039
24.4127252993
27.0690285847
23.5109245166
22.6638914384
25.4924015516
24.8013059883
25.6828035853
24.8510014609
24.7088459074
23.5712174192
21.8160748379
22.2381454458
22.8203390988
24.1884155609
24.530094656
23.8587639505
24.1526821049
26.9828183201
24.7007445338
23.9751259691
24.1696898458
24.8622598771
22.8293736685
23.2874254727
24.3772307826
25.0653286367
26.2203412295
28.845469319
25.5701017116
28.2061956045
24.3344633191
25.1162693411
23.3503682215
23.5297935312
23.9393179024
24.8421125275
25.0012003753
26.1032045839
25.7351733366
27.0355050813
23.5163968326
26.8628342888
24.1499322681
23.6004701729
23.9148835152
24.7436711002
26.3856813803
24.0867849606
24.7917762386
23.6800773015
25.112078058
24.7811304765
26.8235322239
24.4719088439
24.8006659585
24.380684448
25.0266986904
24.6167633696
25.7370522668
22.5126940338
24.1359735235
24.6175162797
26.0028011882
23.3994379473
26.4314384009
24.7102158935
25.3100858547
23.3417940412
23.7490441112
22.5240647027
23.1466924029
22.9508144999
22.8771867095
22.8257335033
23.4857078581
24.5986560791
26.273304453
23.4739014501
22.8128694352
23.3867975486
25.689415123
24.5158999171
24.9502824754
25.0525986129
25.8811322404
25.1194710075
24.7256836654
25.6552158127
25.1318821214
23.8221664248
24.8632605225
23.826064624
23.8931094311
22.5424342366
23.9384233179
23.4682529482
26.4202463686
24.346330831
23.3563314293
23.246523833
24.0138178337
22.928482788
23.8688580445
25.2727947934
23.9315498009
24.6390462247
24.5536364517
24.8607488263
24.0198085888
23.0920731491
24.1527919021
24.0290931488
22.9214159724
23.7525509823
23.047787531
22.8022645982
23.3679077544
23.2952918631
22.9058257985
22.2231542967
23.5694853644
22.5369460431
21.0751089393
22.050174957
21.8244865076
22.9568787968
21.7305528138
21.7701153517
22.2480246685
24.3951517773
21.739797464
21.4469118497
21.9147261468
22.3939837586
23.2839668759
23.3122185854
22.729166158
24.0830433135
23.2060216078
24.4222788288
23.6920049594
23.2248478117
24.1041787585
24.0572599372
23.8430262558
24.3076354379
24.7281788207
25.5205881986
26.4378873525
26.3363809764
26.2076503997
25.9104357714
23.8179128705
22.8057588531
23.084881363
22.6249138868
22.4718381745
22.2235517978
22.407970222
23.3883655471
23.3937570896
24.4358348361
23.2275018521
22.9737930225
23.5679492914
24.4078292464
24.5319627305
25.9986250319
26.3558809577
25.7965130907
25.3295875104
23.3331413972
23.6320938254
24.9434785746
24.8079962677
25.5916793854
26.4707167752
25.2715891531
24.4234472374
23.2582347589
23.3015692188
24.3210763011
23.2951049568
24.028976448
23.9926997962
25.5437423279
22.7326153637
22.908323281
23.8541479384
23.4487383649
24.6083333284
24.8359308888
24.3711860157
24.2598816287
25.182274025
24.9801194867
22.9324799816
23.9660632092
24.2337279152
24.5073038245
24.5571195867
24.758995837
23.7285684468
23.7660613843
23.563114402
24.8738326773
24.1188939949
23.8170873085
24.263597483
25.1821607151
24.5191699032
23.4406325276
24.8670101372
24.6784240933
25.8535864417
24.4836157103
25.00327948
25.1725380086
27.0011073285
25.5357729884
25.6674771302
24.9456039607
26.4537337339
26.2518669184
24.2865200548
25.3829183302
25.3590634424
25.5836482953
25.2175468099
26.2250985838
26.5505469366
25.3776613051
23.7750347829
25.108928631
24.8073551594
23.7942232189
23.8089800144
24.5692221576
25.077764269
24.3672782894
27.0733972541
23.930311126
24.6112840126
24.1436553634
25.9530737007
25.0985825763
26.622548354
25.4202738652
26.8793192951
23.4701864821
25.1918986019
23.2818678384
25.3501009556
22.8298691898
24.3198937869
23.5989850439
25.78741114
24.6707114216
27.1011974304
24.5969363384
24.9225475015
24.2231021439
27.1706123838
24.55408201
24.9374733609
27.5290121802
27.6374341475
25.2398803544
24.6793438964
24.1139196937
25.0363193283
23.755887576
25.1413292844
23.5982158094
26.1308224971
24.3242874709
24.7892434993
23.2855759052
23.177858142
22.9012365072
24.0265105271
23.9494661227
26.1302176881
24.2509236505
25.8676359284
24.101305949
23.735113085
24.2377788761
24.8866380534
24.4848169096
25.7481682573
25.6053627864
26.0960672589
24.3775292176
24.3340541115
24.6552895485
24.7510580089
24.0503838571
24.0334568043
23.0098110628
25.6114492883
22.7066120422
23.4101342823
23.9038251104
24.8511104631
24.4187535404
25.3826005942
25.7297195458
26.6066504838
23.510720592
#working time =  12.329322099685669
