122.383489152
83.5986752635
98.5566048232
83.3257560783
86.9889607318
84.072559719
77.729051017
74.1218397125
83.9259409146
81.9201979443
68.775154976
72.8484190324
76.8188471455
68.4127190188
73.4262225142
64.622317625
62.3197740615
60.4933875882
52.3076130772
57.2859544968
50.4993206443
47.8011906065
49.0460068745
50.4650721392
51.7815461192
52.7204396918
53.1309580601
49.6881521649
49.7023774451
48.0881831559
49.9137739978
45.8771019885
48.3836707737
40.2105029627
42.1837191756
43.0068867172
47.2547404775
44.9091186346
41.4872372025
43.3660220783
44.2518746979
43.3439514581
38.9024298874
39.7669451483
39.0164088139
40.9545246911
39.5274598684
39.0602970218
36.9756794177
40.8562273219
34.3482635205
35.474600961
38.0590281317
39.3101098323
36.3012532515
35.755000473
34.7480430558
36.9227195583
32.7170752994
35.1071913997
34.0890164017
36.540197891
35.5835167449
39.7332118804
32.4663608865
31.142574547
34.9519635329
35.8053421148
35.3328036901
35.5288993019
39.0647502075
36.9364327051
37.900888503
38.6600634286
32.00089812
31.0966098476
32.4640613803
34.4490812882
31.6440485943
32.3657194433
33.3853835735
34.7167559599
33.633493726
33.0408347608
31.2680712881
33.4518834048
30.3421596168
30.3185897977
32.6779883113
31.9729368659
28.6476774911
30.185075845
29.9478522276
32.9573945175
30.3525754186
28.4379201112
29.1756489946
33.0381210006
33.9063537096
32.5063577365
32.3762054716
29.5582884111
29.5729035528
25.1395391219
31.7840487212
25.833646001
25.0442948123
29.7690034556
29.3878904599
32.0598583209
32.4083864367
27.6745893944
28.5371915748
27.0387112623
28.460068149
25.0065067324
25.3849624691
28.172246368
29.1113788744
28.1869142493
26.7429916845
26.1815463095
26.8303004968
25.9838568402
26.8655761881
25.7258214141
25.7771518737
25.7002780857
27.9572329704
28.3711470337
30.9154884474
27.6731033939
27.6499777951
27.040737593
27.9503115032
27.9640411846
29.698389654
25.8136514271
24.5433298959
25.4918557216
26.6645110278
29.5851876549
24.4479250918
24.2912131149
25.9030311891
24.6557486507
28.2410713556
24.3560968104
26.1357562851
24.9879594275
27.0685893011
27.4707204186
28.3874085087
30.026246253
26.8408373527
26.7241494236
27.0267689251
24.4482127306
24.6747272867
25.8642037582
24.6988344713
27.4586724232
28.7597570883
27.5889950614
29.0908800549
25.3299739867
27.1072486353
25.0654017241
23.8325057835
25.2591143408
26.4729030241
24.8802273875
25.1063219772
25.1595134772
25.7947859921
27.1061882424
25.6447287914
24.8113540564
26.6306498319
24.6325113864
26.9265565342
25.4202966407
26.7747781099
24.0835976922
25.0930916437
25.8929832364
26.0603875269
24.1105423767
24.259431459
25.7232129454
25.4173514575
26.0024845617
26.1798924654
24.1864047307
27.7965523931
24.431164518
23.2834230366
26.2740114721
27.6764575511
27.3342803074
29.6544373401
27.2729249036
24.9941329582
23.3135982738
23.5166948397
24.7900493344
26.3849054186
25.0877903807
24.9422599703
23.846841164
24.7090444147
26.3311753054
25.7458592065
28.3251442496
26.5125978705
23.9395590788
25.3270566544
22.6344556188
24.4849044711
23.3244364515
23.1245378899
24.903140663
25.6086494948
26.1175428282
24.3717443718
23.9499474451
25.6344500257
22.6472733228
24.9224670666
23.9184761498
22.5350136164
27.4075501661
25.4269115059
24.6457996357
24.5967266451
24.4102641484
24.284529806
25.5208777914
25.0334613377
25.8627358885
25.8446642798
25.9800270979
27.7265515935
23.8636699396
26.0746884213
23.5150608498
25.4249068809
24.0638052586
28.3768654383
24.1575437773
23.6054823716
23.2934758973
25.2012343204
25.4520682151
26.0629340907
22.8061323438
23.4421990851
24.3560918156
23.9084674678
21.8359399195
25.4763661947
21.6337430642
21.2703384556
20.8795668786
20.9174278477
20.1098737389
22.766513537
23.490639257
23.3582497465
23.4040140568
23.9530501449
23.3173597596
22.2664233026
22.535248368
22.8959989496
23.6612014217
23.9127056709
25.0933069022
25.5627739838
24.794583845
24.0869280174
24.9016842606
24.2707781255
26.1742534846
24.0928774324
22.9868441399
22.8970996219
25.3536362095
22.7044516936
23.0955176038
22.9454704374
24.7241669933
22.622249286
23.5638961226
23.8227253484
24.9210192863
23.1657877917
23.1198195192
25.128559797
23.2857916964
#working time =  13.441195964813232
