121.053409024
80.4581792675
102.818152697
83.2580289231
93.9442308143
89.1166060627
74.3825836366
77.1476436276
67.6017495592
71.264287573
70.6882058738
63.7878514734
66.0112688479
60.5845665471
55.8316746094
61.8823803084
55.7393458651
56.3243424065
53.500179518
59.5947145928
51.9894696435
55.2769337854
57.9933849192
59.6289779534
51.3092775842
52.0307114158
49.2598159579
49.6473514042
48.5646240439
49.8261856093
53.1404125865
50.5991421667
50.573182019
50.9578875546
42.5878510374
45.3474869602
42.5821777514
46.5332941456
43.2519283261
43.2942175155
43.4017285975
44.6178543495
41.7378191151
45.0268391245
41.0936403796
40.9982447352
40.6216979369
41.7113586099
40.5458068266
41.5762780508
37.9188715649
38.2959329163
35.2457729829
35.7194628659
35.7798338085
36.5979879954
39.512300763
39.5146625401
38.0458513635
35.9751118704
39.1141833563
37.2454474254
37.2154542466
34.3853617852
33.5233137742
36.0536551316
31.8166247432
30.9160814681
33.5136751145
33.2973311759
33.3785672982
34.1362946155
36.7430024264
35.5146536729
34.462925076
31.3891029716
31.8280334352
33.4308926638
31.5464213019
32.6180562309
32.6384160128
30.5523659641
35.3245314901
33.4312617055
30.7876947766
31.4183938903
29.4850173688
34.2616104132
28.5154306308
27.0141257114
30.6542399984
29.7380672332
30.2896047499
30.2905621747
29.4658476076
30.2489077474
28.8695085366
30.3767785368
27.7612258805
27.7069269339
29.6733397647
28.4157723286
26.9209622481
27.4204245927
30.0217843005
28.5048643501
32.3298302948
32.4549772883
29.6306482714
28.9798462979
27.7598338039
27.1670864688
26.259265512
28.7067081923
27.5441014483
25.3057218058
27.8648022227
27.6364866547
26.9207727827
26.6130141531
25.2100215205
26.9369147269
26.4486367105
27.6182455181
26.1069857703
25.3748509845
26.0936273783
27.1335405421
25.2862197582
24.4187890143
25.3736948994
25.8415337932
23.0778745917
26.5689637171
23.9917979613
25.653536854
27.2973992217
26.2427093
25.3400059684
28.2705460768
27.79411574
25.9476465104
26.3074392619
26.8325672595
23.8468003776
22.0702770193
26.7359201952
24.693481328
23.6918609531
22.5837890141
24.8065548536
25.4480800838
22.6602483012
25.4678852616
23.5544102322
22.6571059723
23.9807285444
23.6224989834
22.5970204466
23.8243957913
24.4538205101
23.0764892689
27.0995881109
27.8646900645
23.2995805788
23.1422772747
25.4732067611
25.8610099637
23.2109395667
22.642185681
23.0178011477
23.5571211753
24.4219089398
23.6566862492
25.0339736578
25.5342110041
22.5412272094
25.2800850652
23.434933164
24.1304009037
24.4256292992
24.3028245905
24.839429734
27.1483792595
22.5357389081
20.9857512882
21.3682715687
23.4161471382
24.219085282
23.3394026718
25.5915372974
24.5496472002
25.1923063623
22.900777074
24.9345888933
25.4381170362
24.6609553418
25.075832628
26.2619621958
24.512888301
25.1632699403
24.2842523003
28.7745826336
23.1411303739
22.4584118671
24.2690109654
26.3897652452
23.456261602
23.8431951581
23.9480478896
25.2848747758
21.8681579667
23.5947384951
23.3117176944
25.7684426766
23.2889691988
24.0508991101
23.3050415269
24.0390812662
24.0217903233
25.2192200155
24.7392478856
25.83247815
25.9364971004
26.1035968643
28.790683183
27.0741618063
25.3849173843
23.3738199938
24.6005136911
23.9229625096
25.5146835182
25.2053251739
26.1001009808
27.6356861877
22.7648777013
22.7093326518
21.561751835
21.4737722602
24.1468075562
22.9826879638
24.9943940777
24.658408382
25.4397809934
25.295639802
23.3058707639
21.4674085183
20.709604087
20.1569975902
22.616412825
23.2371959864
21.9881746451
24.492944301
20.495883766
23.3759723484
21.2909173818
25.5583905336
20.409456858
23.0060501496
20.3722750745
24.3911086653
22.3964384559
20.7808656605
21.6421869932
23.5383714276
22.8549838891
22.9516279715
22.0849734152
22.680631265
22.668750735
21.8502270482
22.8123559534
24.093734213
22.7351511816
24.1559122555
22.3622857112
21.0558616704
21.1983358301
24.3954230637
23.0894221581
24.3886127749
24.6211012136
24.5044415789
22.697719397
21.8138731566
21.8340186628
21.7638987873
25.0999640358
24.8493579479
24.0408258223
22.6949251411
22.6068774602
22.1698437014
20.7220605471
23.0129938435
19.6759113934
21.1924587732
20.5846848681
24.5749801718
19.9418245024
#working time =  5.618156909942627
