108.750969275
108.765216835
96.5722718914
121.577088982
97.0414654393
93.7210175911
103.078367938
96.0643089469
94.1143735188
95.1186384291
93.040307902
88.5170354714
89.5507432261
85.8569999055
83.4394472501
85.3126483762
83.8167406294
81.6959232562
79.2647175447
76.5147937072
75.329985309
78.957990829
83.4485249928
80.486429864
75.4431199232
72.143372071
74.5728362815
70.5528589554
73.5361554709
69.7663251281
67.6199312303
64.6648733733
63.1065146982
58.6990336636
65.7068221428
62.5812946371
59.482654275
62.6555319348
54.5516788864
57.884977004
52.7251285395
52.2648610992
53.3122823207
51.6513219565
59.7112905158
53.8497547978
55.8066748814
61.2529708301
53.6153010777
56.5190724785
56.8084582535
51.1201336403
58.1929644791
54.4824795255
50.7481658169
51.812306597
48.042107035
48.9362686757
47.2282486208
44.9335345495
47.7445165104
46.3434706273
46.9272899283
47.8523929807
44.6817701477
47.3573233658
44.011317435
43.3478768071
44.9591347768
42.9712708364
46.9250984692
42.3413454421
38.9289792878
44.3729555017
41.1305885149
38.8487285797
43.520531438
36.9012931605
38.1466774138
41.762670628
35.0233556311
39.7711252682
37.2472706273
39.3193050572
34.8198023073
38.1628582639
41.4451226063
37.503436593
42.5889830019
42.0182043613
42.4193398746
41.3033267382
36.7416221099
40.6853655505
38.490483046
36.8821789881
36.1327737192
40.1303746308
40.7835898922
39.9889223568
38.4297378346
40.9443872014
44.2682913212
38.6780154069
40.9943413372
38.0526421193
42.0254311091
44.4962608375
42.8116951162
39.9012112152
39.1064742854
39.2806842526
39.7028876796
37.7983437808
43.3049525921
41.2224631843
36.6590630778
37.7576178033
39.9326298824
39.0909128347
35.4719590767
36.6283044526
36.779228577
35.0641442805
37.4059344643
37.5911470031
36.485818433
33.8995361814
38.9763519274
39.3292878336
35.1969050656
31.3352295666
30.9580864596
31.8459372528
31.8550068007
32.4966554098
31.2713430565
30.8280242078
32.5242265739
31.1076876896
29.8756798031
30.6526049431
30.2007333687
31.8455525318
31.8846236885
28.7735986302
32.2949174308
35.0874204887
35.3976358939
35.1792502879
35.4174191412
30.3842462941
31.2619831812
33.0116433615
30.1484346717
28.8965714221
35.6442895542
32.119403441
31.7782300724
30.6548749206
36.6782530004
33.8368407674
32.1639919214
30.6555979843
31.7933739364
30.2665693302
32.1853761015
32.0555192745
31.0240924686
33.9369702471
32.5876231414
33.3719092988
31.9666443103
30.7080589973
33.2246037935
34.168821662
30.2037997113
30.1179233773
34.6030731387
32.8004762617
34.3159150046
33.3544836122
32.1925223455
37.5981137021
37.082002538
35.7439761806
36.5725920962
35.0660291638
32.3240487713
32.5280071016
33.7312309968
33.223578798
30.4381051135
34.6203622162
32.9249515211
36.9131145563
34.9629016152
37.1989617639
37.6220791984
33.3644331266
34.2263352566
32.4621948529
35.095806526
32.1156419175
31.4313287304
34.8042967005
32.2296651751
32.8299070619
29.8497352764
30.7254707963
33.4651037994
34.5419064804
31.0837897679
30.1789790121
33.9581683527
34.4984938764
29.2215370782
32.5929314121
32.2488931413
33.7079635312
34.9135916354
31.9506597061
30.9367285008
33.5792665823
30.2832157749
27.7826723888
32.4097254042
30.554161043
32.2122077016
34.4433976176
31.4535628919
28.5864658285
30.6385849752
29.9403434506
30.0872335304
28.8679197234
33.0367433727
28.1478769101
29.0894705475
28.5771343511
32.5075697897
34.7894566917
29.8901399789
28.9575771252
32.7459631347
27.7948060271
30.7423588989
32.7965973376
30.7086862434
30.3986153745
31.4767176326
31.1789795856
30.1307232837
29.2371869999
28.6079397726
29.7822084323
28.8490861396
31.0057906656
33.3726138812
31.1343841949
30.5635733835
29.6256486742
33.8184318086
29.3517766478
28.9386399288
28.5859640128
29.9276868004
33.6374813741
31.5355249736
32.8186298105
30.7056201976
27.4613301787
33.3169858008
33.9907508864
30.9226665527
32.4588233981
30.3774928064
33.5622220362
30.4238740951
30.8136534225
33.480832951
30.33563027
30.5999423143
32.2425455197
29.5682964841
28.8001900717
28.9856933712
31.1860968624
30.7854430869
32.0462050661
31.758204918
31.6041498406
32.4889569326
29.6284906164
31.1121067164
30.1974432806
34.1280800912
29.5912553022
30.2491539666
31.359466932
#working time =  26.81439995765686
