125.672529209
77.4051460314
100.819835962
83.9585713418
97.2512578076
89.4274523128
102.937746557
91.6752004936
100.218431725
83.9482954638
82.7809690495
74.7170231058
73.4722087642
70.3948881626
74.7869776262
75.2531523844
75.2074545469
74.5610081155
67.6075216771
70.1193428079
66.0123945161
65.7964025007
67.1839477019
63.6270559933
59.4079275316
61.9298777765
57.1707523918
58.0548704137
53.8604765816
54.5375746314
50.7228717471
50.3905500987
57.1709897796
56.1022731886
52.4654692407
50.7800914854
49.0043558611
47.8677701294
47.2041221859
47.8820590538
49.087202033
48.1220142035
45.9138031838
46.7223057388
41.9035506669
44.6351869409
40.7818951538
39.3824012218
39.7760548966
41.5016424054
39.1567197782
44.5338491596
40.1655816515
36.9898628273
38.1527980947
42.2645673087
37.0623126496
36.0541193074
39.0706567076
39.7973948111
40.278050278
39.2518886625
37.1257664096
38.0117394456
33.5248777472
38.1646716111
33.2412858356
31.6234265911
33.823967389
35.8987758713
32.0966564277
33.3451686319
36.3581006385
36.1680509555
35.7944494563
38.1622654686
35.7143135133
34.3396202335
32.3133470647
32.5505096967
31.4852548729
33.2897425625
31.8560728221
32.3371725056
30.4203819122
32.5865970495
33.2071638019
32.0063110105
32.1210245388
30.6890312172
32.6246473254
28.379685682
28.7123950568
29.4545702262
29.6320338235
30.1799232296
30.9504131513
30.2401392992
33.8533578979
33.5154981137
31.418127869
30.1166407186
31.0230981647
26.8151724098
27.4034364933
29.3294980485
27.1570390605
28.017663497
28.8619503093
27.2879832102
28.7257060443
25.8724177342
24.4424803384
28.7022061365
27.5004478741
27.3274168351
30.1443690521
29.3671467499
27.5736021141
26.6511960556
25.7666324549
25.9152729528
27.360771311
28.852295064
30.3772536655
31.0278083605
30.4011423214
30.378507622
29.8414545249
27.4233204362
27.6784700394
26.2559971266
25.9215128625
24.491347417
26.1461325439
27.3890632791
29.8567075831
28.7250428803
28.8603595593
26.6669750432
29.4662045965
26.7201598112
27.656497406
26.6781462325
26.8585492578
24.3764844869
27.6289197085
27.3113161148
28.3718823512
25.8400892189
26.8092157791
24.7496134172
25.7033846288
26.0353622882
27.9648074202
28.5181943393
29.5371170743
28.1456256616
27.6414152697
24.2486311605
26.1897812493
26.1392905799
28.6656495538
24.4325681307
24.2922903902
24.2759735443
26.1451486288
24.8436010252
24.2015478102
26.052438856
26.685925921
27.7437216105
24.7289110625
24.3486418808
24.2828804864
25.8076397784
24.8447326521
24.5569444666
24.1251724817
26.3207240897
25.4577216107
26.3657359455
27.8172001079
29.3257892505
25.7215305693
24.4475809735
22.3545041069
21.8352357634
25.0747209959
24.4518070581
24.9746894868
26.772488198
24.1340209393
22.3567979554
23.4416647291
24.5670654277
22.4945734932
26.6604706972
24.8916561593
22.9151998501
22.1793133617
25.7685292327
22.4722208884
22.6877929977
23.0677257441
26.5384432251
22.4902165163
22.1891607783
23.0111212071
22.8799096916
23.9068140458
25.9133781296
25.591265186
26.8528040682
28.2271835939
28.1637791485
24.3554813925
24.4947703469
23.2308562362
25.3619964913
24.7472262968
27.6975596817
23.9782206452
24.8516775388
24.0305093119
26.7113245296
25.001696846
25.0326384664
24.3547578986
25.76253958
24.5666239318
26.6262484936
24.3582469856
24.7175523709
24.2343222319
25.6728740203
24.3771804363
25.2307861827
23.2197408312
27.9193762358
22.6998297186
22.6575471321
22.4284282084
27.1770872793
24.4957012832
24.5886858508
27.4779734429
25.7118265802
24.4027142437
26.8570107985
25.79703716
25.9052217544
28.2167725425
24.7529039591
28.0013965019
23.9705410817
23.5411701536
23.2734231348
23.6347257885
29.3597175854
25.3916052114
23.3646068222
23.5344840085
22.4914548884
23.5144219049
23.2836414201
26.5273769915
23.579672215
23.8655227631
23.1159828643
24.7974574888
22.4511442426
25.3955264703
23.7197229942
24.0975312294
24.9833767317
26.6432862332
25.5751185422
27.1474872656
26.6838431934
26.8450824845
26.6865171242
27.5400434885
23.1931233016
24.5415123752
25.6076124188
24.0114409819
23.517758767
26.917153497
25.4548177511
26.9790433339
24.8410190761
27.417238863
24.6989719574
24.4340684402
25.5110300598
26.2741251191
24.2114754498
24.939103076
25.0157737188
#working time =  5.477112054824829
