108.750969275
108.765216835
121.517784313
135.43538168
117.591452326
129.126531056
124.334821546
117.094296321
113.163684587
105.374386797
99.5662375206
106.93745961
95.9900984447
87.7847771528
88.6549269569
87.8337228467
92.9401551705
88.3234281528
79.8223532515
75.0506653257
78.3638487238
76.6167073403
80.2408684561
77.5880909684
71.7751591362
75.1705151499
72.4594564763
78.8985418201
78.4674071051
75.0343794146
75.9751721161
72.697318368
73.9342152143
71.4524242387
71.5560281313
70.8289295321
68.2979507131
69.7127329141
68.2929748992
68.7406362084
66.3196635246
65.0647701463
64.4772506466
63.4664538346
65.1953944679
62.5084373111
63.4142190248
61.0146718884
57.3038969589
57.4567293262
56.5478069443
52.6591162229
53.7173187103
51.7942986092
54.5171785138
51.6292460895
55.3481172725
58.7363951344
53.7371358204
53.6346064609
54.2432793384
55.9991170388
58.8914738433
55.3913082915
51.2900676438
50.6871899174
50.6847642205
50.2007631239
49.2020977167
53.6147326928
51.514686092
49.7974961342
50.9706919979
50.2384428465
47.6611767526
49.1219484473
50.048524205
47.3085661172
46.2697149756
48.2292850008
44.4793161778
44.5626558088
43.0069473435
45.132443752
41.9390939551
44.1541252177
42.9984224466
42.8851145205
45.4274658975
41.3460427503
43.1366836474
41.6165746187
42.1465099564
41.8081945536
41.415066611
42.77642166
45.7292249681
42.5831296603
47.5714869465
43.2316593227
42.7080370996
44.3131113322
44.6204704081
43.6370125727
42.1375797055
39.732086458
42.1708992393
42.3354391934
40.9663583204
40.1622017969
45.1117857357
43.8514130811
40.3885925264
43.4981787315
42.8576297437
41.9142253458
44.593153872
39.6565658498
40.9380472692
39.4841960012
43.2124259915
39.4348490256
44.3909831472
44.9529575216
36.3531240701
42.3286661705
37.7961227892
37.4450134174
36.7085120983
34.9295442935
34.2560613793
33.7170863815
38.8117998727
33.6870902669
36.394557693
38.8875538017
35.6106904548
39.8464900254
38.6038691527
37.9665687062
36.7570574216
34.6045134176
33.2967818949
33.524974954
33.5968919074
34.9063917863
36.3401007155
31.9176689376
31.0506502298
31.7338854324
37.7512357183
37.6784175191
33.2954683159
31.9930034862
34.3997608138
30.51647373
29.9059418947
29.9687935663
30.3653222879
31.9136818218
33.4477348573
31.7296708937
35.8702450418
32.0821335875
35.6514188081
34.3054995559
33.311452692
31.3201047526
30.1771392073
29.9248335801
33.7139179426
37.0959060582
34.1744798656
37.1579572393
35.0117984
32.9201978126
32.7765702834
27.7377943496
28.0997792722
31.9458444484
33.1901222809
31.4671356918
33.9718368538
35.1123240502
32.4015293876
33.5354576041
33.1057680454
29.9317402634
31.0156351064
31.9420013985
28.1434881489
27.460711228
29.0282617162
31.0837091635
32.4911525452
28.6106151897
29.3418830912
29.3200159226
28.895986079
30.6708410949
33.4919105766
34.2218935193
33.3385440714
31.9921281429
31.2845051997
33.3802597401
32.5958963871
29.8217551003
29.8694974492
30.8010917294
32.1272287809
31.2512334923
29.819467773
30.2118535147
28.8244176808
28.4496542449
30.0378395559
32.1129597685
29.0507176225
27.9813450302
27.4910664537
28.5760448302
27.0934233955
35.3145906051
29.2075945206
28.6155665239
33.6017724349
33.3456821086
35.5780955168
33.755044091
31.3655104713
31.356114668
29.9577493843
33.102851767
32.4684739625
29.5615173553
32.9240461965
31.865097691
32.9981514754
31.886474308
31.8563706615
30.1961099515
30.5511446175
33.232378821
32.8910768905
32.224038543
31.3402760615
35.0487289512
30.2947088995
31.1637463868
32.0708795135
34.4158449035
33.9583876663
31.3468880514
31.3780319699
31.7838561981
30.7106573885
30.1896072265
28.5290498629
31.530955632
33.6600529355
34.1492829073
31.9343387755
30.1042458534
29.5327866603
32.1943553003
31.545356375
33.923295338
33.6180581537
31.6026498984
32.6377315154
33.9591021313
30.4601732308
31.3094818522
31.6334687577
29.7642305638
29.6266210043
28.9136733245
34.2221932662
33.9917400559
31.5701407062
30.0785150713
31.6082701715
28.7065118262
29.3974459377
29.0483251245
27.7752213407
33.1679573667
34.1196954543
30.4758660557
29.7205108022
28.9475533198
30.4507040354
27.4559722025
26.4123354601
31.1687387107
28.617671937
30.4833977717
29.9358569384
32.5912511296
31.4363558687
31.2824472925
27.5811826155
31.9971685726
30.2228914243
28.9530461902
29.3126396248
31.0107736787
32.8928688363
32.3740610574
31.5345989715
30.6365822048
29.8052861629
29.2194782855
26.6909657232
25.8263265621
28.1871905213
26.6417799525
31.9078128061
27.2318908587
27.6918835497
26.3843764381
32.6776204575
29.9170094281
28.747915774
25.9650099217
25.5371937596
28.2376696039
26.5223483581
28.6230942745
29.8238369431
28.7204956195
30.0732592574
28.0928150679
28.5534983852
28.0116156792
28.5215459764
25.5957464416
30.8512107544
26.7068360552
26.1718670384
28.8952581831
28.7550122524
25.6340814643
27.6856343441
26.9450890213
26.6395608976
27.59368981
26.0422172555
28.9175815813
30.4872550161
31.3622616303
29.0285431149
29.4472876098
28.9539381754
33.4160234539
27.03226361
31.3164410696
28.9327994866
31.7734439591
28.6593485161
29.3298719862
28.1340033011
31.9281779026
30.7646379617
32.0993772717
29.9323818548
29.0261150332
27.2474247709
27.4724110385
27.4231097163
27.8594330488
27.9262827035
30.1424237348
28.3854329398
31.0360649147
29.3468624642
30.0863388903
32.9176786532
29.1936987184
27.7677853691
27.1783516939
29.5871814629
28.9150583713
27.9036511699
28.2830731048
27.1269182466
28.7942738142
27.4190364352
27.1041087365
27.4395642894
30.1595531641
30.6022063969
26.4854007388
26.242863435
34.7051106664
27.949326691
30.5680711873
27.881982734
26.7886649635
26.9703343512
28.5497149246
27.9209800871
25.4704852128
27.0170028961
26.6986165691
25.7534093248
27.9404093106
28.1675967401
27.1506305991
25.6305274181
25.6507861856
28.7288020596
28.8851429803
26.3343803846
29.8120908682
26.5581315988
27.3301152642
28.4684425797
26.1720566342
26.1226533043
27.1944925484
32.5940045469
27.0664172081
27.7727551833
28.7180629579
28.828573957
27.9449494304
29.7795559794
27.384886284
26.9866944019
25.9593604113
25.1773708276
29.0822567256
27.6214872661
32.377523733
31.5416190126
24.5395336969
24.8891878155
25.211643777
24.2118926958
24.8726717247
28.4157205763
30.512128858
28.7782369889
29.6912565614
30.4071313141
27.1430052928
26.8811599582
26.7795554942
28.0012947434
30.5910497052
27.1428258945
27.2304273071
25.7261784412
26.0957938148
27.4411994769
29.8795200275
29.0467968381
30.4327220129
27.4799426323
27.7016267681
27.6725380036
26.8982532187
26.6237530444
28.6308752801
29.8899640575
27.499681458
29.167962789
27.7556439252
29.7922684469
28.910287671
31.1829985445
29.5349869528
26.9282327134
32.8223481932
30.2494834716
28.0407805623
26.3394666268
27.4487075599
26.3791203065
26.0080515521
24.2861096977
25.4458593563
30.515097472
24.3959417396
24.9932889178
23.53020665
24.2845003533
26.1579938898
28.1964078992
24.8275924111
24.6692020829
24.0070137756
26.3760504045
27.3281164488
26.3447724889
27.9037593546
26.2425524589
27.1573822149
#working time =  5.263190984725952
