121.053409024
80.4581792675
103.073818379
83.6661439324
95.5124424563
89.9500902765
75.6279967722
82.0277184784
86.9008290004
89.4069773847
71.5011266349
77.1022577359
69.8276939833
77.935363748
77.3408396156
75.0748608594
73.315180816
73.2237070532
71.3112317891
64.823515318
63.3623286074
67.2094349488
64.129011839
62.8069592644
59.2397432274
56.893742439
56.8740661935
50.7919476395
51.6876687628
45.3612392328
45.1500611154
46.3845020543
45.8074722055
43.100658087
44.2410585275
49.0455786548
46.9266606985
49.9906758154
47.1572890972
42.2008816519
41.3178191033
39.0556777618
40.227510208
39.1498563432
40.7037483008
42.4067867491
38.4035157322
37.4757334881
37.8232211761
31.2150145745
34.025421399
31.509682222
33.4180598833
32.1651661342
35.2672631162
35.8611474649
35.7603187322
32.4074532259
33.7386882808
29.7069820531
31.8154843773
28.0377161304
34.0832497226
30.1388687595
29.1988796912
32.1929627448
32.6736152035
35.2334622135
33.1851024326
33.1032579286
32.5972938252
29.6403025597
32.432406651
30.7713725246
32.6120757552
28.7384568963
34.687147971
30.9609716643
30.5514759138
28.3982411139
32.1429002472
27.4407156475
26.9646773666
25.3423526061
28.7737892007
27.2299752658
31.8154936172
32.126302116
30.7329415452
32.9297586643
26.9157828554
25.4244994894
28.2335570441
29.3857057701
27.4912905453
28.9448602931
31.2061891516
30.699293111
29.0044697454
29.4578258576
27.5690300725
28.3966855912
28.1898706759
30.2638995184
27.4579217726
31.0595885379
27.9180362635
28.5327669454
31.7165710146
30.9587625782
26.5964118578
28.5541773452
27.1359844368
27.8951619085
29.4199049762
28.8654790179
26.4368446347
28.00230521
22.8670508515
28.1668755442
25.3165655177
25.7265683118
29.5239614491
29.7312389467
26.9131513792
28.609501465
24.1619866877
26.204940586
25.2876026962
28.367048534
25.644983806
26.2675358062
27.3698397933
30.0663407571
26.884107497
25.2190053316
25.1879895496
25.1882779238
25.5182977245
25.5974077265
26.8368717986
28.2466562036
28.584645764
27.3751556514
28.294685752
25.4549682735
24.8799288187
26.9537381079
28.5910086229
24.8126320925
23.8370312215
23.4303799296
26.8187754129
25.3290756087
24.6530979454
26.8136046084
25.590066239
23.2056480409
24.6189068229
23.8881954683
25.4012118204
26.0836343387
25.490943905
24.1740436269
22.4696991411
29.139872483
25.6256124008
26.8999720358
25.8471985717
22.9135358946
23.6960770801
23.3079495217
23.6393867151
23.0419178231
26.5958655632
24.2771570181
21.4304095474
21.2080169905
22.0412797759
22.7798119799
24.0477091895
21.9764671708
22.2804573
24.0570832561
25.8861727939
24.7806270534
25.5905202591
22.3518085811
23.6517699965
21.5218985887
24.7354386722
23.9479871998
22.746397273
22.723247357
24.2892554087
22.5224226616
23.116810581
20.9913263788
24.0941441704
22.2876819978
23.7008782321
23.1758301223
23.1792433776
23.7729911577
25.0265252743
21.6298768619
21.8911586637
22.5342467549
26.2405432541
23.7131545417
22.8547305075
21.9957577384
22.2181849265
22.6272626139
23.6267832183
24.4948742028
26.3023309207
25.5705653478
25.4483955936
25.0259823154
26.5388604147
25.7930962724
26.6699775288
25.9212281369
26.6252626101
25.9556138681
24.9766178204
24.2633637412
22.7413329382
24.3028018052
26.1208207675
23.266854778
23.5743482768
23.3319236772
25.5147821063
23.0240668217
25.78693621
22.3079604356
21.0711056289
23.4190185729
25.9934447552
24.0922030554
23.3537838969
23.5763098881
25.843884239
24.8123072803
25.3941411859
24.5880738172
24.2330128945
23.9438015044
24.5525689911
23.2301869141
24.4475010837
22.1957313649
20.5429367825
23.2390179372
22.3379082222
22.6400806765
23.7035480769
22.7915818413
21.7297988827
24.143783058
24.2708766103
22.7707232238
21.6133431808
21.3136689827
21.196262332
22.6483165831
23.306536127
20.6398399759
20.5516288806
21.9513659371
21.9150930213
23.4028401701
23.4214299694
25.4670246233
25.8773103317
26.1080025924
24.5192370145
24.6595604112
24.432564956
24.499828081
26.3914433578
24.6587598487
24.448590999
23.0505855034
22.6639699731
23.977499091
25.859489266
23.983053169
22.5091161197
22.5588146494
22.0462957767
23.190393057
24.485896873
24.1187706781
24.7722056332
23.6602916949
23.6831476656
24.4223001201
#working time =  30.372545957565308
