121.053409024
80.4581792675
96.3992811295
78.9676447966
88.7153038883
79.2316011451
70.1120201107
72.8002939237
64.3087030906
64.6304527833
62.309882596
58.8852535602
62.9816000453
66.3940158845
65.576116951
60.2637727934
56.0160073577
57.4418808934
53.3184548408
48.2036931982
54.9740353266
52.6794751725
51.2597206917
51.5194681848
49.9674649263
49.0733929593
52.9291349202
52.7398847588
47.4021741582
47.6603084826
44.0352727691
45.8758692636
48.2138261878
47.4476898202
49.1584806204
51.7100944128
48.9526550103
41.9836565382
46.3846785102
41.2436281932
39.9776891057
37.4370365183
42.0116464269
39.4049292643
37.163751
36.0960917843
38.4035325777
39.9747742101
40.279910113
39.8013175118
39.4948932924
39.4191446618
35.042314176
37.8758733991
41.4948320007
39.6491586856
40.6442635755
40.8055786761
33.9725552765
34.5734727544
33.8433093256
38.6965690818
38.3287381037
37.3964759018
36.842570623
38.6637733287
32.3914423421
37.1424865061
33.0965156866
38.475870201
34.4928586822
33.9803134569
34.3914131049
34.9683988139
32.8219464773
33.3034321283
30.7106713828
35.1088766003
32.1648004762
35.6454210753
35.5882602843
35.3153943618
31.5118950161
31.4493194368
29.945068302
30.5759006713
30.6327753164
32.7060145804
30.4383714278
33.1746137524
29.6442377449
30.0593254942
29.0829972424
33.2729364249
29.8802161065
29.8612621149
29.9282026546
32.0615153527
30.7985702621
30.1998893918
28.7852306504
31.6161395418
30.8588010459
31.3742133502
29.5443257033
30.6880436987
32.7146105846
32.5620555673
30.7809365792
32.5241506708
27.5346072378
26.9710983264
26.9834327271
28.469862223
24.9557166306
28.6479560214
24.9418649627
26.4607663419
26.9518959147
29.2621326168
24.3392341834
28.0599728495
28.9858782942
29.9990509026
28.9398957584
29.707174298
28.322439789
29.4218225162
26.1632476826
26.3431831733
25.4291954055
27.1448118912
25.7490245086
25.7709080044
24.0218859301
28.3701190279
26.4883004518
30.4743887581
26.5512817554
25.2887567933
24.2270373399
25.6827365363
24.5538347873
27.1338774987
23.977229923
24.025470711
25.5499057802
28.0623157132
24.3676427952
24.2527698316
24.3565192318
26.5803099517
21.7517579791
22.2203954991
24.7542725506
27.7599926489
25.7034379621
28.4642709695
26.4996561784
27.9957874037
23.9867810847
26.8599323828
22.2597099564
22.4906619962
23.5008370243
24.6578142758
23.4414251035
26.6375395082
23.1552870191
21.9900343098
23.4821077037
24.9019729861
23.8114681827
25.7917736507
21.9991486622
24.1176544999
23.5657402552
26.3551172755
22.7155786422
24.7717754092
24.3392495753
25.9668455975
23.9310569548
25.787872166
24.4940408033
24.2491939209
23.2240873445
24.4908600676
22.8818964531
24.3796202381
21.5994622772
24.5266886867
24.7297347585
22.5944474774
24.309884914
23.9301804318
23.1660271073
24.2910817042
23.3738233277
22.8111367228
22.6826190817
23.667051801
22.2430329485
21.5106961105
23.9323082291
24.5756879194
25.0964345704
27.6046875614
26.1212009789
23.1317089752
21.3384988801
21.9265410396
23.4248200322
23.0482816882
22.6927624687
24.269224366
24.3978517102
23.7312585479
25.3145359543
21.0386901712
24.9821489191
22.6092658092
21.1602031241
23.6989936572
21.2622810004
22.7521488804
22.4444787686
22.3513408897
21.5899106614
23.0088887077
20.8851386919
21.9974718734
22.6427153645
25.6889107676
26.4434843521
25.1520546529
27.5870297671
24.3310886367
23.7004226525
22.3343048525
22.627937192
24.1044829506
25.2231087451
23.0262801473
22.4984564674
22.7128693234
23.5501661216
22.2229307075
25.689987508
22.6789371888
26.780759723
20.8177338276
20.3767603979
20.1115088088
21.7297150788
24.5578924951
20.7628570714
22.4493992338
21.3251897589
24.2592752554
21.3619552182
22.5603368732
21.5394437008
22.1837160445
22.1584857919
21.7760440825
21.9664207404
20.4575002783
22.5866923226
21.9869966586
21.5712166302
21.8549838186
21.2675836468
23.772559843
20.3697441055
20.3702306344
21.1256422108
22.9007435214
21.0110298296
22.965570966
21.3714525657
22.8235623733
22.9050107145
22.209721648
23.0161938505
24.4128027737
22.6146285988
23.0539454482
24.1961109063
23.912515824
23.9205619583
24.2242126011
26.8080821258
28.3013817931
24.2116969004
25.6855960805
23.7350094754
25.1545498903
24.7317370987
24.4981710338
#working time =  7.789856910705566
