121.053409024
80.4581792675
96.3992811295
78.9676447966
88.7153038883
79.2316011451
70.1120201107
72.8002939237
64.3087030906
64.6304527833
62.309882596
58.8852535602
62.9816000453
66.3940158845
65.576116951
60.2637727934
56.0160073577
57.4418808934
53.3184548408
48.2036931982
54.9740353266
52.6794751725
51.2597206917
51.5194681848
49.9674649263
49.0733929593
52.9291349202
52.7398847588
47.4021741582
47.6603084826
44.0352727691
45.8758692636
48.2138261878
47.4476898202
49.1584806204
51.7100944128
48.9526550103
41.9836565382
46.3846785102
41.2436281932
39.9776891057
37.4370365183
42.0116464269
39.4049292643
37.163751
36.0960917843
38.4035325777
39.9747742101
40.279910113
39.8013175118
39.4948932924
39.4191446618
35.042314176
37.8758733991
41.4948320007
39.6491586856
40.6442635755
40.8055786761
33.9725552765
34.5734727544
33.8433093256
38.6965690818
38.3287381037
37.3964759018
36.842570623
38.6637733287
32.3914423421
37.1424865061
33.0965156866
38.475870201
34.4928586822
33.9803134569
34.3914131049
34.9683988139
32.8219464773
33.3034321283
30.7106713828
35.1088766003
32.1648004762
35.6454210753
35.5882602843
35.3153943618
31.5118950161
31.4493194368
29.945068302
30.5759006713
30.6327753164
32.7060145804
30.4383714278
33.1746137524
29.6442377449
30.0593254942
29.0829972424
33.2729364249
29.8802161065
29.8612621149
29.9282026546
32.0615153527
30.7985702621
30.1998893918
28.7852306504
31.6161395418
30.8588010459
31.3742133502
29.5443257033
30.6880436987
32.7146105846
32.5620555673
30.7809365792
32.5241506708
27.5346072378
26.9710983264
26.9834327271
28.469862223
24.9557166306
28.6479560214
24.9418649627
26.4607663419
26.9518959147
29.2621326168
24.3392341834
28.0599728495
28.9858782942
29.9990509026
28.9398957584
29.707174298
28.322439789
29.4218225162
26.1632476826
26.3431831733
25.4291954055
27.1448118912
25.7490245086
25.7709080044
24.0218859301
28.3701190279
26.4883004518
30.4743887581
26.5512817554
25.2887567933
24.2270373399
25.6827365363
24.5538347873
27.1338774987
23.977229923
24.025470711
25.5499057802
28.0623157132
24.3676427952
24.2527698316
24.3565192318
26.5803099517
21.7517579791
22.2203954991
24.7542725506
27.7599926489
25.7034379621
28.4642709695
26.4996561784
27.9957874037
23.9867810847
26.8599323828
22.2597099564
22.4906619962
23.5008370243
24.6578142758
23.4414251035
26.6375395082
23.1552870191
21.9900343098
23.4821077037
24.9019729861
23.8114681827
25.7917736507
21.9991486622
24.1176544999
23.5657402552
26.3551172755
22.7155786422
24.7717754092
24.3392495753
25.9668455975
23.9310569548
25.787872166
24.4940408033
24.2491939209
23.2240873445
24.4908600676
22.8818964531
24.3796202381
21.5994622772
24.5266886867
24.7297347585
22.5944474774
24.309884914
23.9301804318
23.1660271073
24.2910817042
23.3738233277
22.8111367228
22.6826190817
23.667051801
22.2430329485
21.5106961105
23.9323082291
24.5756879194
25.0964345704
27.6046875614
26.1212009789
23.1317089752
21.3384988801
21.9265410396
23.4248200322
23.0482816882
22.6927624687
24.269224366
24.3978517102
23.7312585479
25.3145359543
21.0386901712
24.9821489191
22.6092658092
21.1602031241
23.6989936572
21.2622810004
22.7521488804
22.4444787686
22.3513408897
21.5899106614
23.0088887077
20.8851386919
21.9974718734
22.6427153645
25.6889107676
26.4434843521
25.1520546529
27.5870297671
24.3310886367
23.7004226525
22.3343048525
22.627937192
24.1044829506
25.2231087451
23.0262801473
22.4984564674
22.7128693234
23.5501661216
22.2229307075
25.689987508
22.6789371888
26.780759723
20.8177338276
20.3767603979
20.1115088088
21.7297150788
24.5578924951
20.7628570714
22.4493992338
21.3251897589
24.2592752554
21.3619552182
22.5603368732
21.5394437008
22.1837160445
22.1584857919
21.7760440825
21.9664207404
20.4575002783
22.5866923226
21.9869966586
21.5712166302
21.8549838186
21.2675836468
23.772559843
20.3697441055
20.3702306344
21.1256422108
22.9007435214
21.0110298296
22.965570966
21.3714525657
22.8235623733
22.9050107145
22.209721648
23.0161938505
24.4128027737
22.6146285988
23.0539454482
24.1961109063
23.912515824
23.9205619583
24.2242126011
26.8080821258
28.3013817931
24.2116969004
25.6855960805
23.7350094754
25.1545498903
24.7317370987
24.4981710338
26.3279487633
26.735486759
27.26373849
26.6080592177
25.3694918736
25.0239356942
25.8865315104
25.5893913427
25.691976789
28.3034109848
25.7121606286
25.2216058001
25.6579767931
27.6866883831
26.0319142443
26.045281467
25.8943093996
26.1023319069
27.4041755078
27.3223284186
24.5991378624
24.7165282774
26.7776369514
26.6602055478
24.4343523689
25.7455969118
25.9285112201
25.6702446833
24.5160995032
27.0382780313
25.6914418664
23.8989679718
23.7929966019
24.5894831087
24.2026008353
22.8329691075
24.3612981029
24.5630761469
25.9850244681
25.4694024591
24.283486651
26.7057790182
26.9479007554
23.7785295002
22.6412366719
23.4593790895
24.8268605299
26.6171230746
26.0354202361
26.5929611549
26.5813483478
25.394131504
24.1941516737
24.2284675631
24.2130894291
23.9120730377
24.3574002205
24.9454354657
23.8203288681
22.9998317614
25.6263691293
24.2286437169
23.8653359097
23.8364698678
24.8120080877
24.9516327911
27.8502012962
23.8373635789
23.6385067548
23.3251291752
22.4473052024
23.2080877332
23.7857991015
25.4639090635
24.7012339982
25.4833337136
27.1200175991
24.5070221791
27.0887428464
25.085446209
25.0859102169
24.7964689705
25.3595774704
25.3991953308
26.2664209576
24.6453610241
24.658234389
23.5019963307
24.9969757314
24.4773136619
24.7915963516
25.8838315467
26.2703205884
26.4569858472
24.9789527015
25.2622171235
25.865535922
27.0400588521
25.7769575006
27.9186327201
24.6649469924
23.8914109508
23.3059991119
23.0773133047
24.5343692274
26.4214630649
26.7316189919
28.554981909
26.5526063608
25.9297132545
26.1776527762
25.2090326341
24.719273106
25.242199242
26.3858743723
25.4661496531
26.3540899084
24.5943201068
23.9523073769
25.1574992499
26.1019895507
25.3345409774
26.440612678
24.0865773961
23.6736774078
23.7322771431
23.6025754699
23.8220212024
24.0670173921
25.5606543384
26.5598001267
25.7826221766
25.1389975985
24.9163448117
25.5107308273
24.6528747452
24.8464249888
24.5347950902
24.9591693988
25.1394486951
24.2314552782
24.8332084469
25.5464767484
24.1414179943
25.4450045634
24.8548040318
24.689049637
23.5397338554
24.9379039367
24.2020098468
24.2243309723
23.6864692197
24.3439203797
24.5663837166
26.6044285887
23.1803595645
23.5034868652
22.9042802181
24.8912229178
22.9720398668
24.8317376115
23.0032587755
22.6224174003
22.5556132471
24.7191007364
23.1783176278
24.3057933129
23.8900193668
24.152349368
22.8311018384
23.8382909694
24.191405763
24.8451184001
24.8391618787
24.7525183282
23.2114404454
25.468453929
23.7041106519
25.1211650442
22.8079336809
24.065289949
22.9581680379
24.3104025696
22.2888014602
21.8483883266
24.0953222167
24.4847615888
22.0931555482
23.3704072855
23.4893329425
23.2462168291
22.9628587676
23.6012813521
23.5809209709
25.1436302981
23.6411479718
25.3975997659
23.7887173955
23.1156956944
23.8750185
#working time =  13.425041913986206
