111.84181874
89.0029642604
93.885302451
95.5269136801
90.5256696337
85.3256697369
86.9447478386
79.6889747569
74.9987242533
73.9165442848
72.2564465087
68.3426701026
70.6601729759
59.4678299028
60.6755554236
60.0895047152
61.1396588256
53.3959296883
58.9890468055
58.9877295023
61.6366783066
56.4554147661
48.8536854024
51.8235106166
49.2918244023
53.0755693436
47.7628230408
47.1636376768
47.712104091
49.0974486785
44.4060003437
50.3781432839
41.9037299682
43.8075993696
45.1665506445
46.8171231959
43.1603096029
44.306384229
47.4962280264
48.4911040151
42.8207860162
41.9097010585
37.5860695372
42.6164182244
39.70553874
41.2835166879
39.6849968094
44.1576964923
39.7677782045
36.7746372103
39.8998667542
37.1971266558
41.5620470004
38.0491279978
37.3005893823
37.7516871747
37.0646904819
37.7297847528
38.9610437753
34.6016260215
33.8955681999
35.8568722791
35.4756320392
34.726420846
39.4697549983
31.8720114129
36.512400568
32.8400807153
31.3792556805
33.5146028343
33.8604849075
36.3197052102
36.3047381455
35.4815591465
36.0136395817
29.9664031872
35.6432766513
29.1015360765
28.5300756675
28.1451638681
28.7090145947
31.5015793288
30.9027384814
32.547147677
31.7786944824
33.3047679616
32.2566485374
34.2942379778
28.1953871394
27.9390931726
28.083362958
30.6683349741
28.5390421771
31.5040328354
26.9299838597
32.4417766733
29.84143076
29.3431811728
30.782097945
31.6220217831
25.6386811611
25.6501174986
25.7481530653
29.229772929
26.962977545
28.6965969098
29.5485250072
30.818368617
28.5440084861
26.7019365131
27.9008929066
29.1156963472
26.2241174811
27.4880991695
27.63449223
28.286323001
28.3050818966
28.1574770627
25.0112054698
30.043182113
27.4674356133
26.0114849097
28.0213633729
30.833400966
28.1517930244
27.8179627343
26.7481392512
29.8228194507
28.7834754045
29.8072280243
29.9411607624
32.9901585801
27.8330556595
26.8811951186
27.6481145114
27.8920662598
25.4071187061
28.8693658586
27.1909923977
29.0461354801
27.7416576318
27.348382065
29.7927586616
29.4062223217
26.6312234841
27.3480941756
25.1004091356
26.5239047807
24.6357821678
28.7060319259
24.180295182
24.3922106458
24.9094042946
23.8296681087
24.0328888602
25.7872106277
24.4348343669
26.1866713721
24.7314438594
26.1360091188
24.1347035687
26.604108833
23.6215517972
25.3318382084
24.0917477384
24.7563065626
24.4595471696
25.1113370231
24.8103181748
26.8160621759
25.2016835878
25.2559928282
24.9773006348
24.7242850748
24.4953987884
26.8928838148
25.9143523916
25.1013288564
28.1153974828
26.8573208505
27.1065666744
28.7651042536
24.746684274
25.6694214953
26.9524170958
29.6981407988
22.9656559964
22.4766931118
23.9066605999
24.1557647126
24.9747759476
26.5709478296
28.0599867694
28.7565999661
25.1841834258
24.4769774456
24.1008889334
26.0525222158
27.0736430206
26.6388251978
26.1326153522
25.6051294623
21.7865475498
24.8497325599
21.7962431031
25.0866306059
23.3068902201
22.3169786021
22.6490702777
21.8351486636
20.888691905
22.089731457
24.2960044449
26.363544272
23.7138949674
25.0625846657
23.5985889417
24.2549310002
24.1241290979
24.0782384804
26.0050060857
28.4888630504
24.0451121626
25.6252474272
21.3702524109
21.6437963827
20.8301462351
21.7446302109
22.6803733184
21.1947493573
21.6508176686
24.0881077848
21.3975973137
22.7879936942
21.5937058678
24.0807683962
24.4020138333
25.7457869431
21.60636962
22.4334754278
21.7949525156
23.3797507062
20.2256891624
21.899671089
22.142249639
24.5898025548
21.6104652028
20.4933826153
21.1450314824
21.5288704677
22.2875572341
23.9661797763
22.4309089208
22.8212775631
23.0466295606
22.592825714
20.5137584497
20.6489956383
21.9265401116
22.4259879761
21.0832291484
21.0107085844
20.9897519545
24.4141711165
22.2445290623
20.1752054599
20.4851450992
19.9310897709
22.5108620288
20.6427112836
20.6263859125
21.326884374
20.8273937423
21.7758997642
20.8450582103
23.4796080348
23.1237838236
21.3749276009
24.053059416
20.6880702196
21.3114092763
20.338546115
21.271070633
20.6711898853
19.698543942
20.0393059387
23.1289813127
19.7752380368
21.2806566755
20.4994063423
21.9986589941
22.1934647085
26.1785434376
21.4376865398
20.5564427812
20.7655258018
19.9556324322
22.8231152278
18.986455089
21.0905400128
#working time =  45.98654389381409
