109.201184784
81.6374653111
112.500727074
147.821322643
100.813835477
98.3122514663
102.55712213
94.3699022749
86.8769088909
84.0063203261
94.9471602071
86.5137855768
85.6627235207
78.1209706931
79.6504609133
72.0652506575
66.880030636
63.8786601848
64.7526689213
60.7659810629
70.8414214562
62.2184264049
55.5830300088
56.2135206227
53.4522989256
54.2974280786
61.2740841012
61.8831260504
50.5055169162
51.2203277586
47.5083589481
51.5554654427
51.1245537993
46.7506674932
44.7223970857
45.2563789435
45.2374634222
41.7840268461
42.8879372185
41.5507377504
44.254748452
38.9848558266
41.3913179518
44.0434845627
40.3948257387
38.9360763126
38.6434135112
34.4768371415
40.6212062446
33.6062195437
32.3438904526
30.5872104687
31.3480451557
35.0281792231
30.5402918401
35.0886703737
28.6928850883
35.846777988
29.9659554526
34.2359937988
32.7421500034
35.7806760668
31.847465767
35.9971967053
30.8841917458
32.5583065131
31.3026007121
32.9447981323
36.6522480091
34.9782655016
37.8657303629
39.1948698045
30.8971139085
29.5774604125
32.9064703672
37.2961755917
32.9842056086
33.1774745372
29.1419706996
33.6535540301
27.6957950154
33.3734615222
28.7421689273
27.9848097116
27.579351449
29.0590112391
28.6875385714
30.3768308701
31.5008926034
31.3415767502
33.6876673575
32.956889092
27.9221392987
31.1440153124
28.78564058
29.6647491981
31.5097222348
31.5182492312
27.3969024033
29.4602565423
25.5289923063
30.4539129673
27.6651447666
28.7152086009
28.6401983564
29.2221836433
27.1975914574
26.8648816508
26.4437369444
28.2444153715
25.7773162079
25.866469969
27.9458473282
27.1303851163
26.6702658613
29.9870923104
25.7192655891
24.5825163025
27.527667168
28.0278694858
29.4134418522
32.3747459224
26.629378839
25.3537227207
26.5445857477
26.0223977357
27.0233426199
28.1033484953
24.3622283828
26.0087191122
26.2610881488
25.7048218994
28.1863248413
28.5679580784
27.5949600775
26.5421934371
24.6910675372
27.1606450933
25.1532679155
24.7365026483
25.3010932907
27.0244058349
27.2590500161
28.8151865456
27.1775826678
23.6681112778
24.2943199511
25.1514016688
24.035121361
26.1975316675
26.8266513745
27.6936119927
27.5826879823
27.0169221894
26.1139847533
25.9594037752
24.6504848906
25.8209040419
26.159214596
24.1244111442
28.7938577099
25.0816650924
24.5598976891
24.9263290043
26.4427952785
22.4370756426
26.6119271683
23.3211718344
25.0170007594
27.5680891379
26.7521050688
24.8111667769
28.5522391939
24.6717432599
24.6017661494
27.2276909645
26.6349510865
26.3152474086
28.735458146
25.4531408825
25.7263413947
24.7131254223
24.7431767749
25.1899776405
26.3554136149
26.2332339365
26.4292318552
25.2834977649
26.4120035309
24.7538392262
27.0228587152
24.6773441067
26.6800599105
25.5113987617
25.7663204188
25.5383460402
24.1654878331
25.2058756862
25.8484920929
25.4313359651
24.6673989616
25.3921403577
25.8362720049
25.9723730169
25.6551745992
24.2278133514
27.4730076016
26.4096974489
26.5367713549
24.1087003222
23.9313125441
25.3653357871
25.2685058994
23.5319481535
26.2080419265
25.2970708273
25.3399696887
25.222829991
27.6084045286
26.5206383142
24.2266064884
23.7540565851
25.0094562634
25.8108513804
28.0370250629
26.2329805669
27.7218202051
23.8964287579
24.7431987322
23.7098460719
26.6241079506
23.1279100854
24.2004436998
23.2384737024
24.7047171462
23.0749324942
23.5536998213
24.252064618
25.8600953085
21.4255813864
23.6287308548
23.068238634
26.408754598
22.7406545095
22.3342011075
25.2133496686
25.4269588321
24.7805523308
28.0498411044
25.3499157204
24.4591216828
23.6751554807
23.047481325
22.8292073248
26.0895737507
25.2359395729
22.7099687317
22.3194267564
24.3775987825
24.937313503
24.0750748308
25.3687467193
26.6689180764
24.6029302536
24.2124179913
23.7751991987
24.8985685765
26.3614884033
25.4008050994
24.8544939687
23.9390704865
25.1048195475
26.4751397733
27.6002676909
24.5344249939
24.6625894436
24.0364869358
24.2962081897
24.8101705344
23.9053186009
24.0411046259
27.7428176515
24.3115523858
23.3831682731
24.2396894458
25.0563517519
23.1346987314
22.4262526569
21.7784099888
23.9608662131
21.3598827259
23.5546485914
21.0104151863
23.5141406224
22.081108834
23.6709613346
23.5538809226
23.7594081707
27.2313463085
25.9322806599
#working time =  5.62362813949585
