113.151966836
91.4633522862
106.197617242
123.892939104
94.0602892992
102.450436711
91.9149640132
97.9863374292
93.9113274152
80.6132632484
89.2554109438
83.6606999397
80.6912319951
83.3757193468
85.5267223307
80.668253656
82.5288065608
85.6120201836
77.7169710707
83.4306664799
82.2015026091
75.8955410508
76.3433942202
74.3615032257
67.0031857242
60.5337935467
63.3869481538
60.0790776509
68.0917061675
58.9270622614
60.1826062748
58.593109913
53.3163981556
56.1383095089
49.0782826098
57.9474486838
52.4355538205
51.210685933
56.8185550277
52.9695617198
48.6783578837
49.6697416081
49.5894015417
47.7620948165
47.5297750233
47.2467413539
48.2050745254
46.6876534577
48.8520932399
49.7838565265
43.3239236092
44.3005888821
40.4949187692
45.3653994039
42.4541633762
40.2575701781
38.3303969634
38.3065761566
45.8665536941
44.2881387815
51.8445929672
44.249070154
42.1456369824
41.5069680979
44.599216486
45.109798918
42.390297239
40.8850925146
39.6446603187
41.6519346907
39.3399159911
37.9135779135
39.1804175229
40.0520738491
39.0988747948
37.5098869446
38.3451306384
37.5137919224
40.3604087001
37.2409259341
41.1280912157
38.0742689144
35.5986060934
36.1837561258
36.4672756108
32.7814325237
33.2686647961
33.8402819793
38.2265961861
33.7764396676
39.0905786674
36.8027709547
31.333597158
30.6696143435
35.532887664
37.5659175019
37.0193008333
38.3677329177
38.1485182486
35.5904974251
34.2883720972
36.7958293551
33.2217563258
32.256201051
34.3846838683
34.6922948206
32.0129451321
33.572305393
33.4671861558
32.5740566091
32.9081337883
31.1078991591
29.9821057411
31.7989014797
38.4866109096
35.0035140072
37.0506514527
35.8265204387
28.8619518817
30.4390739161
29.2683861299
31.0190638921
27.8325221937
33.4272861581
31.0236437816
29.6465216345
29.4967878868
32.728893999
33.7859156435
29.8480211408
27.1654107849
35.0827576341
34.6894947751
29.6537235968
27.9646660859
30.8510226761
27.0264444728
26.7841545872
25.5228879149
24.9067839506
28.7235222549
31.0915874203
29.2545586757
27.4926987702
26.8526788614
28.436988049
25.6168571565
34.6071864772
25.4145351888
28.4556021362
29.8610561273
25.4533580257
28.517538062
25.3744634047
26.5205887503
25.9250639181
25.8860167775
29.4104174136
24.7592292468
27.9465286475
26.7138990181
29.3984700672
26.5408244128
28.4425276946
31.8825514112
30.3790319967
26.658136806
30.3009180834
28.7293495932
27.5436292685
29.0209167875
29.5504255704
29.9267704325
28.6874035889
29.3117976444
30.6612505961
28.0772330321
27.4739422176
28.1052751722
24.5222974081
26.9758285825
28.9402390615
25.6450922049
27.8563793648
29.2096268433
27.6885252449
28.6370748629
24.2875837315
23.7206907157
26.5637097112
28.3353578143
27.1510655487
24.6719466339
28.6158050003
26.9588258153
24.95988547
24.6225453371
24.0891412524
24.0629635352
29.8892171663
29.5664785167
24.772352043
25.60299588
24.6436513346
29.9816027077
30.868918735
31.0069187931
31.6920578521
28.800691976
25.4204891193
27.0670950567
24.83429702
28.046584577
27.450370329
26.7648834254
28.3769197987
28.0581251695
27.613815348
28.5199507776
29.8780208564
28.9810368432
30.8587653423
29.9507330738
33.1066865726
30.8456521353
28.0887035127
26.4296106207
28.2240185996
25.6514784863
26.1012724448
30.0665890063
24.6450357729
27.1264365501
26.7706033598
24.7645715159
25.8622975813
26.9395962202
26.4766897335
25.2451092628
27.7692206177
26.2304333359
31.0768597522
29.3911728452
30.018357005
26.844105471
32.3705133494
30.1276700347
29.7020686274
26.5063450042
25.7065657379
26.3132426253
25.8895567249
26.1653666077
27.8722999355
26.6926255089
27.7869476454
28.8801500042
30.0681236784
27.7043850686
28.1832780635
29.7897044664
30.1476681767
29.0426812588
30.7723308557
26.5991330562
27.0278339798
29.2171761742
30.8917338514
29.5159386319
33.0983498893
30.6929692481
30.8489201277
32.8702419468
30.9040098983
28.9668190349
28.5135414641
27.8318789428
26.940007002
27.5786201132
25.3966871966
29.5981988406
27.1545150238
28.5687749931
29.0025353983
27.7036928247
31.5490260918
25.4827588161
25.7609303508
27.8330318763
28.5983043253
28.2399130515
31.1456452762
30.5591854741
27.2678313569
26.4357075255
28.4089831764
29.6595531888
29.0620347682
33.7987828574
27.9957059075
#working time =  14.187587022781372
