120.789650909
94.0542133504
119.626098385
154.165392925
116.933074432
106.855268257
111.29612277
109.60836697
98.2837127882
107.139630667
91.0582478864
93.9907130134
88.7110146579
87.61147961
85.6653895436
77.5506885111
72.2133680879
78.1276114576
73.5209036384
73.4960723561
73.654070392
66.7630929205
62.0864179458
64.2536150645
60.3093549088
62.3448277908
64.3477283894
60.1768368216
55.1904441195
50.3812376698
49.6760217081
50.7517073369
52.1726107184
49.3167384054
48.1999449407
48.5701279974
49.0462493043
49.6458606696
47.9352392163
46.7222324335
47.0362896052
48.7494876123
48.1841431839
52.3164531904
50.7194648947
48.3000406895
47.572573371
45.7920232232
44.1746560235
44.0169543343
43.1269535853
44.2857230824
42.4188305863
43.8014183716
44.5938181679
44.6827342159
43.4570705264
40.4311464515
42.3421696217
38.7596795533
37.6172490976
39.1393076923
39.3568581453
38.1686436481
38.8953148569
38.7581256675
41.1901712713
39.1895322454
37.9396043244
36.5567858074
38.0742312505
37.5016398383
37.4389936043
36.4943819347
37.3581619588
37.56271175
37.6962869145
40.6716120031
41.4689623835
39.1532028389
34.6057211163
37.9438656469
36.9237648917
35.8008216898
35.6521913826
34.9941444066
31.7863461474
33.4412331234
33.1044023854
34.4111289042
34.2789141898
38.2118259646
35.1090018521
32.2207964653
33.548586772
34.2520099575
33.7830788443
32.6099977586
34.3779968964
30.0750898184
32.751252921
31.01148534
34.7534152936
30.3940736347
31.1628255876
31.7681464609
34.8374565175
31.8734532106
30.9432932843
31.150406095
32.986774767
28.5518854526
29.3864737393
29.8753634559
30.682349431
28.7923094236
29.0913740097
29.2910811525
30.3608015381
28.4146627395
31.3219878465
29.7568376568
30.976378964
30.0836400714
32.526659755
27.8974183725
28.0805289791
28.6177507927
30.1423066228
29.407802278
33.5387540715
30.2398484206
29.147280409
28.8436926423
29.1762528066
29.5488349407
28.3425658784
28.356415991
29.537760441
31.1222155347
30.3982579274
30.5171185421
28.6142640871
29.6757913424
27.5253039419
27.5008863678
27.4918671786
27.8254151398
28.547057438
28.9337055691
28.4112352819
29.2587228819
28.3252565091
29.3232678554
27.8554454599
28.2266943897
28.4285344453
30.1874956361
28.6964565444
28.3876704675
28.1209922644
27.9297768929
26.3689959769
27.1546295349
27.8232397806
30.5153144056
30.3660893086
28.756043375
29.9464814903
29.331009172
30.1226554698
28.466663205
30.3844854481
28.8596976145
26.3556587602
27.0225086308
26.539109338
26.6322471253
26.3802170537
26.9458515686
26.1962380107
26.8283106189
25.3047960338
26.9010518724
29.5014835826
30.7244771279
27.2200165611
26.7517493997
26.6220036958
28.4602902182
28.398893997
28.4262546044
26.6726814498
28.7494764893
26.5280398385
26.677594725
26.3376797425
28.8627882763
25.7143224923
26.0346673496
26.7585752
26.7644927689
28.5017824113
27.8754645036
27.0404403126
26.5332227148
26.4517790282
27.9412379371
25.4598134031
24.016181101
26.4123742667
28.9338749053
25.3971903003
26.7609661323
26.4020054141
26.5120473279
26.9396490863
27.2998545599
24.8200648997
27.550374116
25.357502203
26.1888125317
24.703251083
27.8407484938
24.3223793014
25.3745834383
26.5431582322
27.1996857681
24.8762276649
25.4256239411
24.4874898643
24.4941996476
26.7183649355
24.1330107632
25.2361731447
25.5513462078
26.7005033875
25.9216491996
23.5548125925
24.6110354126
24.4820430889
27.369162895
24.6900985908
23.8491518071
24.7552606283
25.5369004192
26.4610774683
26.6909915464
26.1562125454
25.6448118867
26.6669808433
27.453991978
25.7217972832
25.6020172641
26.4840837055
26.516387856
24.5850349606
25.8286241609
25.7454511901
25.3859352064
27.4278647041
27.5660335302
27.3106174118
26.2176022732
28.1387040651
28.1812523422
26.3973326166
25.9222029092
26.25550051
27.7909242453
28.8652980004
26.9731152863
26.562669078
26.9841874072
24.5326773449
25.0509365987
25.4035339294
26.9645372885
26.9146520711
27.8238148887
24.9819437463
26.6162357758
23.7151100407
24.212212341
23.9976462679
27.2635810467
25.8158590204
26.8000300899
25.60487836
25.103304338
26.4878469093
27.4294654679
25.9648620886
25.0890331655
25.6802669609
26.5114047056
25.7160227933
25.9001132361
26.4851647928
27.2277368332
#working time =  10.56494402885437
