115.789666417
88.8738418304
118.321412324
113.452238778
97.3457033131
91.53097238
89.2921544345
87.8303767856
80.8358793657
87.5472983779
77.9261931342
85.6894137522
77.6352436982
72.6117156269
65.5351244054
73.9338727888
67.94488514
67.6362973091
66.0825386728
69.1504247662
74.7815663939
65.3227832836
70.8144125159
66.1666638713
62.0818775375
56.8701976434
53.7374835814
55.2109771076
52.27136608
56.0963299136
52.1628766827
52.5942836747
54.0468428727
49.8064119123
46.9452858864
44.8828452215
46.8689999494
39.9107986678
42.8272139911
42.1328419493
42.9110034049
38.3515684855
42.0466028384
40.1335490753
37.1363295105
39.3622893203
35.2411098347
37.3315490242
35.2273100797
37.6590786603
34.1640055862
36.9986607819
34.5815022679
35.9552414219
34.2630750341
34.3372013828
37.2155051125
38.7762255433
37.3023746812
34.1553433698
33.0605369631
38.6214510621
36.6513086371
35.6494875744
35.6243732288
37.4643565727
31.2024136708
33.6628327705
31.0427805184
32.9401773061
33.5035643127
36.1650983634
34.9149154736
35.5598944887
29.9831752357
36.771060068
30.5309860749
30.5504343032
29.3519480054
32.3140619728
34.3910897961
31.793866659
36.8483675794
36.8130204668
29.9329959601
31.9980194083
30.4260574165
32.3869322491
32.22907226
33.9514177984
31.1004331703
31.8604760188
25.8236630648
27.0825379206
25.7258179728
31.7388064092
24.9164347966
25.0144858166
26.0739546061
27.1793816313
25.78901084
26.9309164984
29.9818333581
30.9887924284
26.6268266537
26.9946528198
24.5701360562
25.6273981722
26.6595083162
28.0105469559
25.1389142035
25.9877781473
23.836005472
26.0985053966
26.684114102
25.9279478262
24.1365299187
22.9223695935
24.3510295714
23.3323321104
25.3964193343
28.0023759303
26.4652253556
26.7698493943
25.3049223977
28.8333739914
22.6523295176
23.8605827861
24.7144026094
26.0116580575
21.7890273733
27.7264840437
25.4335355592
23.1418929328
23.0269167314
23.2131674127
21.9434020068
25.9809388459
24.1712443453
25.2192800554
23.2923009763
28.3070581003
23.4824213471
21.9619679224
21.8318242543
23.2775227751
23.4415430337
27.4005598871
25.8153109858
24.6328314579
24.2142121877
23.3837339019
19.9262887885
20.4700307815
24.441559779
22.6543401825
21.1499396369
22.6301914497
21.4632210834
23.5214146507
21.0969273918
21.875409242
21.2758882288
25.2729060279
23.8058599969
22.8001424456
25.1538702633
24.5714594738
21.4259848794
22.1742452346
22.7202614628
22.1997489569
22.3343112443
25.971249721
22.6398435453
24.8241935709
23.6522194784
23.6831026539
23.9589799047
25.8492724977
21.7200473992
24.518677485
22.9197841216
24.8563048911
23.0225291946
24.8519412579
21.3216079232
20.6838101213
20.2245056333
24.3170328584
23.1418757885
21.0275210672
20.8857735695
26.3388303809
21.6475073465
21.5754456646
20.9132530673
24.34427636
23.5711312814
25.5339181875
23.8125646477
22.0095812023
21.8042787205
21.9489460644
23.4182614573
24.6214839383
24.1307459148
25.3822354706
25.0131612376
23.8443830159
22.5617779133
23.3096419995
23.0204810465
23.8022498691
20.718376208
21.5727800099
23.4423639697
25.5237172539
25.8954255332
23.0013807071
23.1296943795
24.8797148752
23.7051227364
23.247147203
24.9939076392
25.8233017569
24.8616527351
25.2766498957
25.4421852846
25.2222251346
24.2371136201
24.5077784457
23.7477280409
26.6076262987
23.462852174
24.3591694811
24.0276888578
26.842901369
24.9721486923
24.4627891685
23.965068379
25.4488250208
25.8281157411
24.5667221791
23.7446878712
25.7396236094
24.5482139419
27.2149644384
23.4838048799
23.6608039021
23.4785811851
24.2445781461
22.5768135744
24.6488152122
23.8593465637
24.2307181378
23.9239375335
24.0306781267
21.5963577968
23.9946014304
23.4503677183
22.9951950622
23.9062640585
24.1525782953
24.2713555044
25.7715963646
21.5911296734
21.6595294291
21.9999193153
23.5555757295
23.1553139787
25.597444752
23.8996385602
24.0891062888
24.3505374418
24.6725912575
22.6686276676
23.937796519
25.504512154
24.1368829884
25.5985160816
25.7119314668
25.2355230497
26.9385787661
22.9249892116
24.6265098232
23.0218311428
24.2797737961
23.9033122347
26.5076831738
23.3740414656
23.2309781583
23.1754711496
22.1372153631
24.6905197271
24.5863866397
22.0378093655
22.5142078865
23.9669791829
24.6382815453
#working time =  20.616685152053833
