128.400750232
94.8209674537
110.422290773
102.150327605
100.055517062
95.7322068817
93.3914394964
94.4677511702
81.3143303321
78.8588085834
75.5095742637
80.4450794488
82.6985813712
72.9910605493
76.6230484018
73.217889077
71.1040809425
67.8094931161
63.8551519053
61.7729351204
64.6652162357
55.8398770291
53.9940943736
58.5423828443
56.5495223634
59.8190833008
62.048534001
52.632296643
51.3130055059
53.6383357214
50.6492122692
51.0697088242
55.6417126507
53.9946098152
50.8996445505
49.468976378
46.5639479041
45.259093472
47.3222890513
46.0221797237
47.4665162712
48.8984412869
44.8690463023
44.1357820936
41.8334343901
46.1575183622
41.4648452941
38.5353989897
36.8539918403
40.6984719401
38.4636406079
41.9266155826
38.5584872015
42.3090301941
40.1704842227
37.8054747305
38.4747771013
36.9334047215
41.904057405
42.9937150168
40.5201439987
39.4452245851
37.456266036
38.2522320401
35.5532203347
39.064103971
38.891805863
35.8532572388
34.3885722371
36.2471798141
38.3598461176
36.3973844587
38.500691761
39.011227434
36.1982006876
33.969533716
33.3008451898
33.357215234
33.4500274719
36.7726874578
35.0551755154
33.0089080735
33.8149153791
34.9022690405
33.3360926999
31.9319077927
32.11926213
32.2531943283
29.1108056392
32.6747295697
31.5831984865
33.5268422859
32.4463741415
33.0943533447
27.6836894989
30.1482690225
30.9152103358
34.6812190767
31.200927739
30.6772297791
29.9869262699
31.5394210278
28.1471649139
30.4948754075
29.2422384174
28.5339398113
29.5312920082
30.4730840117
26.0282827548
25.7743586454
25.7248483954
27.857565207
27.855934405
30.0142053764
29.9674604387
27.5296490578
25.7891024267
27.3904337194
25.7001898176
28.8517299889
27.1434773548
25.0473643228
25.3154504683
25.0097545145
25.7521265242
27.8849886549
26.7224259039
26.0478539165
26.033020821
29.7320305019
28.5338764496
26.4612819601
27.3468175396
27.0298365336
25.2764971125
25.5594586549
25.5144961931
26.9808911191
28.7332515036
26.8970781809
30.2974253247
28.3942616837
26.3622787572
30.8733964189
24.905868334
23.2467415737
24.3720869048
24.3863962556
27.8809215652
23.9969010294
24.8536046999
25.0991951247
27.8267308826
25.2336763767
23.1988943844
23.8719493664
23.5316071016
25.1902412157
26.1599232145
25.2095917451
24.2703310611
23.635319785
26.6692581239
22.3644966461
23.7194612228
24.1348393223
26.2919803272
24.1990332039
22.1553452285
22.6534074199
25.2241504476
24.8681194649
23.8907259768
25.0020839111
25.1611152523
27.2160862441
26.8119203939
25.3169595148
24.7904133676
25.642129495
24.5971898262
26.0090658894
24.4964935303
24.7476086146
24.417221116
25.9413872349
23.3920740613
24.0448666398
23.5841770924
28.1041443518
26.2111778036
23.9924781107
23.3291699859
23.098933887
22.8855119733
22.256666238
22.3515939842
21.7982643029
22.9514212762
24.5789589632
23.9462850914
25.9035529981
25.1676405273
24.4971632717
26.9481557522
28.4813954694
26.1699394327
23.1241726877
23.2895479873
23.8195546652
23.7901027329
23.893529644
24.4380505374
25.5084453057
26.8416598969
26.5560032489
29.0130181113
26.9182510071
24.1377214511
22.556667399
23.4943168731
21.3955665429
23.9134708266
22.8946025336
21.6499011151
24.5544172963
22.5193308534
20.7994806261
22.8630710425
23.6196965948
22.4231558676
21.6315258171
22.023176049
22.6526584756
22.0258742675
22.5870813391
25.7539981237
24.9253258035
22.9886743141
22.1519470553
24.4337941194
24.0047960428
21.6684841686
21.7840072413
23.4130823729
24.2846094762
23.0270420903
24.8945848116
22.4911957039
21.8439859984
23.2301811276
23.6579970146
21.7385150412
24.6976463026
21.5232719709
22.5748942797
21.2529431418
24.1485764639
21.5419211509
21.3123577201
21.4737886951
21.4362261991
21.5321152854
22.2018585961
23.874351575
21.5145503541
24.0377308103
22.3961922368
21.918756565
21.2530259372
24.3138583885
21.6215599544
23.0580951454
22.6035096471
23.6858490536
22.9062868661
24.5616847155
23.9395194298
23.5933575467
21.6547710645
21.0987221641
23.2884881961
23.0676038016
23.2770114514
23.8093440567
24.1403935279
24.1313796048
21.9845129059
21.7439118078
21.9091407814
23.1200117442
22.5790075146
21.848663894
22.2180252021
22.3499216427
21.472521836
22.443103125
21.1657187811
25.5749980714
22.0946206194
#working time =  20.947926998138428
