1.47406475846e+19
4.42137786855e+19
1.03160040887e+20
2.21052565291e+20
4.56837614098e+20
9.28407711713e+20
1.87154790694e+21
3.7578282974e+21
7.53038907832e+21
1.50755106401e+22
3.01657537638e+22
6.03462400111e+22
1.20707212506e+23
2.41429157495e+23
4.82873047474e+23
9.65760827431e+23
1.93153638735e+24
3.86308750717e+24
7.72618974683e+24
1.54523942261e+25
3.09048031848e+25
6.1809621102e+25
1.23619256937e+26
2.47238528606e+26
4.94477071944e+26
9.8895415862e+26
1.97790833197e+27
3.95581667868e+27
7.91163337209e+27
1.58232667589e+28
3.16465335325e+28
6.32930670798e+28
1.26586134174e+29
2.53172268363e+29
5.06344536742e+29
1.0126890735e+30
2.02537814701e+30
4.05075629404e+30
8.10151258809e+30
1.62030251762e+31
3.24060503524e+31
6.48121007048e+31
1.2962420141e+32
2.59248402819e+32
5.18496805639e+32
1.03699361128e+33
2.07398722255e+33
4.14797444511e+33
8.29594889022e+33
1.65918977804e+34
3.31837955609e+34
6.63675911217e+34
1.32735182243e+35
2.65470364487e+35
5.30940728974e+35
1.06188145795e+36
2.1237629159e+36
4.24752583179e+36
8.49505166358e+36
1.69901033272e+37
3.39802066543e+37
6.79604133087e+37
1.35920826617e+38
2.71841653235e+38
5.43683306469e+38
1.08736661294e+39
2.17473322588e+39
4.34946645175e+39
8.69893290351e+39
1.7397865807e+40
3.4795731614e+40
6.95914632281e+40
1.39182926456e+41
2.78365852912e+41
5.56731705825e+41
1.11346341165e+42
2.2269268233e+42
4.4538536466e+42
8.90770729319e+42
1.78154145864e+43
3.56308291728e+43
7.12616583455e+43
1.42523316691e+44
2.85046633382e+44
5.70093266764e+44
1.14018653353e+45
2.28037306706e+45
4.56074613411e+45
9.12149226823e+45
1.82429845365e+46
3.64859690729e+46
7.29719381458e+46
1.45943876292e+47
2.91887752583e+47
5.83775505167e+47
1.16755101033e+48
2.33510202067e+48
4.67020404133e+48
9.34040808267e+48
1.86808161653e+49
3.73616323307e+49
7.47232646613e+49
1.49446529323e+50
2.98893058645e+50
5.97786117291e+50
1.19557223458e+51
2.39114446916e+51
4.78228893833e+51
9.56457787665e+51
1.91291557533e+52
3.82583115066e+52
7.65166230132e+52
1.53033246026e+53
3.06066492053e+53
6.12132984106e+53
1.22426596821e+54
2.44853193642e+54
4.89706387285e+54
9.79412774569e+54
1.95882554914e+55
3.91765109828e+55
7.83530219655e+55
1.56706043931e+56
3.13412087862e+56
6.26824175724e+56
1.25364835145e+57
2.5072967029e+57
5.01459340579e+57
1.00291868116e+58
2.00583736232e+58
4.01167472463e+58
8.02334944927e+58
1.60466988985e+59
3.20933977971e+59
6.41867955942e+59
1.28373591188e+60
2.56747182377e+60
5.13494364753e+60
1.02698872951e+61
2.05397745901e+61
4.10795491803e+61
8.21590983605e+61
1.64318196721e+62
3.28636393442e+62
6.57272786884e+62
1.31454557377e+63
2.62909114754e+63
5.25818229507e+63
1.05163645901e+64
2.10327291803e+64
4.20654583606e+64
8.41309167212e+64
1.68261833442e+65
3.36523666885e+65
6.73047333769e+65
1.34609466754e+66
2.69218933508e+66
5.38437867016e+66
1.07687573403e+67
2.15375146806e+67
4.30750293612e+67
8.61500587225e+67
1.72300117445e+68
3.4460023489e+68
6.8920046978e+68
1.37840093956e+69
2.75680187912e+69
5.51360375824e+69
1.10272075165e+70
2.2054415033e+70
4.41088300659e+70
8.82176601318e+70
1.76435320264e+71
3.52870640527e+71
7.05741281055e+71
1.41148256211e+72
2.82296512422e+72
5.64593024844e+72
1.12918604969e+73
2.25837209937e+73
4.51674419875e+73
9.0334883975e+73
1.8066976795e+74
3.613395359e+74
7.226790718e+74
1.4453581436e+75
2.8907162872e+75
5.7814325744e+75
1.15628651488e+76
2.31257302976e+76
4.62514605952e+76
9.25029211904e+76
1.85005842381e+77
3.70011684762e+77
7.40023369523e+77
1.48004673905e+78
2.96009347809e+78
5.92018695618e+78
1.18403739124e+79
2.36807478247e+79
4.73614956495e+79
9.4722991299e+79
1.89445982598e+80
3.78891965196e+80
7.57783930392e+80
1.51556786078e+81
3.03113572157e+81
6.06227144313e+81
1.21245428863e+82
2.42490857725e+82
4.84981715451e+82
9.69963430901e+82
1.9399268618e+83
3.87985372361e+83
7.75970744721e+83
1.55194148944e+84
3.10388297888e+84
6.20776595777e+84
1.24155319155e+85
2.48310638311e+85
4.96621276621e+85
9.93242553243e+85
1.98648510649e+86
3.97297021297e+86
7.94594042594e+86
1.58918808519e+87
3.17837617038e+87
6.35675234075e+87
1.27135046815e+88
2.5427009363e+88
5.0854018726e+88
1.01708037452e+89
2.03416074904e+89
4.06832149808e+89
8.13664299617e+89
1.62732859923e+90
3.25465719847e+90
6.50931439693e+90
1.30186287939e+91
2.60372575877e+91
5.20745151755e+91
1.04149030351e+92
2.08298060702e+92
4.16596121404e+92
8.33192242807e+92
1.66638448561e+93
3.33276897123e+93
6.66553794246e+93
1.33310758849e+94
2.66621517698e+94
5.33243035397e+94
1.06648607079e+95
2.13297214159e+95
4.26594428317e+95
8.53188856635e+95
1.70637771327e+96
3.41275542654e+96
6.82551085308e+96
1.36510217062e+97
2.73020434123e+97
5.46040868246e+97
1.09208173649e+98
2.18416347299e+98
4.36832694597e+98
8.73665389194e+98
1.74733077839e+99
3.49466155678e+99
6.98932311355e+99
1.39786462271e+100
2.79572924542e+100
5.59145849084e+100
1.11829169817e+101
2.23658339634e+101
4.47316679267e+101
8.94633358535e+101
1.78926671707e+102
3.57853343414e+102
7.15706686828e+102
1.43141337366e+103
2.86282674731e+103
5.72565349462e+103
1.14513069892e+104
2.29026139785e+104
4.5805227957e+104
9.1610455914e+104
1.83220911828e+105
3.66441823656e+105
7.32883647312e+105
1.46576729462e+106
2.93153458925e+106
5.86306917849e+106
1.1726138357e+107
2.3452276714e+107
4.69045534279e+107
9.38091068559e+107
1.87618213712e+108
3.75236427424e+108
7.50472854847e+108
1.50094570969e+109
3.00189141939e+109
