324.820393023
10.8796941114
21.7593882229
43.5187764457
87.0375528914
174.075105783
348.150211566
696.300423131
1392.60084626
2785.20169252
5570.40338505
11140.8067701
22281.6135402
44563.2270804
89126.4541608
178252.908322
356505.816643
713011.633286
1426023.26657
2852046.53315
5704093.06629
11408186.1326
22816372.2652
45632744.5303
91265489.0607
182530978.121
365061956.243
730123912.485
1460247824.97
2920495649.94
5840991299.88
11681982599.8
23363965199.5
46727930399.1
93455860798.1
186911721596.0
373823443192.0
747646886385.0
1.49529377277e+12
2.99058754554e+12
5.98117509108e+12
1.19623501822e+13
2.39247003643e+13
4.78494007286e+13
9.56988014573e+13
1.91397602915e+14
3.82795205829e+14
7.65590411658e+14
1.53118082332e+15
3.06236164663e+15
6.12472329326e+15
1.22494465865e+16
2.44988931731e+16
4.89977863461e+16
9.79955726922e+16
1.95991145384e+17
3.91982290769e+17
7.83964581538e+17
1.56792916308e+18
3.13585832615e+18
6.2717166523e+18
1.25434333046e+19
2.50868666092e+19
5.01737332184e+19
1.00347466437e+20
2.00694932874e+20
4.01389865747e+20
8.02779731495e+20
1.60555946299e+21
3.21111892598e+21
6.42223785196e+21
1.28444757039e+22
2.56889514078e+22
5.13779028157e+22
1.02755805631e+23
2.05511611263e+23
4.11023222525e+23
8.22046445051e+23
1.6440928901e+24
3.2881857802e+24
6.57637156041e+24
1.31527431208e+25
2.63054862416e+25
5.26109724832e+25
1.05221944966e+26
2.10443889933e+26
4.20887779866e+26
8.41775559732e+26
1.68355111946e+27
3.36710223893e+27
6.73420447786e+27
1.34684089557e+28
2.69368179114e+28
5.38736358228e+28
1.07747271646e+29
2.15494543291e+29
4.30989086583e+29
8.61978173165e+29
1.72395634633e+30
3.44791269266e+30
6.89582538532e+30
1.37916507706e+31
2.75833015413e+31
5.51666030826e+31
1.10333206165e+32
2.2066641233e+32
4.41332824661e+32
8.82665649321e+32
1.76533129864e+33
3.53066259729e+33
7.06132519457e+33
1.41226503891e+34
2.82453007783e+34
5.64906015566e+34
1.12981203113e+35
2.25962406226e+35
4.51924812453e+35
9.03849624905e+35
1.80769924981e+36
3.61539849962e+36
7.23079699924e+36
1.44615939985e+37
2.8923187997e+37
5.78463759939e+37
1.15692751988e+38
2.31385503976e+38
4.62771007951e+38
9.25542015903e+38
1.85108403181e+39
3.70216806361e+39
7.40433612722e+39
1.48086722544e+40
2.96173445089e+40
5.92346890178e+40
1.18469378036e+41
2.36938756071e+41
4.73877512142e+41
9.47755024285e+41
1.89551004857e+42
3.79102009714e+42
7.58204019428e+42
1.51640803886e+43
3.03281607771e+43
6.06563215542e+43
1.21312643108e+44
2.42625286217e+44
4.85250572434e+44
9.70501144867e+44
1.94100228973e+45
3.88200457947e+45
7.76400915894e+45
1.55280183179e+46
3.10560366358e+46
6.21120732715e+46
1.24224146543e+47
2.48448293086e+47
4.96896586172e+47
9.93793172344e+47
1.98758634469e+48
3.97517268938e+48
7.95034537875e+48
1.59006907575e+49
3.1801381515e+49
6.360276303e+49
1.2720552606e+50
2.5441105212e+50
5.0882210424e+50
1.01764420848e+51
2.03528841696e+51
4.07057683392e+51
8.14115366784e+51
1.62823073357e+52
3.25646146714e+52
6.51292293427e+52
1.30258458685e+53
2.60516917371e+53
5.21033834742e+53
1.04206766948e+54
2.08413533897e+54
4.16827067794e+54
8.33654135587e+54
1.66730827117e+55
3.33461654235e+55
6.6692330847e+55
1.33384661694e+56
2.66769323388e+56
5.33538646776e+56
1.06707729355e+57
2.1341545871e+57
4.26830917421e+57
8.53661834841e+57
1.70732366968e+58
3.41464733937e+58
6.82929467873e+58
1.36585893575e+59
2.73171787149e+59
5.46343574298e+59
1.0926871486e+60
2.18537429719e+60
4.37074859439e+60
8.74149718877e+60
1.74829943775e+61
3.49659887551e+61
6.99319775102e+61
1.3986395502e+62
2.79727910041e+62
5.59455820082e+62
1.11891164016e+63
2.23782328033e+63
4.47564656065e+63
8.95129312131e+63
1.79025862426e+64
3.58051724852e+64
7.16103449704e+64
1.43220689941e+65
2.86441379882e+65
5.72882759764e+65
1.14576551953e+66
2.29153103905e+66
4.58306207811e+66
9.16612415622e+66
1.83322483124e+67
3.66644966249e+67
7.33289932497e+67
1.46657986499e+68
2.93315972999e+68
5.86631945998e+68
1.173263892e+69
2.34652778399e+69
4.69305556798e+69
9.38611113597e+69
1.87722222719e+70
3.75444445439e+70
7.50888890877e+70
1.50177778175e+71
3.00355556351e+71
6.00711112702e+71
1.2014222254e+72
2.40284445081e+72
4.80568890161e+72
9.61137780323e+72
1.92227556065e+73
3.84455112129e+73
7.68910224258e+73
1.53782044852e+74
3.07564089703e+74
6.15128179407e+74
1.23025635881e+75
2.46051271763e+75
4.92102543525e+75
9.84205087051e+75
1.9684101741e+76
3.9368203482e+76
7.87364069641e+76
1.57472813928e+77
3.14945627856e+77
6.29891255712e+77
1.25978251142e+78
2.51956502285e+78
5.0391300457e+78
1.00782600914e+79
2.01565201828e+79
4.03130403656e+79
8.06260807312e+79
1.61252161462e+80
3.22504322925e+80
6.4500864585e+80
1.2900172917e+81
2.5800345834e+81
5.1600691668e+81
1.03201383336e+82
2.06402766672e+82
4.12805533344e+82
8.25611066687e+82
1.65122213337e+83
3.30244426675e+83
6.6048885335e+83
1.3209777067e+84
2.6419554134e+84
5.2839108268e+84
1.05678216536e+85
2.11356433072e+85
4.22712866144e+85
8.45425732288e+85
1.69085146458e+86
3.38170292915e+86
6.7634058583e+86
1.35268117166e+87
2.70536234332e+87
5.41072468664e+87
1.08214493733e+88
2.16428987466e+88
4.32857974931e+88
8.65715949863e+88
1.73143189973e+89
3.46286379945e+89
6.9257275989e+89
1.38514551978e+90
2.77029103956e+90
5.54058207912e+90
