29.1465358408
28.9123540226
28.7913439216
28.7994247296
28.7428994771
28.5572429115
28.5813641236
28.5408388711
28.3875055377
28.427788366
28.2742934165
28.1352608471
28.022149736
27.9253214532
27.9576244835
27.8284729684
27.7880005096
27.7737621489
27.8141459873
27.6042548097
27.6635842997
27.6152408654
27.5665741987
27.6040527895
27.5019277341
27.4696247038
27.501806522
27.4856247038
27.5181297543
27.3243721785
27.275867128
27.2517921712
27.227630555
27.1873881308
27.1470648985
27.0581760096
27.1469032823
26.9773275247
26.9853679288
26.9934083328
26.9208022722
26.9128426762
26.8562366156
26.7513073227
26.7109840904
26.5741651633
26.6387510219
26.7356601128
26.6871146583
26.7192560724
26.8273070512
26.8031454351
26.8597918997
26.8356302835
26.8436302835
26.9639303019
26.867061615
27.0284151504
27.0930010089
27.093061615
27.0930010089
27.1575868675
27.1656800653
27.1817204693
27.21593222
27.2321824565
27.4017582141
27.4258390222
27.5467683151
27.4741218505
27.5305662949
27.5547279111
27.5951319515
27.6839400323
27.7403844767
27.6686608062
27.8372733656
27.9098794262
27.9260971477
28.0068850265
28.0715112891
28.1521779558
28.3621375517
28.5559355315
28.6529254305
28.8467234103
28.9760365416
29.0405819962
29.137450683
29.2350805479
29.2986628043
29.3319694368
29.4683519616
29.6783317596
29.7591802445
29.8399479212
29.9529176182
30.0417537134
30.1304933758
30.1628166081
