56.3171855254
48.2874419244
42.8629037889
41.1975133675
40.1218262466
42.5245492243
40.3108682358
39.0477431235
39.5161428944
38.6913056534
38.0232725101
37.5193111046
37.5813123596
37.4504773895
36.5115967532
37.0071244592
35.9147028268
35.6559750205
35.4527708263
35.6876055726
35.2358913149
35.2895453171
36.6701306023
35.3687447333
34.6605773136
34.3535232812
34.1159690034
34.0816345725
33.980373632
33.6856724756
33.9707490157
33.5097175517
33.392883213
33.1657729576
32.9280178307
32.9891193264
32.9297232371
33.3990777137
32.9252210801
32.4359635487
32.7538086558
32.2188730134
32.004296029
31.9785761693
31.611914294
31.4195980736
31.2222008926
31.2088395357
31.2993457655
30.9785964612
30.8135851265
30.7717832231
30.5358173533
30.3731156338
30.563241193
30.2484007558
30.087827144
29.8788774993
29.7684813191
29.6098775717
29.5488182564
29.4879947455
29.4247412019
29.3666761895
29.2110547744
29.2659993809
29.2612594915
29.0787874733
29.0151711293
28.9166415629
28.853734537
28.6551544055
28.5501374064
28.5380933663
28.479904607
28.2837632247
28.1341089728
28.1222081556
27.9734185534
27.9160734821
27.8588880828
27.8018595492
27.7449851598
27.6432441106
27.6315701219
27.4855751792
27.3846223095
27.2839235754
27.2279212068
27.2607309185
27.1607704731
27.0610484481
26.961561177
26.8183864677
26.8946295555
26.7958254995
26.6972424665
26.6424016771
26.500821676
26.5328901777
26.4351598735
26.337635293
26.154188202
26.1430149225
25.960317136
25.9491889732
26.066229691
25.9272504432
25.7885412158
25.7350326939
25.6392395164
25.5013197973
25.3636566467
25.4369980541
25.3419120282
25.3309926454
25.1943246299
25.0160492618
24.8798610374
24.9524246735
24.7750732439
24.9305120103
24.7537588501
24.6601443866
24.483975996
24.3906682868
24.421170982
24.2870094247
24.3585035258
24.2657893298
24.1732195293
24.0807925904
23.9885070077
23.9779061745
23.8451877126
23.7939680018
23.6210522044
23.5699829307
23.5594601135
23.4681241
23.3769183346
23.2858415362
23.235135406
23.0639387851
23.17389931
23.0833259995
23.1129425121
23.1403912691
23.0565695628
23.0127211017
22.8716710915
22.7420601093
22.6920298589
22.7213749957
22.5922624033
22.5511156922
22.4530415641
22.3244141578
22.1959456514
22.3431490515
22.3329281148
22.244191922
22.1947788632
22.0670845892
21.9786649727
21.9685047416
21.8412595067
21.7921357298
21.7820107219
21.8107951801
21.8784008865
21.8295001023
21.8194207376
21.7706287835
21.6832095012
21.866357217
21.7019350655
21.6533556828
21.5663147131
21.5563118219
21.3925918171
21.3442185241
21.2191930146
21.3384933013
21.1227767132
21.0746033682
21.1857796148
20.9784808237
21.0159765418
21.0121686669
21.0082054369
20.8249639649
20.7391605916
20.6534408803
20.6056965594
20.6337098649
20.5860572031
20.500666315
20.3776083789
20.2546661738
20.2825472092
20.1974761614
20.0748764456
19.952389356
19.8300141395
19.9327759803
19.8106222851
19.8008887121
19.7911638282
19.7440773783
19.6970324906
19.5754200173
19.6030012066
19.4443608373
19.3230647945
19.2390483216
19.2665346501
19.1455490643
19.098827262
18.9780454264
18.8573645206
18.8032641748
18.7641629305
18.7176349895
18.6342483865
18.6246630448
18.5045749081
18.659009654
18.411887459
18.4023328819
18.3560666526
18.2364564158
18.1169400783
18.0707827282
17.9148482063
17.9053384353
17.8751041978
18.283746089
17.7151992382
17.949300886
17.772115259
17.7568232399
17.4163257779
17.5987782989
17.3103306388
17.5495944595
17.4844512985
17.4885900176
17.2502473
16.9360994962
17.4311891686
17.0786437961
17.0743141797
16.8238297932
16.7991828766
16.6270207539
16.6176563782
16.6519900858
16.5989471501
16.517718227
16.5083797243
16.4541031426
16.502166709
16.3727971417
16.3830595925
16.4668217496
16.3091524001
16.3090417806
16.2940375525
16.2097677074
16.1698588114
16.1451356748
16.2235005982
16.1351854082
15.9853163296
16.1811855385
15.9805698735
16.2212154251
16.0984069356
16.0040858902
15.9764356652
16.0550831147
16.0274674816
15.9291037373
16.0783260185
15.9447448937
16.2314616923
15.9374700712
15.8351751539
15.8739531311
16.1240960912
16.6102588314
16.2368510432
16.0645274548
15.8923063486
15.7904399478
15.641713049
15.5624209739
15.6954839159
15.8391643359
15.7745498485
15.4929506618
15.8843861386
15.7588572265
15.7165611186
15.7200534413
15.6504558988
15.6958046732
15.7411279057
15.7167367818
15.5878843372
15.633131606
15.7827126143
15.7931427303
15.6298275634
15.7097039041
15.7201168623
15.695833192
15.5675462952
15.5779423122
15.6576021778
15.6679870187
15.5399758039
15.4466119861
15.3878585683
15.3286448872
15.1323292568
15.045583337
15.0421345216
15.1420980113
15.0012810708
14.9527247176
15.0906986171
15.2049492236
15.1800777289
15.2708479637
15.0976169171
15.1079155781
15.1791266511
15.2583660537
15.3166370097
14.997561298
14.9409331908
14.8819489844
14.8714197597
14.7791014118
14.789353962
14.7988643372
14.7280216049
14.6151810173
14.6254135845
14.567457077
14.5445768079
14.2472394446
14.257452331
14.2668462644
14.2700320023
14.0984302937
14.2751436194
14.2135636375
14.1382026714
13.9271549987
13.6915124036
13.5464396609
13.6016990527
13.7662952324
13.6261482493
13.4801445904
13.7587209637
13.6767678216
13.6287858833
13.5808256977
13.7692037891
13.7212868759
13.5882347253
13.6846569031
13.7136380431
13.478794846
13.4269896999
13.1285851415
13.2772710055
12.7666565242
12.8006958618
12.9185158419
13.2227551768
13.265929974
13.1932162962
13.2623023226
13.4163812801
13.3620981716
13.4753070742
13.3206319071
12.963231412
13.1451551678
13.0755296562
13.0441122094
12.9124816544
12.8295982363
12.8529648104
12.8814527406
12.9248117129
12.8681350008
12.9449243874
12.9547359518
12.831533073
12.9145433155
13.1481047193
12.6499101886
12.5976495891
12.5563157267
12.6248931787
12.6680578275
12.6448246523
12.5220698729
12.4273013881
12.3430081834
12.3643679706
12.1972260358
12.2262311024
12.1508925277
12.2595161298
12.4037566008
12.2467761906
12.2897365622
12.2996466458
12.2904675468
12.3043309388
12.3841797287
12.185935606
12.2306690185
12.3447018907
12.4454319671
12.3815430893
12.2189186075
12.0892630654
12.1570269678
12.0734745001
11.8086586537
11.9064134328
11.8349463781
11.8064962335
11.6117044747
11.7023431501
11.9023639731
11.7301016227
11.622707328
11.665825952
11.7791381195
11.9251462797
11.580918539
11.5239970325
11.401692717
11.4289854743
11.4349558948
11.5578356626
11.3239566199
11.3011064503
11.3844496844
11.3428274703
10.9888352572
11.0268706475
11.1729962032
11.1313019513
11.2200308371
11.2850523864
11.0713488919
11.1490967093
11.2290888692
11.2051865379
11.3800077902
11.6847026746
11.5346806435
11.3847100368
11.3645909931
11.3780534698
11.454096367
11.1226085165
11.085364349
10.9968617144
10.9841227148
10.7542727884
10.9386268809
11.0211434157
11.1304551435
11.090505728
11.0743461075
11.1228089047
11.1389578301
10.9290910361
10.9452293242
10.8322983887
10.8161706809
10.9176226817
10.7364655319
10.6520389485
10.7194362153
10.5799185997
10.8818852737
10.7676834675
10.6872537295
10.6068497816
10.5586228463
10.4461292472
10.6653363069
10.5104367711
10.4752441076
10.4475669109
10.4867168563
10.5334920065
10.5556708122
10.6836231318
10.7188779836
10.6580022373
10.3569134796
10.2217893084
10.1554407541
10.0928981853
10.2913537212
10.290714113
10.3594119015
10.4239030232
10.6533427001
10.6698058211
10.4363037103
10.3747740325
10.4720265782
10.41013568
10.4439421528
10.2545553693
10.0970991985
10.1308752128
10.2799648856
10.2620872116
10.2282951944
10.1704094532
10.2896135111
10.2953388307
10.4014359854
10.1796394821
10.020005827
9.92154248739
9.97500073456
9.7500405854
10.1468164926
9.8841905392
9.71132695167
9.78187509394
9.71840094416
9.66543668163
9.47491657252
9.42993394185
9.42953022013
9.40249560644
9.20032810137
9.17314147416
9.1394780205
9.0555080512
9.04297387112
8.98039423205
9.0542611062
8.74463665625
8.86712704038
8.98772584974
8.84589698838
9.05215540958
8.79532943755
8.89056570947
8.97798783512
8.81118196537
8.6971193207
8.63220833282
8.86328017171
8.43327311942
8.61116868205
8.64326379606
8.79021205147
8.70078478588
8.80555279438
8.1640383036
8.22303705051
8.23586725158
8.21353903678
8.44276328629
8.56609902977
8.68624799747
8.53101875555
8.67709039329
8.8363301892
8.82405308905
8.78614363483
8.79756318173
8.87586933323
8.86754436908
8.77926158299
8.56581109324
8.74590989447
8.72022876618
8.55142994873
8.58619367767
8.65085465781
8.70410380291
8.6129499096
8.81015932548
8.83655421087
8.7896760085
8.94426858555
9.19511969516
8.54248983866
8.83253607944
8.65304008554
9.02821188664
8.54765169967
8.55758727729
8.3476714735
8.3112505766
8.24633360021
8.00752961229
8.17679102299
8.54347219878
8.35965170114
8.39260708343
8.30122535229
8.37449937323
8.28303757687
8.34078756664
8.37769710914
8.25458405774
8.39148919184
8.29725100816
8.56274603976
8.20231239525
8.2159739891
8.07338913567
8.06946680762
7.91780150766
8.05595108517
7.98078529505
8.02249498788
8.1162080773
8.11285852928
7.8795876806
7.77009430701
7.74360177423
8.01610892016
8.23144744662
8.10793409499
8.21038587887
8.35431448423
8.30968344346
8.21027786477
8.29607974386
7.91901102258
7.88164048874
7.87873212668
7.73583270653
7.83453545062
7.59869566403
7.68530919658
7.62515335086
7.40187473665
7.81466321808
7.80542786668
7.91793664231
8.03055571666
7.88988227117
7.85582356842
7.87589127249
7.92713524427
7.77184102537
7.66038054121
7.68065623429
7.73363715897
7.54264129688
7.73222825242
7.78624684018
7.91205864714
7.73105337945
7.48874517459
7.4969505914
7.43416342021
7.54906885794
7.68508699104
7.77973785198
7.92315023777
7.78243134861
7.75550751276
7.9328638362
8.22895083666
7.7311761167
7.62310724679
7.67882405535
7.49716955189
7.49819108808
7.49737580081
7.50936870771
7.6101815431
7.3611524453
7.44002684044
7.63451757488
7.20956271601
#running time =  131.5135281085968
