57.7259102956
53.3271956688
60.2511493417
57.609227731
56.7558500629
57.538420653
55.0874905295
53.2452090379
52.5204988372
57.030077484
55.2770941273
53.8100066821
52.401928139
51.4828960574
49.6894594557
48.5244511427
48.0914591127
47.2152310712
45.686389512
49.9303672982
48.4920014135
47.4287580708
47.0008658883
45.7353767584
45.5726899708
44.2314009225
43.568140165
42.6112322173
42.919196824
41.0985726843
39.7015546508
39.3421488074
41.3198487819
39.8885358487
39.2042922205
38.5260761598
38.2022614971
37.219615801
36.6643121856
36.1290483705
35.7819610655
36.217679366
37.4885286393
36.6523090028
39.3884200919
39.5878267349
37.7615493458
36.1961321654
36.7539615709
36.3765287602
35.6228982493
35.5133777141
36.5745325471
37.0689316354
37.1832073646
37.3385319711
38.7264624252
37.906181261
39.771101674
38.7879140179
37.9321144072
37.4171384788
37.1485232907
35.9873370951
35.8685964715
35.8070411914
35.1363834909
34.780484643
34.5535807758
33.1031859545
33.6317362257
33.5150374981
34.7691459408
34.2440666578
34.7893014978
34.2727191387
34.3741990045
33.913728925
33.7011271627
33.6146544361
33.5284224847
33.442427077
33.3197937483
32.8197455555
32.7344356381
33.855320741
33.5185133793
33.1825538861
32.8474286007
34.9677550021
34.0886325908
33.4152882981
32.8451327103
32.5139862968
32.7825433208
32.2921399376
31.9632390224
32.5055534954
32.1780954561
31.8513434255
31.0928524805
30.8880267535
30.442790124
30.1768426393
29.8702112531
29.700496673
30.2778051782
30.7015639891
30.8078382614
30.2717922248
29.8453854258
29.419780403
29.8395263283
29.8369973143
29.8344729065
30.1746511376
29.8568770404
29.2715764825
29.5565440743
30.0161137697
28.7767685032
28.6162885596
28.3418679213
28.2954066344
28.4672695358
28.7469770109
28.4028415814
28.3610823941
28.4624167085
28.369781915
28.452511831
27.8332375561
27.7249261094
28.4813693382
28.0669294788
29.0896605272
28.1138313923
27.66614975
27.7608551051
27.315278777
27.4396059826
26.7205364754
26.5883486106
26.7266024506
27.6035945335
27.9780244849
27.5235366958
26.3252915008
26.1329007273
27.0898628978
27.0315219738
27.1643135937
27.2969334638
25.6793633256
27.3595275909
27.2796264121
27.3693865435
27.2328678853
26.899941701
26.1980421569
25.747534717
25.4931123068
25.6679091388
25.2391556271
25.6702990671
26.0951253214
25.4189321934
25.2573155689
25.7584952897
25.3900882191
25.4561397713
25.0180294614
25.7228096564
25.3345062857
25.3826314286
25.4745916741
25.0677608838
26.0462884486
25.205512552
24.9538638262
24.8408693532
25.332032373
24.9771085487
25.3418394801
24.869376489
25.018247491
25.9923441915
25.3729326494
24.9898655683
25.017783743
26.0382602494
25.7924780183
26.0257197387
25.9805679625
25.6236832682
25.4412182244
24.8807321553
23.9429437293
23.9099780067
24.3238284918
23.2319468591
23.2301729226
22.851593584
23.364994928
22.8832911552
22.1739686473
21.8030111065
22.8879074886
22.8022269773
23.5270743514
23.0055204946
23.3956743105
23.9675300395
23.5882372649
25.7041425162
24.9521826636
24.6971163263
24.1367229689
23.9674265853
23.878315281
24.004919176
23.9639906043
23.8804670339
23.858932151
23.3446582827
23.2613395428
22.421083587
22.2842502114
22.297293495
22.6882617777
21.7019586218
21.2936148783
22.6213424596
22.0784441036
21.3733015897
21.1947749438
23.0841275237
22.7401098958
22.3963543545
22.8327789503
21.7093139003
20.8726220032
20.6327590166
21.4327874156
20.9699984035
21.5284731335
21.6560536956
21.2884927869
20.9211986903
21.2918341806
22.0884427612
21.2416947237
22.8030363311
22.2334911409
22.3856954677
21.8169521397
22.1923431133
21.6899481174
22.8476822563
22.9979198219
21.9000809242
21.6526678014
21.6952685596
21.289244122
21.5211692698
22.6850452479
21.8959180302
21.1206876869
22.6280332893
22.0332583289
21.4388741604
21.0402737356
21.5162497696
21.1478296466
21.2154404824
21.994243179
21.7393204003
21.9409669228
21.8000137241
21.6647346575
20.9400542612
21.6877503587
21.7829693131
22.6716278725
21.6401974816
20.9807313733
21.0238651991
20.9285670457
20.8333269503
20.1565061049
20.9949078102
21.0162042193
21.1782713486
21.6088040291
21.3747239133
22.083751879
21.3495725618
21.0333578952
20.9386838781
21.3639798926
21.4644291211
20.7915426599
21.0768438007
20.5557253357
20.1930156069
21.0285676258
21.0555930427
21.2279183854
20.6259779461
20.9957641884
20.8062749958
20.7429288196
20.7877283008
20.8699749843
20.2368681034
20.7133944234
19.354434245
20.6007257857
20.117742721
19.9835957967
20.8648240944
20.3185814644
20.6452471655
20.4562775261
20.8429611229
20.4676038448
20.5959022609
19.8397965812
20.5827985693
20.5612389041
20.5146276314
20.0962364282
19.9936748141
20.2910645645
20.1788936274
19.7488266754
19.9387585718
18.9620516516
19.1553476074
19.8317617631
19.2551486851
18.8453921694
19.0307966107
18.6264432278
19.1929726263
18.306994397
18.7247872584
19.0847015834
18.561666206
18.4527340359
18.7396401235
17.7505150552
17.9829493738
18.9627033734
17.3994213201
18.5338821193
18.2733615163
17.7290338268
18.1817916036
18.7163586335
19.4270996815
17.5221846974
17.6041179611
18.2093381605
17.9726975407
17.7582673138
18.1539240912
17.620849124
18.2406997095
17.2639313699
16.5280772018
15.8757933169
16.712615466
16.4662820389
16.4449593303
15.510398178
15.9464632391
16.1801782753
17.0929904457
16.9612328707
17.0493679304
17.4737097516
17.4719084797
17.9499338634
17.4361522051
17.9295712129
17.4162349843
18.244596563
17.7538876897
18.4108886937
17.7118171555
17.3233009234
17.4896326322
16.8988235367
16.7594873
18.4079029749
17.1898192095
16.5252066394
17.3937755776
17.2609752569
17.2091565106
16.6773038384
16.4673533474
16.4253381876
16.2731399223
16.8225268257
17.8677875897
17.6706181683
17.645661418
17.474407203
17.5442802616
17.8285962681
16.3436725306
16.2423468059
16.0173541915
15.8588946627
15.8318597836
15.9279201346
16.3921398954
15.2782543352
14.814669615
14.9504394833
15.0691795858
14.557850104
15.6811853918
15.7650582853
14.7546320011
15.1108193792
16.728550795
15.7994542613
15.4090191804
14.8133718137
14.5486792346
14.5405701098
13.6224355366
13.512930197
14.1115123018
13.6447534961
13.7654541934
14.8859816791
14.1991454133
14.6120545846
14.3242253345
14.9309147874
14.0424366533
13.3658512538
14.0550196799
13.3928312332
16.3567442564
15.6426015177
15.2067004301
15.6120332014
15.2445769284
15.3626070019
16.3632273839
16.1922070586
15.0367107506
15.0585041158
14.5605886678
15.0418173507
15.6344278217
15.5751224801
15.2925430243
15.1304363408
14.7077831979
14.4289643217
14.4047807272
14.8255707176
15.0419368227
14.6188010099
14.1060335304
14.7899343338
15.6065118078
17.68784912
16.9612325346
16.4622474635
16.4278199314
15.773867275
15.7680361692
15.8451124098
15.3388034376
14.3514315115
14.2048726959
14.5604860615
14.3196336885
15.2183272914
14.6137312495
14.5342785364
14.6750676975
13.4770852409
13.8137243206
14.0713212032
13.8154177109
13.6220475587
13.5240734949
13.168177865
12.2631934612
13.9053198237
13.0717998466
12.6186186317
12.7507255673
13.1779296769
12.7541437176
15.4687370178
14.2487066797
13.6095657749
13.7395961284
13.2070893968
13.1677554515
12.4631810219
12.2443789024
13.2601200169
14.0165239761
13.4440029417
16.2361780308
14.8997859574
14.1675065238
13.9254631014
13.7598000256
13.7449723864
13.7235720791
15.443143756
14.1232949972
12.8912563619
12.3761545666
12.3200531326
12.0664290006
14.5239291113
13.8014536036
13.4159912948
13.3392906863
12.2051807662
12.2633773066
11.8482611868
11.9460045735
12.4616530193
12.095693857
12.0901429895
12.8873270475
12.675471555
12.5769848509
12.3669992821
13.5702166838
12.9010100874
12.6819765474
13.080223891
13.0083274524
12.3989981601
12.6624494034
12.8570229871
12.2545139425
11.7978034884
12.9842944994
12.3658008653
11.9792523017
11.8915579221
13.0827977393
12.8695466989
13.6050821567
13.5370091627
13.9855600159
13.0942613726
12.5643968121
16.2437077443
14.8346733212
13.9349736105
13.6014376222
13.7083476711
14.103170417
13.8521372275
13.5475758887
13.9186255546
13.5849776267
13.6164075342
14.5719844163
13.9887676826
14.1146920553
13.7925968232
13.9573281478
13.0038206554
13.1080388484
14.2875806585
13.6658204482
13.6983622255
13.4906211983
13.2829357323
13.2651224618
12.5588713509
12.1590338171
11.8790149152
11.9706685192
11.7977750258
11.3264091076
12.209317179
11.8556749653
12.3979097919
11.7052168117
11.4506228401
10.599217676
12.1939007469
11.5878746043
11.1066950552
12.3601479884
12.2960095444
11.7895507003
11.2598693356
11.2635252356
11.7549716321
11.5621727574
11.4070124372
11.015099599
10.634541225
10.9834995838
11.056173228
10.6954697822
10.7197379272
12.4269675974
11.5173676939
10.9825676348
11.8791735475
11.6372895298
11.8385125647
10.9591448275
10.4448262994
10.6561893194
10.8899728887
10.9666985399
10.9036947401
10.7999019487
12.2161889092
11.9355385017
11.8065968221
12.1359511051
11.8233328758
12.0376097612
13.6706592664
13.5316187998
12.9071032447
13.0638534657
12.7085540122
13.1180377439
13.2246813606
13.136562765
13.2268398439
13.0939350924
13.1078943612
11.6771877854
12.3102087687
12.0043125229
12.1469991652
12.2544927025
13.1351218916
13.670596436
13.3994271037
12.7397945636
12.3067341441
12.4209554739
12.8386909739
12.1906441631
11.6770934014
12.5489098257
12.4205163062
12.5832919256
11.309080469
11.0121404336
11.2078600864
11.2128343433
11.4327057423
10.8222361129
12.1733574789
12.234889376
11.5728142836
11.1973958641
11.1596030212
11.6116803511
11.7041310894
13.0992300644
13.7631453251
13.2732766888
12.6307084899
12.172887641
12.7015120999
12.2944104459
12.8499200587
13.4209862075
12.9938010329
13.5187173808
12.8500651278
12.7941585914
13.8288613904
13.3002836447
13.097732584
13.1063345415
13.3235974123
12.7899673453
12.5945873395
13.5570905375
13.3038140248
13.4082242846
13.6465065858
#running time =  111.6263358592987
