57.5086614923
52.8409547382
54.9126648169
52.9125253337
56.5962310103
53.6356213928
51.5681618417
53.9900238507
51.5799673028
50.1498125306
48.9739759008
46.8058446948
46.7463917465
45.7951538414
47.0034995269
45.3654992676
44.1305058747
43.0335976535
42.6005914416
42.7910130489
42.2854262379
41.96426452
42.5004417187
46.4115554985
44.5920882326
43.0622297147
42.0072274931
41.814559105
43.3913564521
41.6689076807
40.5854679383
40.8382573336
39.9215899731
40.2131818244
39.5121948775
39.219742285
39.1560285569
38.6625197328
39.6777604811
39.3738944581
39.0806636186
39.3647498677
39.2357247247
38.6899388524
38.6089566459
38.7107709243
36.883387969
37.5473446274
37.2533083216
37.0461165723
37.1453258411
37.3028248178
36.499775292
36.2068521886
36.1728232215
35.5824278198
35.485221566
35.6957795029
35.2558617656
35.4952269304
34.9239078225
35.1223376044
36.3919861856
35.8515475884
34.1506983209
34.3903867214
34.9026620639
34.4675995548
34.8073341722
34.8775318516
35.2142427287
34.9729579228
34.9521374638
35.2856647283
34.6603316257
34.272790684
33.6231492719
33.2000375193
33.4712255821
33.7034819752
33.4902037854
33.9125076269
33.8069456821
32.8011395619
33.7781626161
32.9624020544
32.4031410241
32.1537231877
31.5624553808
31.9018633403
32.4874723211
31.6208400912
30.7648719684
31.0354106829
31.3053287409
30.212115058
29.6000322076
29.7575141482
28.9679578089
29.0858312204
29.2944220558
29.5617090629
31.1541727095
30.1459745251
29.2424881615
28.5615035029
28.1942850031
28.0135267176
29.686765325
29.3522183488
29.2252368634
29.4976917686
28.7473211144
29.9631287185
29.3000591505
29.0195150087
28.9077210431
30.5398194836
30.4980439546
29.2515633098
29.1636117502
29.5216950722
28.8080438149
29.123479114
28.7049758011
28.3260132215
28.0840530141
28.0471980021
28.2688347964
27.8220402389
27.5838342135
28.0494844576
28.459067021
28.3711583658
27.6764724354
27.6597597962
27.7555535244
27.2301614246
27.5315709423
26.6402937258
26.5797235935
26.5709525926
26.3310107158
27.7663514017
28.0012587762
27.3559595495
26.9509337293
26.5710168415
27.6398639347
28.5089625601
28.583443482
27.4253220619
27.538088658
27.9894382735
26.8312883327
26.8138841155
27.0353750649
27.3052558804
25.9736513176
26.2236402019
26.4736600376
26.7233778192
26.9727961163
27.2219174605
26.4624953392
27.381619697
27.1411808483
27.2044439802
27.5190980734
26.5267688084
26.1925994683
26.1459487332
26.2236420927
26.1737681774
26.7013783591
24.0380866243
24.0240026967
24.4168859198
25.7502485751
25.700497697
25.7501549859
25.6672752589
25.150819791
24.9056257768
25.1669161672
24.6622430294
25.0517706162
24.4183124892
23.9486617889
23.4125306605
23.2501618214
22.8828438278
22.79328123
24.0395521086
23.3273116702
24.07196879
24.2777072661
23.5102354937
22.8579529367
23.0049342076
22.3654946818
22.6607785996
21.8611107471
23.6585841791
22.9919020176
22.6027218219
22.4601536753
22.3433508002
22.2266521933
22.048904996
21.660597986
22.2515964952
21.7753143004
22.2139771566
21.710397588
21.438273437
21.6852200996
21.6847553531
22.5611174734
22.9471185838
22.6761418261
22.4053903017
22.3874947226
21.1438873712
20.6994441639
21.106858588
21.0636088851
21.1351890659
21.4273318418
21.4208684139
21.5648077938
21.7086336
22.4133714549
21.0179146209
20.6914038381
20.5843025519
21.2831554265
21.0906133838
20.3498394918
20.0860331169
20.6199113302
20.4721786544
20.4707233597
20.4692691469
19.014679183
19.7446901009
19.2901080343
20.444497741
19.1726281684
18.6513035213
18.6754691638
18.7781187244
18.9491794178
18.4503940041
18.2329371425
18.6435011322
19.7427347763
19.0416153685
19.4906580856
19.3393340399
19.6397970107
19.6816116213
19.3125664156
18.9823782735
19.0256561758
18.7599499344
18.6852845052
18.6671104347
18.9353291214
19.4279998569
20.0888350139
18.0739581897
18.1923115198
18.6779998188
18.2335240657
17.8266974515
17.1376186531
16.9725724348
16.9597025344
16.7323810562
17.0957263356
16.7765667361
16.6193798156
17.0859557804
17.5640328517
18.4008550947
19.7606656401
18.4042708852
17.3454661601
17.0818706473
18.0764994017
17.7056623162
17.7390609403
17.8925967492
17.4239440747
17.5190528626
17.7686505649
17.7970076749
18.1101719312
17.6368480341
17.3525090148
16.8003626787
16.5685230425
16.7924374033
18.4137846985
17.0963354087
16.7202527523
16.8354853872
16.9668403084
17.3004745861
17.1249566616
17.1979354574
16.6865819387
16.9586896486
16.0339293398
15.7533202821
15.5464434257
15.0887979957
14.6364631318
14.3051767236
14.5485986122
14.1681537421
14.2341949558
14.4330730303
14.4027831591
14.980855026
14.6714511565
14.7300617628
15.4893819934
16.0122190014
15.4086154644
14.814826863
15.9423402563
15.6561409715
15.6311643526
15.1476650027
15.0613916367
15.3525639506
14.4058712787
15.2140044892
14.9949782166
16.286546236
16.3443132689
15.4738675358
16.5165976864
15.8984066752
15.5321066951
15.9656141977
16.4828375853
15.999778404
15.8648239231
15.5501230368
15.6256035114
15.9321368721
16.2646068606
17.1259713946
16.706854809
16.8027169718
17.0580758612
17.8466927743
17.1093663279
16.4782591395
16.4376011442
16.7711662695
17.2973542995
18.1057121552
17.7628556316
17.6126312222
17.8447934621
18.1736442959
17.64787038
17.3959941851
17.314824642
17.444317847
17.3822980968
17.7365811157
17.4672430554
17.4833951502
17.8591722918
16.8974719745
16.754841191
16.7492062813
16.7428997161
16.8065284029
17.6584963664
17.1947953478
17.0314277159
16.9300243389
18.4789188334
