theta = 
#[0 1 0 0 0 0 0 1]
#[1 0 1 0 0 0 0 0]
#[0 1 0 1 0 0 0 0]
#[0 0 1 0 1 0 0 0]
#[0 0 0 1 0 1 0 0]
#[0 0 0 0 1 0 1 0]
#[0 0 0 0 0 1 0 1]
#[1 0 0 0 0 0 1 0]
theta = 
#[ 0.          1.05592381  0.32960097  0.29624572  0.1437375   0.01552098
 -0.04068106  1.02147876]
#[ 1.05592381  0.          1.17558917  0.12505344  0.17431529  0.04199784
 -0.05158033 -0.15326283]
#[ 0.32960097  1.17558917  0.          1.12817559  0.21757055  0.07957091
  0.02001817  0.09918501]
#[ 0.29624572  0.12505344  1.12817559  0.          1.06892863  0.01647186
  0.12080111  0.32009311]
#[ 0.1437375   0.17431529  0.21757055  1.06892863  0.          1.02697
  0.16160919  0.09886018]
#[ 0.01552098  0.04199784  0.07957091  0.01647186  1.02697     0.
  1.15837306 -0.03588438]
#[-0.04068106 -0.05158033  0.02001817  0.12080111  0.16160919  1.15837306
  0.          1.044817  ]
#[ 1.02147876 -0.15326283  0.09918501  0.32009311  0.09886018 -0.03588438
  1.044817    0.        ]
