55.6816559556
48.7414081617
44.9625768569
46.0666884758
42.8787605769
44.6712379951
41.9243466373
40.7456502367
41.8177042232
39.8861008459
39.5705960361
39.0154193829
39.0669529356
38.3343224994
38.0227003706
37.6189185649
37.6936494362
36.931034979
37.2353260017
36.6099405631
37.0421572085
36.3201019777
36.0624780155
35.8611654967
36.1145279006
35.5177253824
35.5153245694
35.465432903
35.3572357128
35.1568855196
35.0507031646
34.9683352603
34.9887529118
34.7052363664
34.7364905615
34.5127247436
34.4555439674
34.2411431053
34.2002197442
34.0472672796
34.055828764
33.8410037148
33.8706005402
33.6793568978
33.5936868216
33.6747226759
33.4040056563
33.3868674477
33.1568396319
33.169847468
33.0068608121
32.9454043738
32.8003772075
32.7021437601
32.5860181801
32.4515176976
32.3436721177
32.2244796811
32.1736778991
32.0239969379
31.9183546303
31.8489193348
31.8383395712
31.7415589004
31.5973942766
31.5964429585
31.3679802877
31.3292472043
31.2118411511
31.0541414893
30.9827299024
30.9435732568
30.8301920719
30.70390129
30.6782858759
30.6134521511
30.6283198879
30.3518547507
30.1400805929
30.0837092476
30.0092750755
29.9377631048
29.8303337026
29.7141868411
29.6522249011
29.5277261463
29.4392807118
29.3332351423
29.254120685
29.1308625788
29.0768933322
28.9735905446
28.8512123969
28.7203349019
28.6686298194
28.5296046432
28.4257871129
28.3309038423
28.2906295101
28.1677945147
28.0562262913
28.0311978592
27.9717713367
27.835113533
27.8136777336
27.6227035014
27.5552128685
27.4622758254
27.3524998111
27.2429347424
27.1674870185
27.0583358298
27.0332506125
26.8829146843
26.8080239205
26.7416676714
26.6167380131
26.5338776307
26.4595171892
26.4186480148
26.3278907105
26.2954729998
26.279706286
26.1479832799
26.049560564
26.0090996989
25.8862645212
25.8623952871
25.7646045051
25.6997866159
25.594109587
25.5376718986
25.424152465
25.3597320168
25.3116928189
25.2230745892
25.1670596126
25.0787016628
25.014755312
24.9266524317
24.838675189
24.79918171
24.6953548721
24.6398968118
24.5363573394
24.4650208383
24.4257989703
24.3706425032
24.3554747658
24.3243822207
24.2057488261
24.1190764515
24.0563401058
24.0412709814
23.9628529039
23.8608009033
23.7983823219
23.7597151875
23.6580437929
23.6194717789
23.533773156
23.5267056716
23.4647432644
23.379352615
23.3175371309
23.2167163759
23.1160130919
23.0544134351
23.0551922819
22.9937335737
22.9556567966
22.871050678
22.8097991539
22.7486155924
22.7184443357
22.6573950971
22.6041315832
22.566347619
22.4977932269
22.4523954901
22.3839866618
22.3156497875
22.255054602
22.2175092686
22.1493850325
22.1425031261
22.0897955811
21.9837240751
21.9463695676
21.8785893949
21.8108765441
21.7584318836
21.6832590168
21.5854020012
21.5634244567
21.4733276093
21.4589561716
21.3690312541
21.3169392443
21.2422688252
21.2430223667
21.1459058608
21.0639220017
20.9970425479
20.9452395421
20.8634801213
20.8267590718
20.7676088979
20.6860694867
20.6195505336
20.5530902953
20.5314537203
20.4352922767
20.3764538299
20.3474320773
20.2812598111
20.2374302603
20.1639482174
20.1201928787
20.0764743002
20.0105810449
19.9817304726
19.9455122872
19.8797823388
19.836244201
19.7779948164
19.7124252203
19.639546998
19.6182159372
19.5675031815
19.5094867988
19.4515161932
19.4522494223
19.4456555151
19.4610293412
19.4178696111
19.3747430894
19.2951296681
19.2374721569
19.1652725833
19.1004148608
19.0865792245
19.036371556
18.9425748316
18.9142386635
18.8641423582
18.8431028191
18.7640808486
18.6923606995
18.6424100434
18.6503674652
18.6004884534
18.5289738976
18.4791657631
18.4005388834
18.3435924665
18.2722791436
18.2514039251
18.1442228204
18.0586808572
18.05221574
18.0026837281
17.9818800948
17.9180777225
17.9474499994
17.8479376931
17.7771094116
17.7706747633
17.6999405452
17.6292530048
17.5728828376
17.5450727325
17.4887761375
17.4752452318
17.3976706939
17.3485954555
17.3493062354
17.3002936941
17.2868060565
17.2449498743
17.2102098481
17.1046380464
17.048698687
17.0448732157
16.9227930144
16.8669575178
16.8394100891
16.7695247765
16.6785175743
16.6651215458
16.5953633682
16.539731256
16.4911703118
16.46373921
16.4292949887
16.3808206325
16.3393960007
16.3448198987
16.3057222158
16.2433438871
16.2440443601
16.1607362993
16.1474426782
16.0712230564
16.016012905
15.974803498
15.9475788412
15.913392842
15.8981641085
15.8311368265
15.7970083412
15.7280932704
15.6453019216
15.5834165666
15.5792303096
15.6153483071
15.4709552872
15.6180449473
15.4738088688
15.4336109365
15.4280693806
15.3394520718
15.3200774014
15.3422080842
15.1638741805
15.137621841
15.0975736009
14.9816327272
14.9292010076
14.8678441071
14.8822975383
14.7459372473
14.7197805941
14.7211565522
14.6578310978
14.7101152037
14.6496657402
14.5274549632
14.4533420741
14.4684315415
14.4081039634
14.3341026021
14.2258953131
14.1998837028
14.1865447419
14.181074025
14.1355253237
14.1163966091
14.0162813461
14.0237888713
14.0238784188
14.0184236887
13.9712541195
13.9666215259
13.9339402895
13.8468319167
13.7937755014
13.7475431208
13.749603979
13.7917172647
13.7523394626
13.733338386
13.6736485749
13.6953438676
13.730582377
13.6235609927
13.5842927558
13.5991807659
13.4381932769
13.4463065901
13.3927583695
13.3542551219
13.3495287899
13.3435352886
13.2591264847
13.1869784216
13.1620411616
13.0832205896
12.9842335444
13.0199069681
12.9479187896
12.9095868026
12.8578276863
12.745619943
12.7073381723
12.7429180464
12.7180900196
12.6329062783
12.6483266164
12.6034257736
12.6121341507
12.5940552351
12.6295283864
12.6315354493
12.5666678467
12.6288342841
12.6107935481
12.6194761888
12.5613935619
12.530028662
12.4119588452
12.4006235028
12.3559673666
12.3779531232
12.3799510078
12.3220360769
12.2574906177
12.232880207
12.1816847359
12.0773414155
12.0461174875
12.014906126
11.9883313275
11.8728749669
11.881497536
11.8330721251
11.7396466878
11.7548838469
11.6906481452
11.5999591997
11.5159228798
11.5774372019
11.5133021449
11.4227549
11.4181301943
11.4201114438
11.382482237
11.3327473927
11.3930019871
11.401574205
11.4101431491
11.3594079644
11.3547974269
11.356772623
11.3126765757
11.2817551833
11.2639985057
11.298841142
11.2613828804
11.2567844581
11.3047216022
11.3066908913
11.216793291
11.1466071994
11.1157891386
11.0587638771
10.9886550325
10.8399737492
10.7568211198
10.7195142036
10.7149343123
10.6972754004
10.6926988141
10.7338732837
10.6901002637
10.6463428998
10.7135876846
10.6568089036
10.6130982365
10.543316364
10.5517915413
10.5537466624
10.5100976332
10.4664639035
10.389226975
10.3762110762
10.2965972852
10.2465208925
10.2159653638
10.1399278675
10.1028967195
10.059383836
10.041854804
9.95943162493
9.94191456404
9.96331701999
9.94581186372
9.90238785185
9.87841552797
9.88035857491
9.86287703121
9.83892887568
9.85381058653
9.91396437755
9.88357419651
9.92429644026
9.90038812698
9.91524513837
9.81386333328
9.78352335181
9.70156775863
9.64544333559
9.58933724816
9.54614319465
9.46429452221
9.49375469014
9.55189149811
9.53450748916
9.47851039417
9.499743845
9.39875648645
9.40068556386
9.35118838026
9.3209854346
9.31006443572
9.34410146317
9.35244752767
9.30944676789
9.31778757222
9.28122784036
9.23185561007
9.11198911401
9.08827961281
9.07738944907
8.99594843555
9.03051926107
8.98187906839
8.99083633981
8.96068492939
8.93527525499
8.9371929024
8.90076874188
8.86435569344
8.94276129026
8.90013008311
8.87013263871
8.84652477032
8.97322093186
9.01148088813
9.0433546069
8.99874477675
8.90955180245
8.96687303016
8.96687303016
8.81410735467
8.77592726037
8.82681899035
8.67418887709
8.57882316041
8.59789069663
8.62330662027
8.62330662027
8.5590339666
8.51649958935
8.55013639983
8.52653568876
8.49050461259
8.50686226784
8.4372465161
8.37577371793
8.50806233702
8.5422646736
8.48147790944
8.52065933242
8.50863547765
8.41315878944
8.39038968338
8.33601221388
8.35750421114
8.28105990448
8.22986063001
8.25765033935
8.2362067675
8.25006038892
8.25261648072
8.26141515808
8.21855549634
8.29611055198
8.32480393257
8.32819218791
8.21358819964
8.30585691197
8.22400104291
8.20511640144
8.18623692262
8.31206577562
8.42528090841
8.44414496973
8.45043128488
8.41900821623
8.41900821623
8.38760210423
8.24945239007
8.31133461856
8.29967347829
8.18045825616
8.11773015077
8.08167966294
8.00903794142
7.97331143357
7.94731225892
7.87464415033
7.90926102092
7.89736475897
7.87590297491
7.92846936369
7.99979078815
7.88970928652
7.92972848539
7.90722354462
7.81597721508
7.83926689687
7.83549928314
7.79929035243
7.78590769196
7.75933924944
7.77369143198
7.81923233595
7.85228782152
7.87909957528
7.79993155367
7.77687272148
7.76005027828
7.86682020608
7.80739301929
7.71587364391
7.66260269454
7.58891122324
7.62188311272
7.60781164886
7.51990065602
7.54663136649
7.5815386274
7.53950620509
7.53640030173
7.50845409865
7.51952011599
7.56545338274
7.54931864482
7.6380665572
7.55805277987
7.45945531978
7.42287779198
7.40490339774
7.33433331119
7.39132775572
7.31205039713
7.4692323527
7.40794597177
7.32819672074
7.33168871636
7.34922964404
7.33191282013
7.25895227959
7.32818638269
7.24290046397
7.34804153618
7.26217854844
7.28132329587
7.25724368364
7.39983529565
7.3819384169
7.32085659633
7.29063130333
7.18024242718
7.23634873553
7.27494818769
7.17595211203
7.11140151692
6.98005016997
7.15570867525
7.13785366254
7.07075900738
7.02214202992
7.10889404815
7.06029952215
7.01171618888
6.91395702655
6.90756565279
6.78612539373
6.70072171681
6.70747873782
6.71571827755
6.73940521184
6.75229617425
6.73449840643
6.80260547326
6.75414383229
6.65686153015
6.74921518907
6.61272779849
6.71703035259
6.62232564853
6.56780318508
6.5745404113
6.52389627037
6.49267395739
6.54714784523
6.56997145721
6.55075916126
6.54766562685
6.43818122165
6.54150810005
6.48383418358
6.4021679215
6.45691698712
6.62673415153
6.37015350895
6.38908168471
6.44463293414
#running time =  240.64495205879211
