62.2026375404
54.196173303
48.7075690187
49.2173819039
45.8682870879
49.7945204497
46.6296519716
44.5121504069
45.4457459302
44.5099252438
43.1072121601
42.6522802928
42.9229121108
41.8727100138
42.1047974252
40.8305546819
41.7951364843
40.3892173941
39.7256066911
41.1321583242
39.7048081449
38.9355514237
39.4352282966
38.1888304179
38.246532821
37.5753830979
37.9319038326
37.0007256898
36.9744945189
37.4369307207
36.7986824347
36.6565605402
36.5147712942
36.2616315215
36.434968097
36.2068791688
35.3546656778
35.5457365721
35.196098582
34.9602071049
35.2609292433
34.9216758239
35.4829584777
35.0952172466
34.9186533092
35.1135655435
35.3233195702
34.6069452809
34.5077638601
34.257310594
34.0356082485
33.8050554781
33.9223785846
33.4901709492
33.4076936838
33.3750450748
33.1947691792
33.1133474867
33.2769108573
33.0011321212
32.8509886218
32.888454669
32.8086255434
32.8249153593
32.8888824441
32.8574889483
32.7314078893
32.6529970133
32.6690026803
32.591117404
32.6070176398
32.5296366496
32.3595648723
32.2826683086
32.2521884823
31.9455449127
31.9611530249
31.8851708845
31.6724839071
31.5059101286
31.339800159
30.9478421425
30.8729123914
30.7081459135
30.5887120291
30.3800198717
30.3952074716
30.3212429147
30.2919083407
30.12963328
29.8792898638
29.8501675025
29.8211136976
29.6603715394
29.6314517474
29.3840044212
29.0498690086
28.9340940088
28.9497121229
29.0069300107
28.84865881
28.5685789248
28.5280999892
28.2890757854
28.1749968859
28.1467484726
28.1612717734
28.0905031993
28.0198721204
28.0767780087
28.0911893717
27.9363469877
27.7395646928
27.7538957724
27.6840538241
27.698333017
27.3352823992
26.9728728481
27.0404390616
27.042941256
26.806964849
26.7795344784
26.6276761295
26.5589150634
26.2882939793
26.3801075122
26.3529024058
26.1907238952
26.1521006452
25.9084182009
25.9108758062
25.8724327432
26.2409254368
25.9781610791
25.9105805126
25.6804983198
25.6131179856
25.5874940376
25.4825100985
25.2020357916
25.1237441169
25.2067610216
25.2494185597
25.0800948895
24.9125594824
24.7435772122
24.8016966313
25.0862297243
24.5319570042
24.6363960662
24.6610781819
24.4471803033
24.343671674
24.4168698177
24.0767937905
24.1978322098
24.3187188294
24.321086205
24.2052281041
24.1288712601
23.9739847581
23.7800215756
23.743157865
23.7455080664
23.4348656968
23.3590547415
23.2833321171
23.1297228464
23.3267710781
22.9401257875
23.0201647272
23.1777339206
22.9474592034
22.7948875375
22.7032304472
22.7993997096
22.6087317687
22.4182697446
22.34355316
22.1808828792
22.1194678053
22.1167257869
22.1490523479
22.0563383613
22.0111513996
22.094167708
21.753095183
21.7660679571
21.7409108398
22.136888883
21.7009398545
21.3260791914
21.2888724189
21.1167218826
21.5161069161
21.385125785
21.2542700631
21.2368896169
21.1440299473
20.9446477947
21.4482682049
21.1298164064
20.8237546532
20.9822044936
20.5054721757
20.4696756693
20.5078955371
20.9119065825
20.408456823
20.3389645253
20.0379905298
20.1851695326
20.0251544833
20.0195277447
19.9369273719
19.8172224858
19.8371975692
19.7162119834
19.6261131316
19.5320780403
19.7164310804
19.8094103095
19.5706659445
19.9598758637
19.5056498254
19.3626105703
19.340479253
19.2764347547
19.3042434951
19.2954928971
19.1581629785
19.0817246179
19.0443299356
19.0687274585
19.1953785021
19.4080073177
19.2976326605
19.3699420982
19.2962280649
19.1861054829
19.3106941792
19.2976930052
19.1252405785
19.0014451634
18.9643901743
18.9273624704
18.926636969
18.917866635
18.8889389406
18.7072343797
18.5840977051
18.5226525456
18.6418434718
18.3074702526
18.4365914588
18.3493697317
18.000054561
18.0468438438
17.8060805372
17.5679636431
17.6591936307
17.4012222049
17.721783274
17.5083409683
17.4178437974
17.498742291
17.2934118182
17.0882180339
17.0744092418
17.42804842
17.3302925603
17.4465245379
17.4557885346
17.3226159365
17.1539446935
17.1475568867
17.2079243435
17.1106095876
16.9778628388
16.8615304836
16.7480697466
16.7927074882
16.5540800945
16.3377737376
16.3601556086
16.352811688
16.3078700664
16.4226300702
16.5913618428
16.3636293588
16.2908245369
16.2606149803
16.490751629
16.3690700748
16.0386670277
16.8283257168
16.4260153097
16.3046212478
15.6923959367
15.7198483483
15.8002594171
15.5391341509
15.5707137989
15.4511398968
15.2966912454
14.9687617244
15.0393677659
14.8837865861
14.9723412096
15.4092907718
15.0450214285
14.7505661258
14.6524634914
14.704766152
14.6038413096
14.579531119
14.6674975258
14.6003891704
14.8188236162
14.9678331931
14.7795816431
14.8328904929
15.0245613389
14.8428049241
14.8425342422
14.9765741592
14.833841961
14.8384605899
14.8998495039
14.6076223817
14.6843277815
14.7001676133
14.5783326757
14.792408051
14.5405892889
14.4678521879
14.3666681295
14.3058813995
14.1803012264
14.2002560424
14.2878065324
14.3414421027
14.3638946403
14.4439830194
14.4682779393
14.296262523
14.9121252412
14.5619677931
14.4013359898
14.5691858182
14.5207516668
14.3700647473
14.2854725973
14.2051619344
14.1206163094
14.0722983838
14.4321297128
14.2138856808
13.995744786
14.0154429358
14.1030245992
14.0960059031
14.1084442976
13.8569144978
14.0798658359
14.031773948
13.8482964967
13.8996513945
13.6811683737
13.6947156992
13.6715700749
13.8444854133
13.9225980093
13.6474122836
13.7007043402
13.4168320546
13.4026784746
13.3053584392
13.1049779135
12.9377140104
13.0403006427
13.1297080463
12.9623014113
12.976658735
13.154319269
12.8764607283
13.3608734615
13.313251055
13.1650817191
13.3608635459
13.1705207013
13.1229798491
13.4101115832
13.2622579471
13.3819620797
13.3010788655
13.2202296414
13.0392299781
12.7581634731
12.8656938614
12.7323876027
12.6589201112
12.5671608299
12.5569892283
12.4004882742
12.6767491512
12.6534595525
12.7299513696
12.7572373102
12.7647827795
12.6231670829
12.5372204302
12.8126995078
13.0126610803
12.998732315
12.8853575057
12.7057529435
12.6968442946
12.6074440912
12.4187846059
12.4617953208
12.4717169856
12.5471156797
12.6931809433
12.6079542245
12.5227604981
12.7854218276
12.5643528639
12.4752995776
12.4133193299
12.1964591277
12.3009059026
12.1878708581
12.0783797183
12.2441785117
11.9843685048
11.8955851171
11.9711870637
11.8167538799
11.9901973992
11.8886280842
11.8041945593
11.6624147502
11.9091914782
11.7231540837
11.4382623786
11.7566719409
11.599220949
11.4597602399
11.3594063785
11.2630108641
11.0530163868
11.065860078
11.0698192395
11.2720578083
10.9679006702
10.9988003237
11.1247578495
11.0339420433
11.0411158807
11.2622500482
11.1558657889
11.3024483496
11.3575826756
11.4064716061
11.5021384627
11.2724877706
11.1729853278
10.8784820412
10.8852903912
11.0045060132
11.1973914818
11.2928273224
11.2259801771
11.0618388288
11.0274651874
11.1876049503
10.9588187385
11.0216651011
11.0844902855
11.1149211208
11.1129793785
11.0786867404
11.0120647998
10.7514851625
10.7730488349
10.6832311174
10.4965495396
10.8734763555
10.4236228193
10.3888094916
10.6216935919
10.5744136516
10.4746756559
10.5462126846
10.5532996399
10.3261699319
10.4030513797
10.5315345071
10.3635972141
10.2041876925
10.3503565396
10.4386873174
10.1745721969
10.1996262531
10.482482981
10.2938597656
10.3069020334
10.3553127344
10.1174599405
9.97319043643
9.9571655038
10.165424636
10.2454993694
10.1974694507
10.0831126495
10.2360732554
10.0214587433
9.9660579755
9.99775597245
9.85904614362
9.60502058458
9.65375296996
9.63778719614
9.9103818105
9.69657023872
9.961361195
9.64598537347
10.0122717287
9.60827124713
9.77689284343
9.75814505204
9.64252468453
9.84595812756
10.2915867757
9.83843894058
9.85052572645
9.62680488212
9.62998373935
9.53782398099
9.50923106689
9.32184349903
9.47768030985
9.52148437001
9.42664782519
9.35783672608
9.41958942539
9.27057462977
9.20121262081
9.38459586686
9.16169376653
9.08378844432
9.06922494874
9.0863163469
9.20461438258
9.50853899468
9.44733218268
9.31548343658
9.32429095717
9.25300842303
9.42426423478
9.3058751026
9.15118029478
9.21033447873
9.10116200429
9.08175862518
9.28789307919
8.99517923833
8.98397657545
8.99153618452
9.20429663523
9.34446289378
9.47327248628
9.19089419957
9.28717954159
9.40703955461
9.16139783998
9.3628636051
9.4037246536
9.03607475035
8.98515019342
9.11547357211
9.1248928708
9.16569887189
9.02031657144
8.94929755224
8.71945348024
8.87020382341
8.89125985781
8.91445074886
8.62432807712
8.35125259816
8.41779459453
8.27725894787
8.43437353124
8.35399231897
8.43559218567
8.34980432009
8.2174807087
8.39814537209
8.31546832046
8.55829704508
8.18921418154
8.37718561892
8.54220864111
8.36858053669
8.39915692557
8.30495587763
8.07295065294
8.26597874568
8.55709265191
8.34646829181
8.24615668609
8.40181798847
8.48158142992
8.37856888951
8.68293417592
8.70720260237
8.74551815397
8.69352566713
8.55274392336
8.5331725884
8.42703913326
8.2312787165
8.20702255479
8.26124586604
8.25064003752
8.58277244814
8.61938589188
8.56292820122
8.5607638437
8.39354618613
8.13378374294
8.1359132561
7.90354240255
8.13380633454
7.87058072984
8.19783438049
8.34471912457
8.46292994275
8.24079669427
8.0969193318
7.99527309718
8.07974510774
8.51990405333
8.32689312428
8.4887107656
8.32322315061
7.97420263916
8.14024241524
8.3649398298
7.92351568425
8.00758120452
7.76110577082
7.89483535028
7.88810687396
8.21152167004
8.83764525816
8.08536251382
8.10902904453
8.301500049
8.48844798
8.30972850928
8.2758812465
8.39585744192
8.02520487947
7.92341138995
8.01746142534
8.19879685502
7.50851239114
7.76678117339
7.85707954506
7.82453041101
7.90293565699
7.98580612963
7.55929579026
7.8884927501
7.99307965392
8.1264788115
7.6674737992
7.59325943087
7.53906808484
7.46247445382
7.57383302878
7.57479184847
7.68323453469
7.37361870891
7.41389043665
7.21670605845
7.3946256585
7.14283135277
7.24649077607
7.09302723907
7.34541360674
7.45033970703
7.28675208256
7.88844239533
8.10567240824
7.9312214201
7.90778593536
7.62886946073
7.54807306655
7.55927588552
7.49401405401
7.55072469732
7.56898399523
7.83778628518
7.98465118738
8.13148456035
8.05897121741
8.24229644149
8.2368165569
8.29221246063
8.1954424274
8.06826861019
8.00195758799
7.75319189649
7.42691114654
7.31751428922
7.33137287853
7.14587937034
7.12975883097
7.55284579322
7.31953214595
7.46441012446
7.39823849521
7.22739054523
7.57388827749
7.65482610719
7.81408824949
7.98207443363
7.57063022964
7.6839891713
7.37426229701
7.44273438355
7.43381392239
7.36847805283
7.50875092868
7.53399782355
7.61234077905
7.40053002715
7.62406628418
7.43384695611
7.36610919922
7.51049926867
7.57255655261
7.50546074456
7.5119120247
7.58226176624
7.78754771462
8.05269491573
8.08450962039
7.52619791098
7.61390587926
7.18251313412
7.43643674976
7.36597238498
7.66403495325
7.85474072842
7.50634256189
7.30524867403
6.99600830376
7.27474546977
7.15866919037
7.18967771411
7.46969569818
7.23044196468
7.43119864413
7.39441244849
7.3821370177
7.52131697362
7.22839693436
7.27170353036
7.07899209665
7.26199633842
7.13638481522
7.40332011822
7.03744508689
7.20826859228
7.08452194102
7.09999211349
6.73376773314
6.68127089604
6.982893282
6.88271248031
7.34684150164
7.44832085373
7.24559202617
7.13332044884
7.19735065094
7.25953421666
7.01650982685
7.17589751311
7.02850408987
7.17358008466
7.05252367997
6.8886919168
7.10916931702
6.97269191731
7.06526587679
6.92010264151
7.04389990338
7.05263989354
7.33359810937
7.15964512014
7.17578060161
7.0907496103
7.17956005555
7.05408719647
7.47775195902
6.85433754112
7.22914323567
7.14445042887
7.2288840137
7.2882234018
7.09405979232
6.84474523408
6.78194017548
7.14762665828
7.11164341918
7.25106395419
7.19387371367
7.23197921364
6.97135050573
6.84945629356
6.6491007416
6.86012492511
6.74555085365
6.63463072219
6.68409180399
6.58407549045
6.71737961803
6.93880906706
6.70568268471
6.44419281282
6.37544578344
6.32383730834
6.47730213536
6.55339078901
6.71982519475
6.9056982484
6.88797212048
7.08041176048
6.85526975524
7.03665552128
7.05267521792
7.40047823432
7.26382845621
7.31496734121
7.19490858983
7.49770040382
7.07823261871
7.12155016412
6.87713373255
6.64265591197
6.84983478759
6.87719501689
6.84752828383
6.85954471611
7.05662738909
6.5529943455
6.65630292685
6.73566625072
6.75620941007
6.73196298923
6.4623075208
6.47481618814
6.68737333866
6.69328336847
6.64495932738
6.66378660996
6.84748593635
7.01573070481
7.01514023126
6.89647505669
6.95491224276
7.04661607564
7.04720615189
7.10066604713
6.95260654736
6.98150575847
6.97936638663
7.01501029552
7.12052805425
7.2271121826
7.08495300479
6.74380413314
6.79768496919
6.8451090783
6.52766136562
6.54174600641
6.59032509034
6.75297537729
6.66567269221
6.71804149487
6.76294458342
6.78191617726
6.86719420452
6.86690718151
6.95935725716
6.77274277456
6.85481369048
6.78535568083
6.74419710666
7.12804524937
6.94512829786
7.29228155787
6.93288836287
6.79727413918
6.91292768279
6.65435179289
6.87642285082
6.82772700886
6.80836911622
6.82201284222
6.61892102001
6.67224866719
6.60718100905
6.67222764711
6.56757282497
6.55538325758
6.44766931036
6.44238822102
6.46892633832
6.7284066273
6.90678856348
7.08166981391
7.23915105541
7.12299706892
7.15868910313
7.31107427766
6.93970135682
6.93075088491
6.56468990832
6.64244932082
6.64123986327
6.50276492636
6.66355694239
6.73948925974
6.69785354435
6.70527041382
6.66376216309
6.71435573157
6.53759772357
6.53545326487
6.4860172518
6.42958261734
6.2542790746
6.3513578932
6.26552071042
6.09945274204
6.30014172997
6.48496349951
6.351188825
6.42659304608
6.52857731924
6.43323125603
6.62087340485
6.67575126142
6.85973389577
6.99633902126
6.99623825204
6.90629451057
7.01919502709
7.05504016462
7.03710757694
7.14706750126
7.05341200131
6.55180992441
6.63521435846
6.59393142325
6.55265465779
6.60961322392
6.67739764523
6.64223648217
6.77496504345
6.89787553718
6.54912347039
6.70033433661
6.73248847143
6.80011939079
6.57812908639
6.53008627459
6.49584686215
6.54728188245
6.74975712666
6.86519167243
6.77761348338
6.58601147824
6.54419283717
6.44802060317
6.45258471642
6.37782093094
6.25654569346
6.00600034004
5.96848598034
5.87935930332
5.97202927646
6.00840908923
6.07811875643
6.40852606323
6.62628240123
6.32218965788
6.16371538822
6.52724475872
6.27639812272
6.46809590472
6.28806440084
6.33400618044
6.32846664618
6.2348000432
6.11427143156
6.07286125598
6.10918983389
6.06932634397
6.16797873221
6.20725195364
6.12304832388
6.2564286597
6.38979013138
6.56842983368
6.08597678567
6.12601203107
6.25860009325
6.30464233355
6.18523757854
6.19537724053
6.36964151012
6.38248860949
6.49808001904
6.65803777487
6.70651697874
6.91226704111
6.72544532225
6.80552456703
6.5533374579
6.65614390492
6.66155155809
6.68285579179
6.7617281239
6.78860852662
6.6142177912
6.42273623565
6.50052896793
6.55288251409
6.51906013127
6.68215876142
6.79610237513
6.53981719047
6.33227129817
6.35710481405
6.69322116874
6.77310223527
6.82762159834
6.81555652184
6.86093802093
6.7811315109
6.71681550673
6.6811491356
6.77365773348
6.53077874897
6.64040945684
6.72133010808
6.55578559676
6.52681209313
6.5618061816
6.53799400232
6.47408409776
6.77960082488
6.91859625086
6.44743256167
6.71199331697
6.40006357067
6.30443818369
6.39920458693
6.78445913183
6.64839288716
6.5347004966
6.53482464757
6.45986481367
6.17417369321
6.38797866255
6.45855846349
6.61553344494
6.55769053118
6.48502751489
6.37369025413
6.46120615239
6.37506198412
6.56566580856
6.51534518688
6.56796258692
6.29308956288
6.26166514023
6.38298144191
6.54235039154
6.51553233304
6.62464158524
6.56966584271
6.81650462953
6.81022329601
6.71919994911
6.66039904702
6.68722705996
6.71458153625
6.69251715045
6.6972697702
6.7754302715
6.68316075834
6.60037824616
6.58965075509
6.83124412754
6.96636939254
7.21549255583
7.17958236283
7.17217326864
7.10777935251
7.20573940487
7.26389053614
7.51282330018
7.14268799146
7.12581678556
7.28161988481
7.28312896866
7.07306487204
7.06224992988
7.29620898758
7.03219003603
7.36354918718
7.36693395287
7.25487067139
7.13151529853
7.30204949178
7.34355985529
7.47034961284
7.41131101917
7.21013839582
7.16849277838
7.13789878473
7.09572887132
6.94540973117
6.94226527629
7.10171876314
7.26702128063
7.32456477188
7.13353188219
6.90556446013
6.96553213597
7.10345304762
7.15623108481
7.03877186129
7.15044035733
7.28860237697
7.37198468532
7.22379906971
7.06927259118
7.06727341678
6.94224308867
6.93328412225
6.87489286327
6.78251408339
6.6084517705
6.46515175654
6.47515194657
6.40249750315
6.56212871492
6.75157842569
6.6372872145
6.58808696069
6.56254601897
6.56713257228
6.55378734833
6.66193827865
6.41313485025
6.26668646414
6.47584711423
6.75555849819
6.71318404089
6.82167620232
6.71713724403
6.61342382839
6.58346258946
6.66258063533
6.83440189241
6.5439286385
6.39266852615
6.10170916321
6.08121261275
6.08990544296
6.25905861076
6.53041610725
6.46135494323
6.50870641121
6.56748243935
6.60486970479
6.66638581991
6.60758097241
6.84102569424
6.80773973621
6.7016187193
6.73395731614
6.72324188292
6.76891811557
6.87097281431
6.88844975228
6.99048059991
6.63759984614
6.7482804555
6.67652669635
6.55313254139
6.54514709243
6.69245333647
6.72427340345
6.79806365416
6.90248108923
6.88316983673
6.67542779903
6.70098844623
7.00324242772
6.92572345748
6.85462766999
7.06566624649
7.2552615845
7.27607529914
7.43750369597
6.79717394032
6.88858231907
6.68447647731
6.73811577485
6.60601133374
6.96357438664
6.98822000643
6.67730252036
6.61171604314
6.62110230352
6.57239042127
6.66507074743
6.41031077549
6.3333754591
6.45297668527
6.44427085547
6.60790603849
6.64326906316
6.59443991601
6.71485327579
6.55942076822
6.45487651531
6.38196610273
6.28356002049
6.32673136704
5.99278431475
5.9997046244
5.95913018632
6.01263136302
6.04447619311
6.18336412484
6.12809948501
6.10736559797
6.1986966173
6.2461260947
6.26148559879
5.97904985739
6.0870859402
6.11224191505
5.96316952528
6.15081569894
6.10770981434
6.26416470929
6.50991443852
6.41138074098
6.46453989327
6.57364405358
6.6815564349
6.59820796852
6.67740242007
6.67245912987
6.52505569599
6.6829909054
6.60383173655
6.77977572461
6.70208060497
6.7885214272
6.71558968107
6.8288934055
6.96590281126
6.99327684834
7.04857757749
6.93631250686
6.95402874625
7.33749072051
7.11470849302
7.1990104571
7.42286105519
7.31815376474
7.3681512449
7.36870929547
7.37670982766
7.69975166473
7.57306938848
7.19539001762
7.07139242121
7.04438101999
7.09810141619
7.02394430845
7.17683599014
7.0116438416
6.8274998604
6.9231352741
6.84010127203
7.06935597332
6.56265797535
6.46797443624
6.54540279858
6.20508828073
6.3834726514
6.52408668918
6.07962132046
6.10193583884
6.36545944133
6.35726705665
6.60369412761
6.81860642162
6.74059998599
6.75339701666
6.71055927896
6.72335362536
6.73614663156
6.78122353045
6.73897438374
6.71708874137
6.5641928271
6.63368372119
6.57588176963
6.46638693583
6.24575279021
6.35855902686
6.4386931425
6.54010744882
6.42003012834
6.44854543522
6.88393464973
6.46797728089
6.32970934677
6.32788079642
6.27256143518
6.24020000976
6.25167835938
6.50158999467
6.30014323711
6.18195108329
6.21697406717
6.19668808706
6.32704776898
6.15822173733
6.31073908182
6.13870197995
6.08829678134
6.26081557085
6.25515313463
6.14484233121
5.99109122478
6.04733122611
6.14430862299
6.01963605657
6.10721411129
6.15138222458
6.06741872438
6.1979384334
5.94741734852
5.95065076231
5.93016356799
5.8289929369
5.91868416769
5.77478998507
5.90118965219
6.46261022386
6.09108980498
6.22618456723
6.05010403216
6.13047800259
5.9964195895
6.0764840322
5.93558200851
6.08801010579
6.29673323273
6.46757184416
6.4717606593
6.25045217041
6.21682370991
6.06926461488
6.21602256517
6.08285895509
6.30882790983
6.28617800865
6.01495847312
6.08283925891
6.01418602416
5.95250795771
6.22720660628
6.09913490591
6.24560060603
6.64596611324
6.46038711483
6.14249291995
6.07648617796
5.97352153607
6.02230712714
6.12055342594
6.5041431703
6.52397114455
6.60075369612
6.68512710191
6.69627430004
6.65222437861
6.61645188607
6.62364786279
6.77412320971
6.81730703739
6.68925739372
7.19785925858
6.68710276613
6.67079423783
6.87769744276
7.05561164976
7.01320276216
6.8724357609
7.13620118619
7.05980427713
7.11415863288
6.87703628336
6.81417787858
6.71345583677
6.69495071203
6.68119351038
6.61241409363
6.77322813334
6.93778624704
7.26745106495
7.34280447251
7.00879460236
6.89706514831
7.00108036848
6.85977787352
6.60122906607
6.60148139943
6.65180110098
6.76869858455
6.70798710865
6.48842869732
6.5184193603
6.48075801768
6.96225565188
6.72985102781
7.04093794182
7.05155110956
6.97448911596
7.01513748173
7.1223600616
7.28789276781
7.43791057108
7.20262887029
7.27099782025
7.11329878197
7.08380417134
7.07931533268
7.07782778789
7.01153985293
6.97369190469
7.06169346665
7.1070348342
7.20142561767
6.79888702075
6.92157400861
6.95678142682
6.98581344204
7.23451948066
6.67275598954
6.85085961566
6.64537445975
6.73846579721
6.37534453768
6.54944544612
6.65187617071
6.64475597501
6.59334592953
6.42644975903
6.3958828224
6.80082259838
6.51264718908
6.70030355777
6.52350792397
6.65589024585
6.80908855972
6.87748912148
6.6996639275
6.54057475291
6.38053572996
6.65641702259
6.567615225
6.46332943988
#running time =  50.166670083999634
#corelation =  -0.84
#corelation_est =  -0.76
#corelation_theory =  -0.817662875434
#NOTE!, T=1500
