57.8729867481
44.5833097188
36.7852236711
33.952775234
30.7720997491
28.4084559095
25.7718806574
24.9982564697
23.025802159
21.6433143808
19.890562875
20.1591623691
18.0455780403
16.6164880241
15.715267495
14.0654141473
14.2216785658
13.047141727
14.1427766536
13.1746081291
12.9478078122
12.1873866291
12.2472389569
11.7702749167
11.338205307
11.670193665
11.2517430862
11.2184211162
11.6336848599
11.4777819825
10.8846529132
10.8148595034
10.8481497424
11.3178803094
10.7755771583
10.7124068342
10.5121270981
11.2914538708
11.0983036155
10.6767952308
11.1446878959
11.0685236981
10.8362804823
10.3907754711
10.3583801314
10.0575203208
10.583812703
10.423896186
10.3427984982
10.5543710583
11.7061123429
10.8823413695
10.4458930323
10.2311204838
11.755667841
10.7261411179
11.2099747477
11.1256201272
10.2865757949
10.7124550317
10.7194222138
10.2996916534
10.8917162418
10.5435823224
11.1188568261
10.79828983
11.0552323675
10.3602315155
10.3159884705
11.4443814641
10.5657000748
10.2397576172
10.940662973
10.3573684729
10.7631350659
10.4550342185
10.0620421225
11.7959517183
10.7296046894
11.1344089526
11.1312989347
10.6712858285
10.2855821549
10.0430721224
11.1073978192
10.4001166904
10.6675805337
10.5898087805
10.3453030663
11.643412842
10.7670714495
10.4784126947
10.8243445679
11.3520945163
10.6952697735
11.7901835187
11.1951411124
10.7211886316
10.8069670577
11.0605626776
11.7492884619
11.0944532166
10.8857958759
10.7431210516
10.8292566024
11.4272770902
11.1487715573
11.5201036657
11.362386413
12.0511845804
11.2371300775
11.0799888969
10.9526716534
10.7712471667
11.4130768797
10.591449535
12.009122653
11.4944661725
11.41901267
11.914050706
11.2253499311
11.2655530888
11.7612595447
11.5002727856
11.636835551
11.4014260492
11.3964502755
11.5562002633
11.4653042799
11.3077015361
12.183584892
11.2030861952
11.6922184409
11.3709875453
11.0539351633
11.0235705098
10.9938669345
11.2524200845
11.3930126106
11.1583181771
10.8718062574
11.1513653001
11.3833384951
11.9452048359
11.6496071879
11.0327206219
11.5623792695
11.4130080203
11.4693069102
11.2208851936
10.8406833732
10.6953710078
10.6158587665
11.409369325
11.2746528989
11.7604678805
11.2416618657
12.2621331043
11.5161575784
10.9990390205
11.5357085616
11.4430885718
11.0296838509
11.3729310149
11.7263666626
11.2615829299
10.9749824732
11.2897196775
10.8639687851
11.1716569369
10.6094855463
10.5958801748
11.6545734368
11.0592837299
11.4464953776
10.8126112485
11.9176472141
12.0087054608
11.4901433731
11.5010576303
11.4004544031
12.1260652461
11.4140982839
11.0127332577
11.7121996545
11.5976503287
11.0904853111
11.6720475227
11.4203558421
12.1601324713
11.6604400194
12.0826491783
11.9037915613
12.8816598728
12.0949423911
11.7947475481
11.906223717
11.6373971426
12.1792440586
12.113946853
13.1970742784
12.713874312
11.9801495785
12.3586525289
12.1859725078
12.094516975
11.7218594444
11.9145612392
12.4102524658
11.934870751
11.9330060406
12.3112180853
12.4656873169
12.1702720006
11.6945706497
11.6981224076
11.2333663003
13.1215180534
11.8325069689
12.3580097112
11.5356197599
11.1590401865
11.4431014376
11.1007692654
11.0060644632
11.1049783956
11.8012886187
11.6196516643
11.074838319
10.895555564
11.7306651634
11.2323688641
11.0799971028
10.7272528119
11.941459317
11.9930048489
11.385706584
11.5512732964
11.8714082554
11.3771072159
11.9124183135
11.4778301977
11.3221531319
11.6988376866
11.2221573985
11.3903539168
11.1293483869
11.2823447989
11.6753566916
11.4100476987
11.9012113602
11.2908109493
11.2177418509
10.9091887256
11.2687508699
10.7004906794
10.9541570066
10.9142956438
11.6691522208
11.2007955417
11.2179086232
10.7599328639
11.2784193867
11.0153373448
11.3321236294
11.1708002927
10.7592771003
10.650747954
10.548486092
11.3759997762
11.081092435
10.5218118164
10.7292335083
10.6253463242
10.4433708972
10.617060732
10.4745117669
10.2876849441
10.9109850479
11.0693352008
10.6883221159
10.4725616816
10.5328812754
10.4807459942
11.0126509076
10.7143621998
10.5122529532
10.7792957606
10.8867709163
10.5367932427
10.8720823479
10.6292713755
10.4621560972
10.6666483196
10.3533716732
10.9292722213
10.6697584298
11.584470256
10.5507414736
10.9777145596
10.4031605199
10.9608979167
10.7733205926
11.1609797532
11.1372013044
10.7811293942
11.1444181289
10.7617475882
11.7992829525
12.2202438976
11.054138745
10.8983112529
10.8105689907
11.1108981557
11.6270122416
10.7897799589
10.6397864415
10.5702085089
10.4188484683
10.390781314
11.2395792242
10.7675532981
10.9122704422
10.8422763144
10.7672042162
10.5367833135
11.4704703386
10.6132082816
11.0038057424
10.4583485034
11.2078649103
11.7780227181
11.5580635761
10.8996816855
10.4655357633
10.4168412974
10.9228163358
10.9745542265
11.7706442816
10.8950775422
10.7998736356
11.5527787758
11.1959102947
11.06675352
11.8865957643
11.2651118672
11.0463163588
11.1292724557
10.8579734671
11.030684087
10.7399872676
10.9911623462
11.1030809926
10.6082323981
10.9243911793
10.9225410615
12.0500674676
11.2503481192
11.2878360273
11.1618469097
11.3881896129
11.6349514535
11.3827119531
11.9498707679
11.7968903901
11.5788361757
11.968432411
11.8803151448
11.5552367676
11.8494287771
11.4810103281
11.8544851317
11.4346855871
11.5215197262
11.7812085495
11.5026303032
12.0238059892
11.3350202951
11.5206206631
11.4209475429
12.182289058
11.9070232738
12.0584519341
12.1877820391
11.8987206766
11.9202272719
11.8074013063
11.6609396607
11.6753385747
11.8586483711
11.8176883854
11.8504222695
11.9432140115
11.9596374589
11.9189676556
11.6415755365
12.0292479467
11.6856163946
11.9444760031
11.6718118316
11.5300091686
11.7358830037
11.5823211655
11.3196739384
11.5787541894
11.2530236068
11.3060403219
11.5587824542
11.4147857094
11.3292510543
11.0726625949
11.0550936087
10.9675556585
11.21132121
11.4245075514
11.2717024682
11.3581962589
11.3153455476
11.5142869995
10.9576691352
11.1611976826
11.3411706346
11.6530109902
11.0925885306
11.6043671884
12.5775501316
11.773228049
11.3922432733
12.1390994888
11.9172257719
12.2187241221
12.0696900407
11.9809422963
12.2858968106
11.5754348662
12.1399885688
12.0119000699
11.4743898745
11.33078144
11.4139146273
11.2643383857
11.7322365341
11.7662201553
11.1828780561
11.4781114949
12.2004624207
11.799003724
11.9509762391
11.6501419957
11.1776626189
11.6830656409
12.0935713132
11.6593776075
11.2947408141
11.1136075667
11.257534
11.5079468216
11.5257644792
11.3519536651
11.5652328409
11.5671850063
11.9430040159
12.0938664056
11.8338315875
11.9586863086
11.6784624266
11.7631074446
11.6409986307
11.626833239
11.5840624676
11.695022135
11.6317819692
11.4397452246
10.9634948132
11.7441230802
11.3040087632
11.0813329377
11.0508870303
11.1388930188
10.9173124357
10.8577891968
10.8494661579
11.5265130832
11.0796917869
11.4409554232
11.3679680912
11.1453900978
11.1865589386
11.3085367797
10.6311647964
11.101915103
10.9508779737
10.5811578596
10.4752934309
10.4558468244
10.8272653511
10.515974538
10.8044018082
11.3460225288
11.1898919589
10.7960167743
10.5454949936
10.5708930175
10.5950006409
10.3374413293
10.7173919796
11.0423819432
11.4036784674
10.7534001686
10.76814657
10.9516819376
10.4184115913
10.4652096644
10.3174352324
10.0778330474
10.4781825182
10.5210917678
10.1052196236
10.3724664973
10.170529939
10.1971671572
10.0366314757
10.0138254773
10.3704324557
10.6767156956
10.0525659593
10.5232467832
10.7949225071
10.3928462269
10.1400944231
10.7710555493
10.7759762055
10.2712417174
10.6373444393
10.8989979168
10.3828741946
10.2819992444
11.1722272087
10.846504074
10.8006386399
10.5013559943
10.64408149
11.2857987021
10.9085120541
10.8934625634
10.7200380039
10.4189043471
10.2759309229
9.85102979547
9.93255094894
9.85853766686
9.70706822715
9.90960640211
10.1507256638
10.6431684055
11.3098587979
10.9752279436
11.0084989256
11.2171520534
11.3628590772
11.1007393245
11.5278263241
11.3593443656
11.9369309553
11.7005402703
11.6450832942
11.3201935237
11.6133147523
12.061255096
12.1539530935
12.0878976315
12.4637838217
12.455853502
12.542473363
12.1834500432
12.1206964317
11.9704625652
11.8647750692
12.1202387363
12.1202349854
11.3976959371
11.1304026356
11.3037104937
11.2519688682
11.2072715811
10.6838827075
11.2074590513
10.8875842179
10.9897441884
11.212843682
11.0071050672
10.8741865601
10.636137354
10.796374376
10.6976866637
10.7998782345
11.050595476
10.7728745066
11.0489809117
10.9244382427
10.8028662171
10.879673424
11.15453161
10.9960273727
10.8512450856
11.0592750593
10.5054793249
10.6778878402
10.4859733739
10.2270671279
10.0770992678
9.96080123362
9.99194142592
10.3976734589
10.336058617
10.0197299914
10.6175723475
10.3670020981
10.340249659
10.3701890306
10.4639544809
10.8087562266
10.7701745248
10.7970400982
10.4809051012
10.4492186855
10.6697783871
10.4415121119
10.6512402457
10.8886845376
10.9389440928
10.455886055
10.4068989218
10.1547468164
10.4512834778
10.7822653345
10.7659976973
10.9182290867
10.5869381538
10.3880446467
10.5515023888
10.59308045
10.4175453651
10.6828498737
10.8580259353
10.9257289578
10.4009765
10.432465106
10.3762156141
10.3544561144
10.6249656962
10.5384647262
10.8512435598
10.0728188915
10.7106156146
10.6188938908
9.92051826332
10.2062877643
9.97707412071
10.1409376941
9.78741770153
9.56369501722
10.025186146
9.637078297
9.7286474057
9.88121320187
9.90697953393
9.67177505249
9.8023676088
9.89256084813
9.90649696824
10.0267529124
9.98236553975
9.89477885464
9.76357192546
10.0517963161
10.167103451
10.3258446587
10.2229727601
10.1840149269
9.96871888865
10.321134889
10.023004418
9.94852605268
9.99769974924
10.2499330263
10.4067606126
10.6875955295
10.3384583066
10.201745747
10.5133005685
10.0859709186
10.413122117
10.3022404395
10.0712479303
10.7004135558
10.579152898
10.3433715974
10.7262728303
10.6315095183
10.6010508404
10.777790007
11.2985062512
10.9877729238
11.108698112
11.0262764589
10.7197757171
10.9208709502
10.8598096649
11.1043213075
11.2767290154
11.1865951272
11.3596588481
11.4342039417
11.1029879853
11.0089512299
11.1358348886
11.0053551508
11.022591198
10.669138485
10.7458756808
10.4212343394
10.6774473914
10.6981354736
11.0173136411
10.58361064
10.6829123803
10.5197088351
10.321265453
10.6109856812
10.6666123703
10.8549591737
11.2757182813
11.4913833479
11.0445894521
11.0499723497
10.7908321186
10.9746305565
10.8297064227
10.7791880035
11.1214350529
10.9441249032
11.1022587539
10.8791435367
11.0845668507
11.0782433666
11.0944799153
10.8344244742
10.582112713
11.0011795667
11.278992536
11.1902405033
10.9217244742
10.485085176
10.7743673345
10.6524571236
10.4682556051
10.6932488937
10.4400018008
10.3507730298
10.9951931283
11.1860921213
10.8530972221
10.460893065
10.1292049027
10.1133837396
10.4154989848
10.4071009408
10.3053451342
10.216430313
10.3939454829
10.2346342864
10.1572489724
10.6783227626
10.2918837644
9.82555070171
10.081009233
9.93620609035
10.0700837342
10.6581772322
10.5215857835
10.4743683527
10.265725794
10.5816441759
10.5639202846
10.726423416
10.7365227754
10.7464688175
10.8609245164
10.482531687
10.4547907639
10.0665194227
10.0846755103
10.3846042506
10.4245709814
10.4852094437
10.0384074448
10.3831680038
10.2332151751
10.1365532998
#running time =  30.27133584022522
#corelation =  -0.776
#corelation_est =  -0.636
#corelation_theory =  -0.817662875434
