theta = 
 [[ 0  2  3  4  5  6  7  8]
 [ 2  0  6  8 10 12 14 16]
 [ 3  6  0 12 15 18 21 24]
 [ 4  8 12  0 20 24 28 32]
 [ 5 10 15 20  0 30 35 40]
 [ 6 12 18 24 30  0 42 48]
 [ 7 14 21 28 35 42  0 56]
 [ 8 16 24 32 40 48 56  0]]
theta_est = 
 [[ 4.39050803  5.72151493  4.82210701  4.35906546  3.38923839  5.1671529
   3.50069769  7.13418401]
 [ 7.70930208  3.06753215  6.3338003   4.23115936  4.54435649  7.40477311
   0.56828847  0.6970344 ]
 [ 0.16174718  6.66095876  6.22525401  6.96009719  7.82894674  6.39326851
   3.6918349   6.24423341]
 [ 0.94619541  5.11936817  1.1468263   7.55735134  4.17478657  3.31729552
   2.1164449   6.19386952]
 [ 3.64920266  4.54747159  0.1503184   4.94108398  4.89676578  4.93547197
   7.54998463  5.45456239]
 [ 2.8760632   3.49625563  5.58104957  0.48180377  5.33413372  5.36510296
   1.68306049  1.03141038]
 [ 2.52342681  2.90968617  4.56157416  3.50881211  7.9069907   0.81635849
   1.67101405  1.29047614]
 [ 5.2248666   2.02633282  3.73048618  1.95540474  1.27175667  0.88300113
   5.25063672  1.10546361]]
901.242158235
899.727877222
896.439854412
891.014094184
888.526956581
887.349205205
886.024547691
883.218421116
881.357479851
877.985990438
874.839395544
872.935049595
871.483126135
870.475726901
867.792772908
865.173063368
862.953986273
861.698915502
858.733484794
856.510950487
854.335845144
851.361214091
848.69858778
847.039081517
843.669606455
841.043031704
838.383885956
835.924414499
833.626939784
831.411085037
828.71604649
826.936216104
826.2455378
823.605751017
822.50647315
820.782600371
817.772481643
814.869500456
812.567590644
811.791691546
810.231052555
807.822566165
805.365601301
803.548151652
801.057097156
798.999306611
798.425848706
796.787234126
794.657967981
792.243795319
789.226773593
786.603723375
784.264612873
781.768341768
780.550499057
777.82544063
774.845310046
774.42262874
772.865521927
771.217070859
769.247706348
768.195132703
767.511726966
764.752012909
764.667904263
762.29044365
761.368429044
759.260968898
759.181654297
757.522621151
756.727790819
755.821602516
754.514300633
752.242987614
749.882034484
748.821987373
747.424124838
744.822386213
743.940329057
743.134439286
741.494580075
739.692050765
737.086265472
735.952447619
734.99334944
734.186991662
733.020105912
731.999739614
730.072296366
729.851758959
728.847153585
726.874707532
725.332583071
723.554761827
723.092615373
720.975661793
719.997386053
719.063549397
716.089689979
716.372138047
714.913259621
712.523648489
713.044272378
711.633998616
710.324415879
710.415840051
710.481274293
709.906448636
707.372246164
706.484328096
706.180039174
704.521516284
704.449451056
703.073250403
701.164008397
700.529435977
698.787610252
698.874711995
697.900103013
697.514876923
696.175544662
694.186671339
691.951302606
691.113468919
690.089610582
689.223891999
687.679754813
686.728833441
685.623844227
685.317314335
684.658769036
682.796703583
681.442602929
680.133581922
677.985011712
676.74804601
676.000196353
673.377237856
672.496679674
671.108086585
670.512400654
670.220074615
669.259366226
667.695176259
665.745827655
665.670854169
665.014624434
664.192582137
663.528881714
661.54676471
660.07146354
658.921230528
657.534248198
656.424898375
655.135047518
653.808979141
653.101205684
652.31864795
650.415342372
650.460829316
649.045804186
648.016173935
646.710397632
644.841859869
644.527694491
644.749072838
643.895806621
643.591793959
644.253273832
643.324408631
642.419639979
641.715112292
641.412587016
640.114081763
639.16561671
638.58065206
636.759322413
635.925629117
635.061812184
634.220332205
634.666364328
632.9850524
630.601079281
629.410079549
628.325284411
627.17914523
626.052992482
624.021314049
622.725411449
622.534314211
622.523311633
621.872841607
621.615976907
620.257209764
619.908344484
619.32515008
618.434363657
616.884683159
615.644186354
614.646781386
613.451807336
612.334857595
611.416374408
609.222926403
610.017568786
608.486558939
607.217014666
605.034018637
604.361828677
604.864746777
603.619415958
601.535806172
599.900890448
599.38786129
598.486050999
598.100352896
597.839815915
596.820530545
597.033657691
595.939108963
596.711483476
596.462527221
596.087078897
596.036959279
594.946098083
593.884829471
593.143856785
590.806087058
590.151681232
588.953651984
587.603758085
587.388539541
586.296733886
585.475455829
583.776883049
582.543382563
581.190773348
581.792247255
581.573261995
580.127810303
578.779770489
578.949610091
576.974628487
576.458198671
575.076354373
572.96585593
571.128070945
570.115019628
568.914453614
568.071127954
567.052138442
565.388057164
564.581903989
564.585711003
563.265208642
562.746715504
561.030210572
559.021725523
558.570320673
558.255169561
557.507891218
557.835418434
556.893693706
555.619276459
554.421532287
552.264554845
549.41798507
548.804519373
548.733384716
548.067673369
546.956016256
545.919899685
544.964538519
544.429184613
542.060659116
539.273733861
537.082624609
536.377473516
536.207182005
536.44223909
536.420416985
533.872760408
532.738683843
531.634067033
531.14030794
530.252130349
529.200008574
528.946247356
527.820469744
528.005971967
528.001083285
526.597501998
523.973906186
522.45367166
521.832992268
521.912803041
521.652689291
521.789048154
522.769371742
523.347224219
theta_est = 
 [[  6.59907505   2.07454462   3.66370205   7.97108497   4.33585564
    3.79211077   9.46762852   0.21990839]
 [  4.67650947   5.6884862    5.7627575    3.04246418   9.52820601
    8.02375163   6.7005797   14.92222801]
 [ -1.50474874   5.76163254   8.30004844   8.27231159   7.95339263
   10.1769064   11.67873604  19.54237352]
 [  5.04189696   4.82977239   2.08136074  10.24150222   6.89015019
   10.56146845  14.54494412  18.59972546]
 [  4.34184821   9.26596816   0.53975276   7.52806135   7.59142793
   17.50943154  16.62312213  23.10384591]
 [  1.65521777   4.57580059   9.69463942   7.5804461   17.86069295
    8.33747468  24.82502566  31.90942947]
 [  8.21057967   9.04328725  12.84195992  16.0454928   17.12751121
   24.09382618   4.57165481  37.39668401]
 [ -1.43021398  16.63798771  17.89947794  14.82671405  18.37726898
   31.51858036  40.6767048    3.42008362]]
