29.2156631135
29.2160231135
29.2164227135
29.2168227095
29.2172227094
29.2176227094
29.2180227094
29.2184227094
29.2188227094
29.2192227094
29.2196227094
29.2200227094
29.2204227094
29.2208227094
29.2212227094
29.2216227094
29.2220227094
29.2224227094
29.2188227094
29.2191827094
29.2195823094
29.2199823054
29.2203823054
29.2207823054
29.2211823054
29.2215823054
29.2219823054
29.2223823054
29.2227823054
29.2231823054
29.2235823054
29.2239823054
29.2243823054
29.2247823054
29.2251823054
29.2255823054
29.2219823054
29.2223423054
29.2227419054
29.2231419014
29.2235419014
29.2239419014
29.2243419014
29.2247419014
29.2251419014
29.2255419014
29.2259419014
29.2263419014
29.2267419014
29.2271419014
29.2275419014
29.2279419014
29.2283419014
29.2287419014
29.2251419014
29.2255019014
29.2259015014
29.2263014974
29.2267014973
29.2271014973
29.2275014973
29.2279014973
29.2283014973
29.2447014973
29.2452614973
29.2456630973
29.2460631133
29.2464631135
29.2468631135
29.2472631135
29.2476631135
29.2480631135
29.2444631135
29.2448231135
29.2452227135
29.2456227095
29.2460227094
29.2464227094
29.2468227094
29.2472227094
29.2476227094
29.2480227094
29.2484227094
29.2488227094
29.2492227094
29.2496227094
29.2500227094
29.2504227094
29.2508227094
29.2512227094
29.2476227094
29.2479827094
29.2483823094
29.2487823054
29.2491823054
29.2495823054
29.2499823054
29.2503823054
29.2507823054
29.2511823054
29.2515823054
29.2519823054
29.2523823054
29.2527823054
29.2531823054
29.2535823054
29.2539823054
29.2543823054
29.2547823054
29.2511823054
29.2515423054
29.2519419054
29.2523419014
29.2527419014
29.2531419014
29.2535419014
29.2539419014
29.2543419014
29.2387419014
29.2389819014
29.2393803014
29.2397802854
29.2401802852
29.2405802852
29.2409802852
29.2413802852
29.2417802852
29.2221802852
29.2223802852
29.2227782852
29.2231782652
29.223578265
29.223978265
29.224378265
29.224778265
29.225178265
29.209578265
29.209818265
29.210216665
29.210616649
29.2110166488
29.2114166488
29.2118166488
29.2122166488
29.2126166488
29.2250166488
29.2255366488
29.2259378488
29.2263378608
29.226737861
29.227137861
29.227537861
29.227937861
29.228337861
29.228737861
29.229137861
29.229537861
29.229937861
29.230337861
29.230737861
29.231137861
29.231537861
29.231937861
29.228337861
29.228697861
29.229097461
29.229497457
29.2298974569
29.2302974569
29.2306974569
29.2310974569
29.2314974569
29.2318974569
29.2322974569
29.2326974569
29.2330974569
29.2334974569
29.2338974569
29.2342974569
29.2346974569
29.2350974569
29.2314974569
29.2318574569
29.2322570569
29.2326570529
29.2330570529
29.2334570529
29.2338570529
29.2342570529
29.2346570529
29.2190570529
29.2192970529
29.2196954529
29.2200954369
29.2204954367
29.2208954367
29.2212954367
29.2217158358
29.2223158358
29.2049158358
29.1875158358
29.1879358358
29.1885340358
29.1891340178
29.1897340177
29.1903340177
29.1909340177
29.1915340177
29.1921340177
29.1867340177
29.1872740177
29.1878734177
29.1884734117
29.1890734116
29.1896734116
29.1902734116
29.1908734116
29.1914734116
29.1780734116
29.1785334116
29.1791320116
29.1797319976
29.1803319975
29.1809319975
29.1815319975
29.1821319975
29.1827319975
29.1653319975
29.1657519975
29.1663501975
29.1669501795
29.1675501793
29.1681501793
29.1687501793
29.1693501793
29.1699501793
29.1685501793
29.1691301793
29.1697299793
29.1703299773
29.1709299773
29.1715299773
29.1721299773
29.1727299773
29.1733299773
29.1679299773
29.1684699773
29.1690693773
29.1696693713
29.1702693712
29.1708693712
29.1714693712
29.1720693712
29.1726693712
29.1552693712
29.1556893712
29.1562875712
29.1568875532
29.157487553
29.158087553
29.158687553
29.159287553
29.159887553
29.138487553
29.138867553
29.139465353
29.140065331
29.1406653308
29.1412653308
29.1418653308
29.1424653308
29.1430653308
29.1256653308
29.1260853308
29.1266835308
29.1272835128
29.1278835126
29.1284835126
29.1290835126
29.1296835126
29.1302835126
29.1248835126
29.1254235126
29.1260229126
29.1266229066
29.1272229065
29.1278229065
29.1284229065
29.1290229065
29.1296229065
29.1162229065
29.1166829065
29.1172815065
29.1178814925
29.1184814924
29.1190814924
29.1196814924
29.1202814924
29.1208814924
29.1034814924
29.0860814924
29.0865014924
29.0870996924
29.0876996744
29.0882996742
29.0888996742
29.0894996742
29.0900996742
29.0906996742
29.0852996742
29.0858396742
29.0864390742
29.0870390682
29.0876390682
29.0882390682
29.0888390682
29.0894390682
29.0900390682
29.0766390682
29.0770990682
29.0776976682
29.0782976542
29.078897654
29.079497654
29.080097654
29.080697654
29.081297654
29.063897654
29.064317654
29.064915854
29.065515836
29.0661158358
29.0667158358
29.0673158358
29.0679158358
29.0685158358
29.0671158358
29.0676958358
29.0682956358
29.0688956338
29.0694956338
29.0700956338
29.0706956338
29.0712956338
29.0718956338
29.0664956338
29.0670356338
29.0676350338
29.0682350278
29.0688350278
29.0694350278
29.0700350278
29.0706350278
29.0712350278
29.0538350278
29.0542550278
29.0548532278
29.0554532098
29.0560532096
29.0566532096
29.0572532096
29.0578532096
29.0584532096
29.0370532096
29.0374332096
29.0380310096
29.0386309876
29.0392309874
29.0398309874
29.0404309874
29.0410309874
29.0416309874
29.0242309874
29.0246509874
29.0252491874
29.0258491694
29.0264491692
29.0270491692
29.0276491692
29.0282491692
29.0288491692
29.0234491692
29.0239891692
29.0245885692
29.0251885632
29.0257885631
29.0263885631
29.0269885631
29.0275885631
29.0281885631
29.0147885631
29.0152485631
29.0158471631
29.0164471491
29.017047149
29.017647149
29.018247149
29.018847149
29.019447149
29.002047149
28.980647149
28.981027149
28.981624949
28.982224927
28.9828249268
28.9834249267
28.9840249267
28.9846249267
28.9852249267
28.9838249267
28.9844049267
28.9850047267
28.9856047247
28.9862047247
28.9868047247
28.9874047247
28.9880047247
28.9886047247
28.9712047247
28.9716247247
28.9722229247
28.9728229067
28.9734229065
28.9740229065
28.9746229065
28.9752229065
28.9758229065
28.9624229065
28.9628829065
28.9634815065
28.9640814925
28.9646814924
28.9652814924
28.9658814924
28.9664814924
28.9670814924
28.9616814924
28.9622214924
28.9628208924
28.9634208864
28.9640208863
28.9646208863
28.9652208863
28.9658208863
28.9664208863
28.9650208863
28.9656008863
28.9662006863
28.9668006843
28.9674006843
28.9680006843
28.9686006843
28.9692006843
28.9698006843
28.9644006843
28.9649406843
28.9655400843
28.9661400783
28.9667400783
28.9673400783
28.9679400783
28.9685400783
28.9691400783
28.9517400783
28.9521600783
28.9527582783
28.9533582603
28.9539582601
28.9545582601
28.9551582601
28.9557582601
28.9563582601
28.9349582601
28.9353382601
28.9359360601
28.9365360381
28.9371360379
28.9377360379
28.9383360379
28.9389360379
28.9395360379
28.9381360379
28.9387160379
28.9393158379
28.9399158359
28.9405158358
28.9411158358
28.9417158358
28.9423158358
28.9429158358
28.9255158358
28.9259358358
28.9265340358
28.9271340178
28.9277340177
28.9283340177
28.9289340177
28.9295340177
28.9301340177
28.9167340177
28.9033340177
28.9037940177
28.9043926177
28.9049926037
28.9055926035
28.9061926035
28.9067926035
28.9073926035
28.9079926035
28.9065926035
28.9071726035
28.9077724035
28.9083724015
28.9089724015
28.9095724015
28.9101724015
28.9107724015
28.9113724015
28.9099724015
28.9105524015
28.9111522015
28.9117521995
28.9123521995
28.9129521995
28.9135521995
28.9141521995
28.9147521995
28.9093521995
28.9098921995
28.9104915995
28.9110915935
28.9116915934
28.9122915934
28.9128915934
28.9134915934
28.9140915934
28.9006915934
28.9011515934
28.9017501934
28.9023501794
28.9029501793
28.9035501793
28.9041501793
28.9047501793
28.9053501793
28.9039501793
28.9045301793
28.9051299793
28.9057299773
28.9063299773
28.9069299773
28.9075299773
28.9081299773
28.9087299773
28.8953299773
28.8957899773
28.8963885773
28.8969885633
28.8975885631
28.8981885631
28.8987885631
28.8993885631
28.8999885631
28.8985885631
28.8991685631
28.8997683631
28.9003683611
28.9009683611
28.9015683611
28.9021683611
28.9027683611
28.9033683611
28.8899683611
28.8904283611
28.8910269611
28.8916269471
28.892226947
28.892826947
28.893426947
28.894026947
28.894626947
28.893226947
28.893806947
28.894406747
28.895006745
28.8956067449
28.8962067449
28.8968067449
28.8974067449
28.8980067449
28.8966067449
28.8971867449
28.8977865449
28.8983865429
28.8989865429
28.8995865429
28.9001865429
28.9007865429
28.9013865429
28.8959865429
28.8945865429
28.8951665429
28.8957663429
28.8963663409
28.8969663409
28.8975663409
28.8981663409
28.8987663409
28.8993663409
28.8859663409
28.8864263409
28.8870249409
28.8876249269
28.8882249267
28.8888249267
28.8894249267
28.8900249267
28.8906249267
28.8692249267
28.8696049267
28.8702027267
28.8708027047
28.8714027045
28.8720027045
28.8726027045
28.8732027045
28.8738027045
28.8564027045
28.8568227045
28.8574209045
28.8580208865
28.8586208863
28.8592208863
28.8598208863
28.8604208863
28.8610208863
28.8596208863
28.8602008863
28.8608006863
28.8614006843
28.8620006843
28.8626006843
28.8632006843
28.8638006843
28.8644006843
28.8670006843
28.8676206843
28.8682208843
28.8688208863
28.8694208863
28.8700208863
28.8706208863
28.8712208863
28.8718208863
28.8544208863
28.8548408863
28.8554390863
28.8560390683
28.8566390682
28.8572390682
28.8578390682
28.8584390682
28.8590390682
28.8456390682
28.8460990682
28.8466976682
28.8472976542
28.847897654
28.848497654
28.849097654
28.849697654
28.850297654
28.848897654
28.849477654
28.850077454
28.850677452
28.851277452
28.851877452
28.852477452
28.853077452
28.853677452
28.840277452
28.840737452
28.841336052
28.841936038
28.8425360379
28.8431360379
28.8437360379
28.8443360379
28.8449360379
28.8235360379
28.8239160379
28.8245138379
28.8251138159
28.8257138156
28.8263138156
28.8269138156
28.8275138156
28.8281138156
28.8107138156
28.7933138156
28.7937338156
28.7943320156
28.7949319976
28.7955319975
28.7961319975
28.7967319975
28.7973319975
28.7979319975
28.7925319975
28.7930719975
28.7936713975
28.7942713915
28.7948713914
28.7954713914
28.7960713914
28.7966713914
28.7972713914
28.7998713914
28.8004913914
28.8010915914
28.8016915934
28.8022915934
28.8028915934
28.8034915934
28.8040915934
28.8046915934
28.8192915934
28.8200315934
28.8206329934
28.8212330074
28.8218330076
28.8224330076
28.8230330076
28.8236330076
28.8242330076
28.8388330076
28.8395730076
28.8401744076
28.8407744216
28.8413744217
28.8419744217
28.8425744217
28.8431744217
28.8437744217
28.8383744217
28.8389144217
28.8395138217
28.8401138157
28.8407138156
28.8413138156
28.8419138156
28.8425138156
28.8431138156
28.825879034
28.826519034
28.827317434
28.828117418
28.8289174178
28.8297174178
28.8305174178
28.8313174178
28.8321174178
28.8129174178
28.8135174178
28.8143154178
28.8151153978
28.8159153976
28.8167153976
28.8175153976
28.8183153976
28.8191153976
28.8039153976
28.8045553976
28.8053537976
28.8061537816
28.8069537815
28.8077537815
28.8085537815
28.8093537815
28.8101537815
28.8069537815
28.8077137815
28.8085133815
28.8093133775
28.8101133774
28.8109133774
28.8117133774
28.8125133774
28.8133133774
28.8181133774
28.8189533774
28.8197537774
28.8205537814
28.8213537815
28.8221537815
28.8229537815
28.8237537815
28.8245537815
28.8373537815
28.8181537815
28.8187537815
28.8195517815
28.8203517615
28.8211517613
28.8219517613
28.8227517613
28.8235517613
28.8243517613
28.8091517613
28.8097917613
28.8105901613
28.8113901453
28.8121901451
28.8129901451
28.8137901451
28.8145901451
28.8153901451
28.8081901451
28.8089101451
28.8097093451
28.8105093371
28.811309337
28.812109337
28.812909337
28.813709337
28.814509337
28.815309337
28.816109337
28.816909337
28.817709337
28.818509337
28.819309337
28.820109337
28.820909337
28.821709337
28.838509337
28.839469337
28.840270937
28.841070953
28.8418709532
28.8426709532
28.8434709532
28.8442709532
28.8450709532
28.8618709532
28.8628309532
28.8636325532
28.8644325692
28.8652325693
28.8660325693
28.8668325693
28.8676325693
28.8684325693
28.8652325693
28.8659925693
28.8667921693
28.8675921653
28.8683921653
28.8691921653
28.8699921653
28.8707921653
28.8715921653
28.8563921653
28.8570321653
28.8578305653
28.8586305493
28.8594305491
28.8602305491
28.8610305491
28.8618305491
28.8626305491
28.8434305491
28.8440305491
28.8448285491
28.8456285291
28.8464285289
28.8472285289
28.8480285289
28.8488285289
28.8496285289
28.8344285289
28.8350685289
28.8358669289
28.8366669129
28.8374669128
28.8382669128
28.8390669128
28.8398669128
28.8406669128
28.8334669128
28.8341869128
28.8349861128
28.8357861048
28.8365861047
28.8373861047
28.8381861047
28.8389861047
28.8397861047
28.8405861047
28.8253861047
28.8260261047
28.8268245047
28.8276244887
28.8284244885
28.8292244885
28.8300244885
28.8308244885
28.8316244885
28.8124244885
28.8130244885
28.8138224885
28.8146224685
28.8154224683
28.8162224683
28.8170224683
28.8178224683
28.8186224683
28.7994224683
28.8000224683
28.8008204683
28.8016204483
28.8024204481
28.8032204481
28.8040204481
28.8048204481
28.8056204481
28.7864204481
28.7870204481
28.7878184481
28.7886184281
28.7894184279
28.7902184279
28.7910184279
28.7918184279
28.7926184279
28.7814184279
28.7820984279
28.7828972279
28.7836972159
28.7844972158
28.7852972158
28.7860972158
28.7868972158
28.7876972158
28.7844972158
28.7852572158
28.7860568158
28.7868568118
28.7876568118
28.7884568118
28.7892568118
28.7900568118
28.7908568118
28.7756568118
28.7762968118
28.7770952118
28.7778951958
28.7786951956
28.7794951956
28.7802951956
28.7810951956
28.7818951956
28.7786951956
28.7794551956
28.7802547956
28.7810547916
28.7818547916
28.7826547916
28.7834547916
28.7842547916
28.7850547916
28.7698547916
28.7704947916
28.7712931916
28.7720931756
28.7728931754
28.7736931754
28.7744931754
28.7752931754
28.7760931754
28.7568931754
28.7574931754
28.7582911754
28.7590911554
28.7598911552
28.7606911552
28.7614911552
28.7622911552
28.7630911552
28.7438911552
28.7444911552
28.7452891552
28.7460891352
28.746889135
28.747689135
28.748489135
28.749289135
28.750089135
28.730889135
28.711689135
28.712289135
28.713087135
28.713887115
28.7146871148
28.7154871148
28.7162871148
28.7170871148
28.7178871148
28.7026871148
28.7033271148
28.7041255148
28.7049254988
28.7057254986
28.7065254986
28.7073254986
28.7081254986
28.7089254986
28.7177254986
28.7186054986
28.7194062986
28.7202063066
28.7210063067
28.7218063067
28.7226063067
28.7234063067
28.7242063067
28.7250063067
28.7258063067
28.7266063067
28.7274063067
28.7282063067
28.7290063067
28.7298063067
28.7306063067
28.7314063067
28.7322063067
28.7330063067
28.7338063067
28.7346063067
28.7354063067
28.7362063067
28.7370063067
28.7378063067
28.7386063067
28.7394063067
28.7402063067
28.7410063067
28.7418063067
28.7426063067
28.7434063067
28.7442063067
28.7450063067
28.7458063067
28.7426063067
28.7433663067
28.7441659067
28.7449659027
28.7457659027
28.7465659027
28.7473659027
28.7481659027
28.7489659027
28.7359483317
28.7368083317
28.7378069317
28.7388069177
28.7398069176
28.7408069176
28.7418069176
28.7428069176
28.7438069176
28.7268069176
28.7276269176
28.7286251176
28.7296250996
28.7306250994
28.7316250994
28.7326250994
28.7336250994
28.7346250994
28.7176250994
28.7184450994
28.7194432994
28.7204432814
28.7214432812
28.7224432812
28.7234432812
28.7244432812
28.7254432812
28.7324432812
28.7335032812
28.7345038812
28.7355038872
28.7365038873
28.7375038873
28.7385038873
28.7395038873
28.7405038873
28.7395038873
28.7425038873
28.7435238873
28.7445240873
28.7455240893
28.7465240893
28.7475240893
28.7485240893
28.7495240893
28.7505240893
28.7615240893
28.7626240893
28.7636250893
28.7646250993
28.7656250994
28.7666250994
28.7676250994
28.7686250994
28.7696250994
28.7646250994
28.7655650994
28.7665644994
28.7675644934
28.7685644934
28.7695644934
28.7705644934
28.7715644934
28.7725644934
28.7675644934
28.7685044934
28.7695038934
28.7705038874
28.7715038873
28.7725038873
28.7735038873
28.7745038873
28.7755038873
28.7793488788
28.7805888788
28.7817892788
28.7829892828
28.7841892828
28.7853892828
28.7865892828
28.7877892828
28.7889892828
28.7861892828
28.7873492828
28.7885488828
28.7897488788
28.7909488788
28.7921488788
28.7933488788
28.7945488788
28.7957488788
28.8009488788
28.8021888788
28.8033892788
28.8045892828
28.8057892828
28.8069892828
28.8081892828
28.8093892828
28.8105892828
28.8237892828
28.8251092828
28.8263104828
28.8275104948
28.8287104949
28.8299104949
28.8311104949
28.8323104949
28.8335104949
28.8387104949
28.8399504949
28.8411508949
28.8423508989
28.843550899
28.844750899
28.845950899
28.847150899
28.848350899
28.861550899
28.8629420472
28.8643434472
28.8657434612
28.8671434614
28.8685434614
28.8699434614
28.8713434614
28.8727434614
28.8721434614
28.8735234614
28.8749232614
28.8763232594
28.8777232593
28.8791232593
28.8805232593
28.8819232593
28.8833232593
28.8787232593
28.8701232593
28.8714232593
28.8728222593
28.8742222493
28.8756222492
28.8770222492
28.8784222492
28.8798222492
28.8812222492
28.8806222492
28.8820022492
28.8834020492
28.8848020472
28.8862020472
28.8876020472
28.8890020472
28.8904020472
28.8918020472
28.8912020472
28.8925820472
28.8939818472
28.8953818452
28.8967818452
28.8981818452
28.8995818452
28.9009818452
28.9023818452
28.8897818452
28.8910418452
28.8924404452
28.8938404312
28.8952404311
28.8966404311
28.8980404311
28.8994404311
28.9008404311
28.8962404311
28.8975804311
28.8989798311
28.9003798251
28.901779825
28.903179825
28.904579825
28.905979825
28.907379825
28.886779825
28.887959825
28.889357625
28.890757603
28.8921576028
28.8935576028
28.8949576028
28.8963576028
28.8977576028
28.8851576028
28.8864176028
28.8878162028
28.8892161888
28.8906161886
28.8920161886
28.8934161886
28.8948161886
28.8962161886
28.8756161886
28.8767961886
28.8781939886
28.8795939666
28.8809939664
28.8823939664
28.8837939664
28.8851939664
28.8865939664
28.8796484983
28.8811684983
28.8827676983
28.8843676903
28.8859676902
28.8875676902
28.8891676902
28.8907676902
28.8923676902
28.8899676902
28.8915276902
28.8931272902
28.8947272862
28.8963272862
28.8979272862
28.8995272862
28.9011272862
28.9027272862
28.9003272862
28.9018872862
28.9034868862
28.9050868822
28.9066868822
28.9082868822
28.9098868822
28.9114868822
28.9130868822
28.8986868822
28.8802868822
28.8816868822
28.8832848822
28.8848848622
28.886484862
28.888084862
28.889684862
28.891284862
28.892884862
28.870484862
28.871844862
28.873442462
28.875042438
28.8766424377
28.8782424377
28.8798424377
28.8814424377
28.8830424377
28.8766424377
28.8781624377
28.8797616377
28.8813616297
28.8829616296
28.8845616296
28.8861616296
28.8877616296
28.8893616296
28.8869616296
28.8885216296
28.8901212296
28.8917212256
28.8933212256
28.8949212256
28.8965212256
28.8981212256
28.8997212256
28.8893212256
28.8908012256
28.8924000256
28.8940000136
28.8956000135
28.8972000135
28.8988000135
28.9004000135
28.9020000135
28.8996000135
28.9011600135
28.9027596135
28.9043596095
28.9059596094
28.9075596094
28.9091596094
28.9107596094
28.9123596094
28.9099596094
28.9115196094
28.9131192094
28.9147192054
28.9163192054
28.9179192054
28.9195192054
28.9211192054
28.9227192054
28.9083192054
28.9097592054
28.9113576054
28.9129575894
28.9145575892
28.9161575892
28.9177575892
28.9193575892
28.9209575892
28.9025575892
28.9039575892
28.9055555892
28.9071555692
28.908755569
28.9103800381
28.9121800381
28.9139800381
28.9157800381
28.8955800381
28.8971600381
28.8989578381
28.9007578161
28.9025578159
28.9043578159
28.9061578159
28.9079578159
28.9097578159
28.9055578159
28.9072978159
28.9090972159
28.9108972099
28.9126972098
28.9144972098
28.9162972098
28.9180972098
28.9198972098
28.9196972098
28.9034972098
28.9051172098
28.9069154098
28.9087153918
28.9105153916
28.9123153916
28.9141153916
28.9159153916
28.9177153916
28.9055153916
28.9071753916
28.9089739916
28.9107739776
28.9125739775
28.9143739775
28.9161739775
28.9179739775
28.9197739775
28.8995739775
28.9011539775
28.9029517775
28.9047517555
28.9065517553
28.9083517553
28.9101517553
28.9119517553
28.9137517553
28.8975517553
28.8991717553
28.9009699553
28.9027699373
28.9045699371
28.9063699371
28.9081699371
28.9099699371
28.9117699371
28.9155699371
28.9173899371
28.9191901371
28.9209901391
28.9227901391
28.9245901391
28.9263901391
28.9281901391
28.9299901391
28.9337901391
28.9356101391
28.9374103391
28.9392103411
28.9410103411
28.9428103411
28.9446103411
28.9464103411
28.9482103411
28.9440103411
28.9457503411
28.9475497411
28.9493497351
28.9511497351
28.9529497351
28.9547497351
28.9565497351
28.9583497351
28.9541497351
28.9558897351
28.9576891351
28.9594891291
28.961289129
28.963089129
28.964889129
28.966689129
28.968489129
28.952289129
28.953909129
28.955707329
28.957507311
28.9593073108
28.9611073108
28.9629073108
28.9647073108
28.9665073108
28.9543073108
28.9559673108
28.9577659108
28.9595658968
28.9613658967
28.9631658967
28.9649658967
28.9667658967
28.9685658967
28.9483658967
28.9499458967
28.9517436967
28.9535436747
28.9553436745
28.9571436745
28.9589436745
28.9607436745
28.9625436745
28.9463436745
28.9541436745
28.9560036745
28.9578042745
28.9596042805
28.9614042805
28.9632042805
28.9650042805
28.9668042805
28.9686042805
28.9724042805
28.9742242805
28.9760244805
28.9778244825
28.9796244825
28.9814244825
28.9832244825
28.9850244825
28.9868244825
28.9826244825
28.9843644825
28.9861638825
28.9879638765
28.9897638765
28.9915638765
28.9933638765
28.9951638765
28.9969638765
28.9887638765
28.9904638765
28.9922628765
28.9940628665
28.9958628664
28.9976628664
28.9994628664
29.0012628664
29.0030628664
28.9988628664
29.0006028664
29.0024022664
29.0042022604
29.0060022603
29.0078022603
29.0096022603
29.0114022603
29.0132022603
29.0170022603
29.0188222603
29.0206224603
29.0224224623
29.0242224623
29.0260224623
29.0278224623
29.0296224623
29.0314224623
29.0352224623
29.0370424623
29.0388426623
29.0406426643
29.0424426644
29.0442426644
29.0460426644
29.0478426644
29.0496426644
29.0694426644
29.0714226644
29.0732244644
29.0750244824
29.0768244825
29.0786244825
29.0804244825
29.0822244825
29.0840244825
29.0918244825
29.0936844825
29.0954850825
29.0972850885
29.0990850886
29.1008850886
29.1026850886
29.1044850886
29.1062850886
29.1100850886
29.1119050886
29.1137052886
29.1155052906
29.1173052906
29.1191052906
29.1209052906
29.1227052906
29.1245052906
29.1203052906
29.1220452906
29.1238446906
29.1256446846
29.1274446846
29.1292446846
29.1310446846
29.1328446846
29.1346446846
29.1264446846
29.1262446846
29.1280246846
29.1298244846
29.1316244826
29.1334244825
29.1352244825
29.1370244825
29.1388244825
29.1406244825
29.1284244825
29.1300844825
29.1318830825
29.1336830685
29.1354830684
29.1372830684
29.1390830684
29.1408830684
29.1426830684
29.1304830684
29.1321430684
29.1339416684
29.1357416544
29.1375416543
29.1393416543
29.1411416543
29.1429416543
29.1447416543
29.1285416543
29.1301616543
29.1319598543
29.1337598363
29.1355598361
29.1373598361
29.1391598361
29.1409598361
29.1427598361
29.1305598361
29.1322198361
29.1340184361
29.1358184221
29.1376184219
29.1394184219
29.1412184219
29.1430184219
29.1448184219
29.1566184219
29.1585184219
29.1603194219
29.1621194319
29.163919432
29.165719432
29.167519432
29.169319432
29.171119432
29.182919432
29.184819432
29.186620432
29.188420442
29.1902204421
29.1920204421
29.1938204421
29.1956204421
29.1974204421
29.2012204421
29.2030404421
29.2048406421
29.2066406441
29.2084406442
29.2102406442
29.2120406442
29.2138406442
29.2156406442
29.2154406442
29.2172206442
29.2190204442
29.2208204422
29.2226204421
29.2244204421
29.2262204421
29.2280204421
29.2298204421
29.2176204421
29.2192804421
29.2210790421
29.2228790281
29.224679028
29.226479028
29.228279028
29.230079028
29.231879028
29.219679028
29.221339028
29.223137628
29.224937614
29.2267376139
29.2285376139
29.2303376139
29.2321376139
29.2339376139
29.2177376139
29.2175376139
29.2193176139
29.2211174139
29.2229174119
29.2247174118
29.2265174118
29.2283174118
29.2301174118
29.2319174118
29.2197174118
29.2213774118
29.2231760118
29.2249759978
29.2267759977
29.2285759977
29.2303759977
29.2321759977
29.2339759977
29.2297759977
29.2315159977
29.2333153977
29.2351153917
29.2369153916
29.2387153916
29.2405153916
29.2423153916
29.2441153916
29.2519153916
29.2537753916
29.2555759916
29.2573759976
29.2591759977
29.2609759977
29.2627759977
29.2645759977
29.2663759977
29.2621759977
29.2639159977
29.2657153977
29.2675153917
29.2693153916
29.2711153916
29.2729153916
29.2747153916
29.2765153916
29.2803153916
29.2821353916
29.2839355916
29.2857355936
29.2875355937
29.2893355937
29.2911355937
29.2929355937
29.2947355937
29.2905355937
29.2922755937
29.2940749937
29.2958749877
29.2976749876
29.2994749876
29.3012749876
29.3030749876
29.3048749876
29.3006749876
29.3024149876
29.3042143876
29.3060143816
29.3078143815
29.3096143815
29.3114143815
29.3132143815
29.3150143815
29.3148143815
29.3165943815
29.3183941815
29.3201941795
29.3219941795
29.3237941795
29.3255941795
29.3273941795
29.3291941795
29.3169941795
29.3186541795
29.3204527795
29.3222527655
29.3240527654
29.3258527654
29.3276527654
29.3294527654
29.3312527654
29.3270527654
29.3287927654
29.3305921654
29.3323921594
29.3341921593
29.3359921593
29.3377921593
29.3395921593
29.3413921593
29.3491921593
29.3489921593
29.3507721593
29.3525719593
29.3543719573
29.3561719573
29.3579719573
29.3597719573
29.3615719573
29.3633719573
29.3511719573
29.3528319573
29.3546305573
29.3564305433
29.3582305432
29.3600305432
29.3618305432
29.3636305432
29.3654305432
29.3532305432
29.3548905432
29.3566891432
29.3584891292
29.360289129
29.362089129
29.363889129
29.365689129
29.367489129
29.367289129
29.369069129
29.370868929
29.372668927
29.374468927
29.376268927
29.378068927
29.379868927
29.381668927
29.377468927
29.379208927
29.381008327
29.382808321
29.3846083209
29.3864083209
29.3882083209
29.3900083209
29.3918083209
29.3876083209
29.3893483209
29.3911477209
29.3929477149
29.3947477149
29.3965477149
29.3983477149
29.4001477149
29.4019477149
29.3977477149
29.3994877149
29.4012871149
29.4030871089
29.4048871088
29.4066871088
29.4084871088
29.4102871088
29.4120871088
29.4078871088
29.4096271088
29.4114265088
29.4132265028
29.4150265028
29.4168265028
29.4186265028
29.4204265028
29.4222265028
29.4220265028
29.4238065028
29.4256063028
29.4274063008
29.4292063007
29.4310063007
29.4328063007
29.4346063007
29.4364063007
29.4242063007
29.4258663007
29.4276649007
29.4294648867
29.4312648866
29.4330648866
29.4348648866
29.4366648866
29.4384648866
29.4262648866
29.4279248866
29.4297234866
29.4315234726
29.4333234724
29.4351234724
29.4369234724
29.4387234724
29.4405234724
29.4403234724
29.4241234724
29.4257434724
29.4275416724
29.4293416544
29.4311416543
29.4329416543
29.4347416543
29.4365416543
29.4383416543
29.4181416543
29.4197216543
29.4215194543
29.4233194323
29.425119432
29.426919432
29.428719432
29.430519432
29.432319432
29.420119432
29.421779432
29.423578032
29.425378018
29.4271780179
29.4289780179
29.4307780179
29.4325780179
29.4343780179
29.4341780179
29.4359580179
29.4377578179
29.4395578159
29.4413578159
29.4431578159
29.4449578159
29.4467578159
29.4485578159
29.4603578159
29.4622578159
29.4640588159
29.4658588259
29.467658826
29.469458826
29.471258826
29.473058826
29.474858826
29.494658826
29.496638826
29.498440626
29.500240644
29.5020406442
29.5038406442
29.5056406442
29.5074406442
29.5092406442
29.5210406442
29.5229406442
29.5247416442
29.5265416542
29.5283416543
29.5301416543
29.5319416543
29.5337416543
29.5355416543
29.5393416543
29.5411616543
29.5429618543
29.5447618563
29.5465618563
29.5483618563
29.5501618563
29.5519618563
29.5537618563
29.5375618563
29.5391818563
29.5409800563
29.5427800383
29.5445800381
29.5463800381
29.5481800381
29.5499800381
29.5517800381
29.5315800381
29.5331600381
29.5349578381
29.5367578161
29.5385578159
29.5403578159
29.5421578159
29.5439578159
29.5457578159
29.5335578159
29.5352178159
29.5370164159
29.5388164019
29.5406164017
29.5424164017
29.5442164017
29.5460164017
29.5478164017
29.5476164017
29.5474164017
29.5491964017
29.5509962017
29.5527961997
29.5545961997
29.5563961997
29.5581961997
29.5599961997
29.5617961997
29.5575961997
29.5593361997
29.5611355997
29.5629355937
29.5647355937
29.5665355937
29.5683355937
29.5701355937
29.5719355937
29.5837355937
29.5856355937
29.5874365937
29.5892366037
29.5910366038
29.5928366038
29.5946366038
29.5964366038
29.5982366038
29.5980366038
29.5998166038
29.6016164038
29.6034164018
29.6052164017
29.6070164017
29.6088164017
29.6106164017
29.6124164017
29.6242164017
29.6261164017
29.6279174017
29.6297174117
29.6315174118
29.6333174118
29.6351174118
29.6369174118
29.6387174118
29.6345174118
29.6362574118
29.6380568118
29.6398568058
29.6416568058
29.6434568058
29.6452568058
29.6470568058
29.6488568058
29.6446568058
29.6463968058
29.6481962058
29.6499961998
29.6517961997
29.6535961997
29.6553961997
29.6571961997
29.6589961997
29.6547961997
29.6565361997
29.6583355997
29.6601355937
29.6619355937
29.6637355937
29.6655355937
29.6673355937
29.6691355937
29.6689355937
29.6707155937
29.6725153937
29.6743153917
29.6761153916
29.6779153916
29.6797153916
29.6815153916
29.6833153916
29.6791153916
29.6808553916
29.6826547916
29.6844547856
29.6862547856
29.6880547856
29.6898547856
29.6916547856
29.6934547856
29.7052547856
29.7071547856
29.7089557856
29.7107557956
29.7125557957
29.7143557957
29.7161557957
29.7179557957
29.7197557957
29.7195557957
29.7153557957
29.7170957957
29.7188951957
29.7206951897
29.7224951896
29.7242951896
29.7260951896
29.7278951896
29.7296951896
29.7294951896
29.7312751896
29.7330749896
29.7348749876
29.7366749876
29.7384749876
29.7402749876
29.7420749876
29.7438749876
29.7516749876
29.7535349876
29.7553355876
29.7571355936
29.7589355937
29.7607355937
29.7625355937
29.7643355937
29.7661355937
29.7779355937
29.7798355937
29.7816365937
29.7834366037
29.7852366038
29.7870366038
29.7888366038
29.7906366038
29.7924366038
29.7922366038
29.7940166038
29.7958164038
29.7976164018
29.7994164017
29.8012164017
29.8030164017
29.8048164017
29.8066164017
29.7904164017
29.7920364017
29.7938346017
29.7956345837
29.7974345836
29.7992345836
29.8010345836
29.8028345836
29.8046345836
29.7884345836
29.7900545836
29.7918527836
29.7936527656
29.7954527654
29.7972527654
29.7990527654
29.8008527654
29.8026527654
29.7864527654
29.7880727654
29.7898709654
29.7916709474
29.7934709472
29.7952709472
29.7970709472
29.7988709472
29.8006709472
29.7964709472
29.7982109472
29.8000103472
29.8018103412
29.8036103411
29.8054103411
29.8072103411
29.8090103411
29.8108103411
29.8106103411
29.8123903411
29.8141901411
29.8159901391
29.8177901391
29.8195901391
29.8213901391
29.8231901391
29.8249901391
29.8327901391
29.8346501391
29.8364507391
29.8382507451
29.8400507452
29.8418507452
29.8436507452
29.8454507452
29.8472507452
29.8590507452
29.8628507452
29.8646707452
29.8664709452
29.8682709472
29.8700709472
29.8718709472
29.8736709472
29.8754709472
29.8772709472
29.8770709472
29.8788509472
29.8806507472
29.8824507452
29.8842507452
29.8860507452
29.8878507452
29.8896507452
29.8914507452
29.8752507452
29.8768707452
29.8786689452
29.8804689272
29.882268927
29.884068927
29.885868927
29.887668927
29.889468927
29.877268927
29.878928927
29.880727527
29.882527513
29.8843275129
29.8861275129
29.8879275129
29.8897275129
29.8915275129
29.8833275129
29.8850275129
29.8868265129
29.8886265029
29.8904265028
29.8922265028
29.8940265028
29.8958265028
29.8976265028
29.8814265028
29.8830465028
29.8848447028
29.8866446848
29.8884446846
29.8902446846
29.8920446846
29.8938446846
29.8956446846
29.9034446846
29.9053046846
29.9071052846
29.9089052906
29.9107052906
29.9125052906
29.9143052906
29.9161052906
29.9179052906
29.9177052906
29.9194852906
29.9212850906
29.9230850886
29.9248850886
29.9266850886
29.9284850886
29.9302850886
29.9320850886
29.9358850886
29.9377050886
29.9395052886
29.9413052906
29.9431052906
29.9449052906
29.9467052906
29.9485052906
29.9503052906
29.9501052906
29.9518852906
29.9536850906
29.9554850886
29.9572850886
29.9590850886
29.9608850886
29.9626850886
29.9644850886
29.9482850886
29.9499050886
29.9517032886
29.9535032706
29.9553032704
29.9571032704
29.9589032704
29.9607032704
29.9625032704
29.9503032704
29.9341032704
29.9357232704
29.9375214704
29.9393214524
29.9411214522
29.9429214522
29.9447214522
29.9465214522
29.9483214522
29.9361214522
29.9377814522
29.9395800522
29.9413800382
29.9431800381
29.9449800381
29.9467800381
29.9485800381
29.9503800381
29.9314722884
29.9332722884
29.9352702884
29.9372702684
29.9392702682
29.9412702682
29.9432702682
29.9452702682
29.9472702682
29.9212702682
29.9229902682
29.9249874682
29.9269874402
29.92898744
29.93098744
29.93298744
29.93498744
29.93698744
29.91498744
29.91674744
29.91874504
29.920745016
29.9227450157
29.9247450157
29.9267450157
29.9287450157
29.9307450157
29.9167450157
29.9185850157
29.9205834157
29.9225833997
29.9245833996
29.9265833996
29.9285833996
29.9305833996
29.9325833996
29.9105833996
29.9123433996
29.9143409996
29.9163409756
29.9183409753
29.9203409753
29.9223409753
29.9243409753
29.9263409753
29.9003409753
29.9020609753
29.9040581753
29.9060581473
29.908058147
29.910058147
29.912058147
29.914058147
29.916058147
29.902058147
29.903898147
29.905896547
29.907896531
29.9098965309
29.9118965309
29.9138965309
29.9158965309
29.9178965309
29.9078965309
29.9097765309
29.9117753309
29.9137753189
29.9157753187
29.9177753187
29.9197753187
29.9217753187
29.9237753187
29.9057753187
29.9075753187
29.9095733187
29.9115732987
29.9135732985
29.9155732985
29.9175732985
29.9195732985
29.9215732985
29.8955732985
29.8815732985
29.8834132985
29.8854116985
29.8874116825
29.8894116824
29.8914116824
29.8934116824
29.8954116824
29.8974116824
29.8954116824
29.8973716824
29.8993712824
29.9013712784
29.9033712783
29.9053712783
29.9073712783
29.9093712783
29.9113712783
29.9173712783
29.9194112783
29.9214116783
29.9234116823
29.9254116824
29.9274116824
29.9294116824
29.9314116824
29.9334116824
29.9234116824
29.9252916824
29.9272904824
29.9292904704
29.9312904703
29.9332904703
29.9352904703
29.9372904703
29.9392904703
29.9252904703
29.9271304703
29.9291288703
29.9311288543
29.9331288541
29.9351288541
29.9371288541
29.9391288541
29.9411288541
29.9191288541
29.9208888541
29.9228864541
29.9248864301
29.9268864299
29.9288864299
29.9308864299
29.9328864299
29.9348864299
29.9288864299
29.9308064299
29.9328056299
29.9348056219
29.9368056218
29.9388056218
29.9408056218
29.9428056218
29.9448056218
29.9428056218
29.9447656218
29.9467652218
29.9487652178
29.9507652177
29.9527652177
29.9547652177
29.9567652177
29.9587652177
29.9447652177
29.9466052177
29.9486036177
29.9506036017
29.9526036016
29.9546036016
29.9566036016
29.9586036016
29.9606036016
29.9586036016
29.9605636016
29.9625632016
29.9645631976
29.9665631975
29.9685631975
29.9705631975
29.9725631975
29.9745631975
29.9805631975
29.9826031975
29.9846035975
29.9866036015
29.9886036016
29.9906036016
29.9926036016
29.9946036016
29.9966036016
29.9866036016
29.9686036016
29.9704036016
29.9724016016
29.9744015816
29.9764015814
29.9784015814
29.9804015814
29.9824015814
29.9844015814
29.9704015814
29.9722415814
29.9742399814
29.9762399654
29.9782399652
29.9802399652
29.9822399652
29.9842399652
29.9862399652
29.9722399652
29.9740799652
29.9760783652
29.9780783492
29.9800783491
29.9820783491
29.9840783491
29.9860783491
29.9880783491
29.9740783491
29.9759183491
29.9779167491
29.9799167331
29.9819167329
29.9839167329
29.9859167329
29.9879167329
29.9899167329
29.9884681349
29.9906481349
29.9928479349
29.9950479329
29.9972479329
29.9994479329
30.0016479329
30.0038479329
30.0060479329
29.9982479329
30.0003479329
30.0025469329
30.0047469229
30.0069469228
30.0091469228
30.0113469228
30.0135469228
30.0157469228
30.0119469228
30.0140869228
30.0162863228
30.0184863168
30.0206863168
30.0228863168
30.0250863168
30.0272863168
30.0294863168
30.0136863168
30.0157063168
30.0179045168
30.0201044988
30.0223044986
30.0245044986
30.0267044986
30.0289044986
30.0311044986
30.0113044986
30.0132844986
30.0154822986
30.0176822766
30.0198822764
30.0220822764
30.0242822764
30.0264822764
30.0286822764
30.0128822764
30.0149022764
30.0171004764
30.0193004584
30.0215004582
30.0237004582
30.0259004582
30.0281004582
30.0303004582
30.0145004582
30.0165204582
30.0187186582
30.0209186402
30.02311864
30.02531864
30.02751864
30.02971864
30.03191864
30.02011864
30.01631864
30.01845864
30.02065804
30.022858034
30.0250580339
30.0272580339
30.0294580339
30.0316580339
30.0338580339
30.0340580339
30.0362380339
30.0384378339
30.0406378319
30.0428378319
30.0450378319
30.0472378319
30.0494378319
30.0516378319
30.0438378319
30.0459378319
30.0481368319
30.0503368219
30.0525368218
30.0547368218
30.0569368218
30.0591368218
30.0613368218
30.0655368218
30.0677568218
30.0699570218
30.0721570238
30.0743570238
30.0765570238
30.0787570238
30.0809570238
30.0831570238
30.0753570238
30.0774570238
30.0796560238
30.0818560138
30.0840560137
30.0862560137
30.0884560137
30.0906560137
30.0928560137
30.0930560137
30.0952360137
30.0974358137
30.0996358117
30.1018358117
30.1040358117
30.1062358117
30.1084358117
30.1106358117
30.0988358117
30.1008958117
30.1030944117
30.1052943977
30.1074943976
30.1096943976
30.1118943976
30.1140943976
30.1162943976
30.1084943976
30.1105943976
30.1127933976
30.1149933876
30.1171933875
30.1193933875
30.1215933875
30.1237933875
30.1259933875
30.1221933875
30.1243333875
30.1265327875
30.1287327815
30.1309327814
30.1331327814
30.1353327814
30.1375327814
30.1397327814
30.1399327814
30.1421127814
30.1443125814
30.1465125794
30.1487125794
30.1509125794
30.1531125794
30.1553125794
30.1575125794
30.1497125794
30.1518125794
30.1540115794
30.1562115694
30.1584115693
30.1606115693
30.1628115693
30.1650115693
30.1672115693
30.1714115693
30.1716115693
30.1737915693
30.1759913693
30.1781913673
30.1803913673
30.1825913673
30.1847913673
30.1869913673
30.1891913673
30.1933913673
30.1956113673
30.1978115673
30.2000115693
30.2022115693
30.2044115693
30.2066115693
30.2088115693
30.2110115693
30.2072115693
30.2093515693
30.2115509693
30.2137509633
30.2159509632
30.2181509632
30.2203509632
30.2225509632
30.2247509632
30.2249509632
30.2271309632
30.2293307632
30.2315307612
30.2337307612
30.2359307612
30.2381307612
30.2403307612
30.2425307612
30.2547307612
30.2570307612
30.2592317612
30.2614317712
30.2636317713
30.2658317713
30.2680317713
30.2702317713
30.2724317713
30.2686317713
30.2707717713
30.2729711713
30.2751711653
30.2773711652
30.2795711652
30.2817711652
30.2839711652
30.2861711652
30.2943711652
30.2966311652
30.2988317652
30.3010317712
30.3032317713
30.3054317713
30.3076317713
30.3098317713
30.3120317713
30.3162317713
30.3184517713
30.3206519713
30.3228519733
30.3250519733
30.3272519733
30.3294519733
30.3316519733
30.3338519733
30.3340519733
30.3362319733
30.3384317733
30.3406317713
30.3428317713
30.3450317713
30.3472317713
30.3494317713
30.3516317713
30.3558317713
30.3580517713
30.3602519713
30.3624519733
30.3646519733
30.3668519733
30.3690519733
30.3712519733
30.3734519733
30.3696519733
30.3717919733
30.3739913733
30.3761913673
30.3783913673
30.3805913673
30.3827913673
30.3849913673
30.3871913673
30.3873913673
30.3795913673
30.3816913673
30.3838903673
30.3860903573
30.3882903572
30.3904903572
30.3926903572
30.3948903572
30.3970903572
30.3852903572
30.3873503572
30.3895489572
30.3917489432
30.393948943
30.396148943
30.398348943
30.400548943
30.402748943
30.390948943
30.393008943
30.395207543
30.397407529
30.3996075289
30.4018075289
30.4040075289
30.4062075289
30.4084075289
30.4006075289
30.4027075289
30.4049065289
30.4071065189
30.4093065188
30.4115065188
30.4137065188
30.4159065188
30.4181065188
30.4223065188
30.4245265188
30.4267267188
30.4289267208
30.4311267208
30.4333267208
30.4355267208
30.4377267208
30.4399267208
30.4441267208
30.4463467208
30.4485469208
30.4507469228
30.4529469228
30.4551469228
30.4573469228
30.4595469228
30.4617469228
30.4699469228
30.4722069228
30.4744075228
30.4766075288
30.4788075289
30.4810075289
30.4832075289
30.4854075289
30.4876075289
30.4998075289
30.5021075289
30.5043085289
30.5065085389
30.508708539
30.510908539
30.513108539
30.515308539
30.517508539
30.509708539
30.511808539
30.514007539
30.516207529
30.5184075289
30.5206075289
30.5228075289
30.5250075289
30.5272075289
30.5154075289
30.5174675289
30.5196661289
30.5218661149
30.5240661147
30.5262661147
30.5284661147
30.5306661147
30.5328661147
30.5210661147
30.5231261147
30.5253247147
30.5275247007
30.5297247006
30.5319247006
30.5341247006
30.5363247006
30.5385247006
30.5307247006
30.5149247006
30.5169447006
30.5191429006
30.5213428826
30.5235428824
30.5257428824
30.5279428824
30.5301428824
30.5323428824
30.5125428824
30.5145228824
30.5167206824
30.5189206604
30.5211206602
30.5233206602
30.5255206602
30.5277206602
30.5299206602
30.5261206602
30.5282606602
30.5304600602
30.5326600542
30.5348600541
30.5370600541
30.5392600541
30.5414600541
30.5436600541
30.5438600541
30.5460400541
30.5482398541
30.5504398521
30.5526398521
30.5548398521
30.5570398521
30.5592398521
30.5614398521
30.5576398521
30.5597798521
30.5619792521
30.5641792461
30.5663792461
30.5685792461
30.5707792461
30.5729792461
30.5751792461
30.5633792461
30.5654392461
30.5676378461
30.5698378321
30.5720378319
30.5742378319
30.5764378319
30.5786378319
30.5808378319
30.5730378319
30.5751378319
30.5773368319
30.5795368219
30.5817368218
30.5839368218
30.5861368218
30.5883368218
30.5905368218
30.5867368218
30.5888768218
30.5910762218
30.5932762158
30.5954762158
30.5976762158
30.5998762158
30.6020762158
30.6042762158
30.5884762158
30.5904962158
30.5926944158
30.5948943978
30.5970943976
30.5992943976
30.6014943976
30.6036943976
30.6058943976
30.5860943976
30.5880743976
30.5902721976
30.5924721756
30.5946721753
30.5968721753
30.5990721753
30.6012721753
30.6034721753
30.5996721753
30.6018121753
30.6040115753
30.6062115693
30.6084115693
30.6106115693
30.6128115693
30.6150115693
30.6172115693
30.6174115693
30.6096115693
30.6117115693
30.6139105693
30.6161105593
30.6183105592
30.6205105592
30.6227394753
30.6251394753
30.6275394753
30.6233105592
30.6254505592
30.6276499592
30.6298499532
30.6320499531
30.6342499531
30.6364499531
30.6386586672
30.6410586672
30.6290499531
30.6311099531
30.6333085531
30.6355085391
30.637708539
30.639908539
30.642108539
30.644308539
30.646508539
30.646708539
30.648888539
30.651088339
30.653288337
30.655488337
30.657688337
30.659888337
30.662088337
30.664288337
30.660488337
30.662628337
30.664827737
30.667027731
30.6692277309
30.6714277309
30.6736277309
30.6758277309
30.6780277309
30.6742277309
30.6763677309
30.6785671309
30.6807671249
30.6829671248
30.6851671248
30.6873671248
30.6895671248
30.6917671248
30.6759671248
30.6779871248
30.6801853248
30.6823853068
30.6845853067
30.6867853067
30.6889853067
30.6911853067
30.6933853067
30.6908930107
30.6932530107
30.6956526107
30.6980526067
30.7004526066
30.7028526066
30.7052526066
30.7076526066
30.7100526066
30.7044526066
30.7067726066
30.7091718066
30.7115717986
30.7139717986
30.7163717986
30.7187717986
30.7211717986
30.7235717986
30.7179717986
30.7202917986
30.7226909986
30.7250909906
30.7274909905
30.7298909905
30.7322909905
30.7346909905
30.7370909905
30.7234909905
30.7257309905
30.7281293905
30.7305293745
30.7329293743
30.7353293743
30.7377293743
30.7401293743
30.7425293743
30.7409293743
30.7233293743
30.7255293743
30.7279273743
30.7303273543
30.7327273541
30.7351273541
30.7375273541
30.7399273541
30.7423273541
30.7167273541
30.7188473541
30.7212445541
30.7236445261
30.7260445258
30.7284445258
30.7308445258
30.7332445258
30.7356445258
30.7180445258
30.7202445258
30.7226425258
30.7250425058
30.7274425056
30.7298425056
30.7322425056
30.7346425056
30.7370425056
30.7238652172
30.7263252172
30.7289238172
30.7315238032
30.734123803
30.736723803
30.739323803
30.741923803
30.744523803
30.737123803
30.739623803
30.742222803
30.744822793
30.7474227929
30.7500227929
30.7526227929
30.7552227929
30.7578227929
30.7584227929
30.7610027929
30.7636025929
30.7662025909
30.7688025909
30.7714025909
30.7740025909
30.7766025909
30.7792025909
30.7758025909
30.7783425909
30.7809419909
30.7835419849
30.7861419848
30.7887419848
30.7913419848
30.7939419848
30.7965419848
30.7811419848
30.7835619848
30.7861601848
30.7887601668
30.7913601667
30.7939601667
30.7965601667
30.7991601667
30.8017601667
30.7863601667
30.7887801667
30.7913783667
30.7939783487
30.7965783485
30.7991783485
30.8017783485
30.8043783485
30.8069783485
30.7835783485
30.7859183485
30.7885157485
30.7911157225
30.7937157222
30.7963157222
30.7989157222
30.8015157222
30.8041157222
30.7887157222
30.7911357222
30.7937339222
30.7963339042
30.798933904
30.801533904
30.804133904
30.806733904
30.809333904
30.797933904
30.790533904
30.793033904
30.795632904
30.798232894
30.8008328939
30.8034328939
30.8060328939
30.8086328939
30.8112328939
30.7878328939
30.7901728939
30.7927702939
30.7953702679
30.7979702677
30.8005702677
30.8031702677
30.8057702677
30.8083702677
30.8089702677
30.8115502677
30.8141500677
30.8167500657
30.8193500656
30.8219500656
30.8245500656
30.8271500656
30.8297500656
30.8263500656
30.8288900656
30.8314894656
30.8340894596
30.8366894596
30.8392894596
30.8418894596
30.8444894596
30.8470894596
30.8476894596
30.8502694596
30.8528692596
30.8554692576
30.8580692576
30.8606692576
30.8632692576
30.8658692576
30.8684692576
30.8610692576
30.8635692576
30.8661682576
30.8687682476
30.8713682475
30.8739682475
30.8765682475
30.8791682475
30.8817682475
30.8783682475
30.8809082475
30.8835076475
30.8861076415
30.8887076414
30.8913076414
30.8939076414
30.8965076414
30.8991076414
30.8997076414
30.9022876414
30.9048874414
30.9074874394
30.9100874394
30.9126874394
30.9152874394
30.9178874394
30.9204874394
30.9130874394
30.9155874394
30.9181864394
30.9207864294
30.9233864293
30.9259864293
30.9285864293
30.9311864293
30.9337864293
30.9103864293
30.9127264293
30.9153238293
30.9179238033
30.920523803
30.923123803
30.925723803
30.928323803
30.930923803
30.931523803
30.934103803
30.936703603
30.939303601
30.941903601
30.944503601
30.947103601
30.949703601
30.952303601
30.948903601
30.941503601
30.944003601
30.946602601
30.949202591
30.9518025909
30.9544025909
30.9570025909
30.9596025909
30.9622025909
30.9548025909
30.9573025909
30.9599015909
30.9625015809
30.9651015808
30.9677015808
30.9703015808
30.9729015808
30.9755015808
30.9761015808
30.9786815808
30.9812813808
30.9838813788
30.9864813788
30.9890813788
30.9916813788
30.9942813788
30.9968813788
31.0014813788
31.0041013788
31.0067015788
31.0093015808
31.0119015808
31.0145015808
31.0171015808
31.0197015808
31.0223015808
31.0069015808
31.0093215808
31.0119197808
31.0145197628
31.0171197626
31.0197197626
31.0223197626
31.0249197626
31.0275197626
31.0121197626
31.0145397626
31.0171379626
31.0197379446
31.0223379444
31.0249379444
31.0275379444
31.0301379444
31.0327379444
31.0293379444
31.0318779444
31.0344773444
31.0370773384
31.0396773384
31.0422773384
31.0448773384
31.0474773384
31.0500773384
31.0346773384
31.0370973384
31.0396955384
31.0422955204
31.0448955202
31.0474955202
31.0500955202
31.0526955202
31.0552955202
31.0478955202
31.0503955202
31.0529945202
31.0555945102
31.0581945101
31.0607945101
31.0633945101
31.0659945101
31.0685945101
31.0611945101
31.0636945101
31.0662935101
31.0688935001
31.0714935
31.0740935
31.0766935
31.0792935
31.0818935
31.0824935
31.0850735
31.0876733
31.090273298
31.092873298
31.095473298
31.098073298
31.100673298
31.103273298
31.107873298
31.120473298
31.123173298
31.125774298
31.128374308
31.1309743081
31.1335743081
31.1361743081
31.1387743081
31.1413743081
31.1379743081
31.1405143081
31.1431137081
31.1457137021
31.148313702
31.150913702
31.153513702
31.156113702
31.158713702
31.147313702
31.149773702
31.152372302
31.154972288
31.1575722879
31.1601722879
31.1627722879
31.1653722879
31.1679722879
31.1605722879
31.1630722879
31.1656712879
31.1682712779
31.1708712778
31.1734712778
31.1760712778
31.1786712778
31.1812712778
31.1778712778
31.1804112778
31.1830106778
31.1856106718
31.1882106717
31.1908106717
31.1934106717
31.1960106717
31.1986106717
31.1872106717
31.1896706717
31.1922692717
31.1948692577
31.1974692576
31.2000692576
31.2026692576
31.2052692576
31.2078692576
31.1924692576
31.1948892576
31.1974874576
31.2000874396
31.2026874394
31.2052874394
31.2078874394
31.2104874394
31.2130874394
31.2096874394
31.2122274394
31.2148268394
31.2174268334
31.2200268333
31.2226268333
31.2252268333
31.2278268333
31.2304268333
31.2430268333
31.2457268333
31.2483278333
31.2509278433
31.2535278434
31.2561278434
31.2587278434
31.2613278434
31.2639278434
31.2605278434
31.2630678434
31.2656672434
31.2682672374
31.2708672374
31.2734672374
31.2760672374
31.2786672374
31.2812672374
31.2698672374
31.2723272374
31.2749258374
31.2775258234
31.2801258232
31.2827258232
31.2853258232
31.2879258232
31.2905258232
31.2831258232
31.2837258232
31.2863058232
31.2889056232
31.2915056212
31.2941056212
31.2967056212
31.2993056212
31.3019056212
31.3045056212
31.2971056212
31.2996056212
31.3022046212
31.3048046112
31.3074046111
31.3100046111
31.3126046111
31.3152046111
31.3178046111
31.3264046111
31.3290646111
31.3316652111
31.3342652171
31.3368652172
31.3394652172
31.3420652172
31.3446652172
31.3472652172
31.3518652172
31.3544852172
31.3570854172
31.3596854192
31.3622854192
31.3648854192
31.3674854192
31.3700854192
31.3726854192
31.3892854192
31.3920254192
31.3946268192
31.3972268332
31.3998268333
31.4024268333
31.4050268333
31.4076268333
31.4102268333
31.4108268333
31.4134068333
31.4160066333
31.4186066313
31.4212066313
31.4238066313
31.4264066313
31.4290066313
31.4316066313
31.4282066313
31.4307466313
31.4333460313
31.4359460253
31.4385460252
31.4411460252
31.4437460252
31.4463460252
31.4489460252
31.4415460252
31.4440460252
31.4466450252
31.4492450152
31.4518450151
31.4544450151
31.4570450151
31.4596450151
31.4622450151
31.4628450151
31.4654250151
31.4680248151
31.4706248131
31.4732248131
31.4758248131
31.4784248131
31.4810248131
31.4836248131
31.4762248131
31.4787248131
31.4813238131
31.4839238031
31.486523803
31.489123803
31.491723803
31.494323803
31.496923803
31.505523803
31.508183803
31.510784403
31.513384409
31.5159844091
31.5185844091
31.5211844091
31.5237844091
31.5263844091
31.5326445074
31.5394445074
31.5422845074
31.5450849074
31.5478849114
31.5506849114
31.5534849114
31.5562849114
31.5590849114
31.5618849114
31.5606849114
31.5634449114
31.5662445114
31.5690445074
31.5718445074
31.5746445074
31.5774445074
31.5802445074
31.5830445074
31.5818445074
31.5846045074
31.5874041074
31.5902041034
31.5930041033
31.5958041033
31.5986041033
31.6014041033
31.6042041033
31.6070041033
31.6098041033
31.6126041033
31.6154041033
31.6182041033
31.6210041033
31.6238041033
31.6266041033
31.6294041033
31.6242041033
31.6269241033
31.6297233033
31.6325232953
31.6353232952
31.6381232952
31.6409232952
31.6437232952
31.6465232952
31.6413232952
31.6440432952
31.6468424952
31.6496424872
31.6524424872
31.6552424872
31.6580424872
31.6608424872
31.6636424872
31.6624424872
31.6652024872
31.6680020872
31.6708020832
31.6736020831
31.6764020831
31.6792020831
31.6820020831
31.6848020831
31.6796020831
31.6823220831
31.6851212831
31.6879212751
31.690721275
31.693521275
31.696321275
31.699121275
31.701921275
31.708721275
31.711561275
31.714361675
31.717161679
31.7199616791
31.7227616791
31.7255616791
31.7283616791
31.7311616791
31.7299616791
31.7327216791
31.7355212791
31.7383212751
31.741121275
31.743921275
31.746721275
31.749521275
31.752321275
31.751121275
31.753881275
31.756680875
31.759480871
31.762280871
31.765080871
31.767880871
31.770680871
31.773480871
31.776280871
31.771080871
31.773800871
31.776600071
31.779400063
31.7822000629
31.7850000629
31.7878000629
31.7906000629
31.7934000629
31.7882000629
31.7909200629
31.7937192629
31.7965192549
31.7993192548
31.8021192548
31.8049192548
31.8077192548
31.8105192548
31.8053192548
31.8080392548
31.8108384548
31.8136384468
31.8164384468
31.8192384468
31.8220384468
31.8248384468
31.8276384468
31.8264384468
31.8291984468
31.8319980468
31.8347980428
31.8375980427
31.8403980427
31.8431980427
31.8459980427
31.8487980427
31.8555980427
31.8584380427
31.8612384427
31.8640384467
31.8668384468
31.8696384468
31.8724384468
31.8752384468
31.8780384468
31.8768384468
31.8795984468
31.8823980468
31.8851980428
31.8879980427
31.8907980427
31.8935980427
31.8963980427
31.8991980427
31.8859980427
31.8886380427
31.8914364427
31.8942364267
31.8970364266
31.8998364266
31.9026364266
31.9054364266
31.9082364266
31.8990364266
31.9017164266
31.9045152266
31.9073152146
31.9101152144
31.9129152144
31.9157152144
31.9185152144
31.9213152144
31.9161152144
31.9188352144
31.9216344144
31.9244344064
31.9272344064
31.9300344064
31.9328344064
31.9356344064
31.9384344064
31.9332344064
31.9359544064
31.9387536064
31.9415535984
31.9443535983
31.9471535983
31.9499535983
31.9527535983
31.9555535983
31.9503535983
31.9530735983
31.9558727983
31.9586727903
31.9614727902
31.9642727902
31.9670727902
31.9698727902
31.9726727902
31.9714727902
31.9782727902
31.9811127902
31.9839131902
31.9867131942
31.9895131942
31.9923131942
31.9951131942
31.9979131942
32.0007131942
31.9835131942
31.9861131942
31.9889111942
31.9917111742
31.994511174
31.997311174
32.000111174
32.002911174
32.005711174
32.004511174
32.007271174
32.010070774
32.01287077
32.01567077
32.01847077
32.02127077
32.02407077
32.02687077
32.02167077
32.02439077
32.02718997
32.029989962
32.0327899619
32.0355899619
32.0383899619
32.0411899619
32.0439899619
32.0387899619
32.0415099619
32.0443091619
32.0471091539
32.0499091538
32.0527091538
32.0555091538
32.0583091538
32.0611091538
32.0639091538
32.0667091538
32.0695091538
32.0723091538
32.0751091538
32.0779091538
32.0807091538
32.0835091538
32.0863091538
32.0851091538
32.0878691538
32.0906687538
32.0934687498
32.0962687498
32.0990687498
32.1018687498
32.1046687498
32.1074687498
32.1182687498
32.1211487498
32.1239495498
32.1267495578
32.1295495579
32.1323495579
32.1351495579
32.1379495579
32.1407495579
32.1475495579
32.1503895579
32.1531899579
32.1559899619
32.1587899619
32.1615899619
32.1643899619
32.1671899619
32.1699899619
32.1527899619
32.1553899619
32.1581879619
32.1609879419
32.1637879417
32.1665879417
32.1693879417
32.1721879417
32.1749879417
32.1737879417
32.1765479417
32.1793475417
32.1821475377
32.1849475377
32.1877475377
32.1905475377
32.1933475377
32.1961475377
32.1909475377
32.1977475377
32.2005875377
32.2033879377
32.2061879417
32.2089879417
32.2117879417
32.2145879417
32.2173879417
32.2201879417
32.2109879417
32.2136679417
32.2164667417
32.2192667297
32.2220667296
32.2248667296
32.2276667296
32.2304667296
32.2332667296
32.2256572217
32.2285572217
32.2315562217
32.2345562117
32.2375562116
32.2405562116
32.2435562116
32.2465562116
32.2495562116
32.2465562116
32.2494962116
32.2524956116
32.2554956056
32.2584956055
32.2614956055
32.2644956055
32.2674956055
32.2704956055
32.2674956055
32.2704356055
32.2734350055
32.2764349995
32.2794349994
32.2824349994
32.2854349994
32.2884349994
32.2914349994
32.2884349994
32.2913749994
32.2943743994
32.2973743934
32.3003743934
32.3033743934
32.3063743934
32.3093743934
32.3123743934
32.3093743934
32.3123143934
32.3153137934
32.3183137874
32.3213137873
32.3243137873
32.3273137873
32.3303137873
32.3333137873
32.3397020118
32.3429420118
32.3461424118
32.3493424158
32.3525424158
32.3557424158
32.3589424158
32.3621424158
32.3653424158
32.3725424158
32.3757824158
32.3789828158
32.3821828198
32.3853828198
32.3885828198
32.3917828198
32.3949828198
32.3981828198
32.3898360254
32.3931360254
32.3965350254
32.3999350154
32.4033350153
32.4067350153
32.4101350153
32.4135350153
32.4169350153
32.4103350153
32.4136350153
32.4170340153
32.4204340053
32.4238340052
32.4272340052
32.4306340052
32.4340340052
32.4374340052
32.4348340052
32.4402340052
32.4436540052
32.4470542052
32.4504542072
32.4538542073
32.4572542073
32.4606542073
32.4640542073
32.4674542073
32.4608542073
32.4641542073
32.4675532073
32.4709531973
32.4743531972
32.4777531972
32.4811531972
32.4845531972
32.4879531972
32.4973531972
32.5008131972
32.5042137972
32.5076138032
32.5110138032
32.5144138032
32.5178138032
32.5212138032
32.5246138032
32.5300138032
32.5334338032
32.5368340032
32.5402340052
32.5436340052
32.5470340052
32.5504340052
32.5538340052
32.5572340052
32.5666340052
32.5700940052
32.5734946052
32.5768946112
32.5802946113
32.5836946113
32.5870946113
32.5904946113
32.5938946113
32.5872946113
32.5905946113
32.5939936113
32.5973936013
32.6007936012
32.6041936012
32.6075936012
32.6109936012
32.6143936012
32.6117936012
32.6151336012
32.6185330012
32.6219329952
32.6253329951
32.6287329951
32.6321329951
32.6355329951
32.6389329951
32.6283329951
32.6315929951
32.6349915951
32.6383915811
32.641791581
32.645191581
32.648591581
32.651991581
32.655391581
32.660791581
32.664211581
32.667611781
32.671011783
32.674411783
32.677811783
32.681211783
32.684611783
32.688011783
32.681411783
32.684711783
32.688110783
32.691510773
32.6949107729
32.6983107729
32.7017107729
32.7051107729
32.7085107729
32.7179107729
32.7213707729
32.7247713729
32.7281713789
32.731571379
32.734971379
32.738371379
32.741771379
32.745171379
32.750571379
32.735971379
32.739191379
32.742589579
32.745989561
32.7493895608
32.7527895608
32.7561895608
32.7595895608
32.7629895608
32.7683895608
32.7718095608
32.7752097608
32.7786097628
32.7820097628
32.7854097628
32.7888097628
32.7922097628
32.7956097628
32.8010097628
32.8044297628
32.8078299628
32.8112299648
32.8146299648
32.8180299648
32.8214299648
32.8248299648
32.8282299648
32.8216299648
32.8249299648
32.8283289648
32.8317289548
32.8351289547
32.8385289547
32.8419289547
32.8453289547
32.8487289547
32.8381289547
32.8413889547
32.8447875547
32.8481875407
32.8515875406
32.8549875406
32.8583875406
32.8617875406
32.8651875406
32.8625875406
32.8659275406
32.8693269406
32.8727269346
32.8761269345
32.8795269345
32.8829269345
32.8863269345
32.8897269345
32.8831269345
32.8864269345
32.8898259345
32.8932259245
32.8966259244
32.9000259244
32.9034259244
32.9068259244
32.9102259244
32.9036259244
32.9069259244
32.9103249244
32.9137249144
32.9171249143
32.9205249143
32.9239249143
32.9273249143
32.9307249143
32.9161249143
32.9193449143
32.9227431143
32.9261430963
32.9295430961
32.9329430961
32.9363430961
32.9397430961
32.9431430961
32.9485430961
32.9519630961
32.9553632961
32.9587632981
32.9621632982
32.9655632982
32.9689632982
32.9723632982
32.9757632982
32.9811632982
32.9845832982
32.9879834982
32.9913835002
32.9947835002
32.9981835002
33.0015835002
33.0049835002
33.0083835002
33.0017835002
33.0031835002
33.0065635002
33.0099633002
33.0133632982
33.0167632982
33.0201632982
33.0235632982
33.0269632982
33.0303632982
33.0197632982
33.0230232982
33.0264218982
33.0298218842
33.033221884
33.036621884
33.040021884
33.043421884
33.046821884
33.020221884
33.023321884
33.026718884
33.030118854
33.0335188537
33.0369188537
33.0403188537
33.0437188537
33.0471188537
33.0325188537
33.0357388537
33.0391370537
33.0425370357
33.0459370355
33.0493370355
33.0527370355
33.0561370355
33.0595370355
33.0409370355
33.0441170355
33.0475148355
33.0509148135
33.0543148133
33.0577148133
33.0611148133
33.0645148133
33.0679148133
33.0413148133
33.0444148133
33.0478118133
33.0512117833
33.054611783
33.058011783
33.061411783
33.064811783
33.068211783
33.045611783
33.048751783
33.052149183
33.055549157
33.0590302519
33.0626302519
33.0662302519
33.0698302519
33.0734302519
33.0690302519
33.0725502519
33.0761494519
33.0797494439
33.0833494438
33.0869494438
33.0905494438
33.0941494438
33.0977494438
33.1013494438
33.1049494438
33.1085494438
33.1121494438
33.1157494438
33.1193494438
33.1229494438
33.1265494438
33.1301494438
33.1217494438
33.1252294438
33.1288282438
33.1324282318
33.1360282317
33.1396282317
33.1432282317
33.1468282317
33.1504282317
33.1260282317
33.1293482317
33.1329454317
33.1365454037
33.1401454034
33.1437454034
33.1473454034
33.1509454034
33.1545454034
33.1381454034
33.1257454034
33.1291854034
33.1327838034
33.1363837874
33.1399837873
33.1435837873
33.1471837873
33.1507837873
33.1543837873
33.1459837873
33.1494637873
33.1530625873
33.1566625753
33.1602625751
33.1638625751
33.1674625751
33.1710625751
33.1746625751
33.1742625751
33.1778225751
33.1814221751
33.1850221711
33.1886221711
33.1922221711
33.1958221711
33.1994221711
33.2030221711
33.1946221711
33.1981021711
33.2017009711
33.2054976575
33.2092976574
33.2130976574
33.2168976574
33.2206976574
33.2244976574
33.2102976574
33.2139176574
33.2177158574
33.2215158394
33.2253158393
33.2291158393
33.2329158393
33.2367158393
33.2405158393
33.2383158393
33.2420558393
33.2458552393
33.2496552333
33.2534552332
33.2572552332
33.2610552332
33.2648552332
33.2686552332
33.2704552332
33.2742352332
33.2780350332
33.2818350312
33.2856350312
33.2894350312
33.2932350312
33.2970350312
33.3008350312
33.2946350312
33.2983350312
33.3021340312
33.3059340212
33.3097340211
33.3135340211
33.3173340211
33.3211340211
33.3249340211
33.3107340211
33.3143540211
33.3181522211
33.3219522031
33.3257522029
33.3295522029
33.3333522029
33.3371522029
33.3409522029
33.3347522029
33.3384522029
33.3422512029
33.3460511929
33.3498511928
33.3536511928
33.3574511928
33.3612511928
33.3650511928
33.3668511928
33.3706311928
33.3744309928
33.3782309908
33.3820309908
33.3858309908
33.3896309908
33.3934309908
33.3972309908
33.3910309908
33.3888309908
33.3925709908
33.3963703908
33.4001703848
33.4039703847
33.4077703847
33.4115703847
33.4153703847
33.4191703847
33.4169703847
33.4207103847
33.4245097847
33.4283097787
33.4321097787
33.4359097787
33.4397097787
33.4435097787
33.4473097787
33.4531097787
33.4569297787
33.4607299787
33.4645299807
33.4683299807
33.4721299807
33.4759299807
33.4797299807
33.4835299807
33.4893299807
33.4931499807
33.4969501807
33.5007501827
33.5045501827
33.5083501827
33.5121501827
33.5159501827
33.5197501827
33.5255501827
33.5293701827
33.5331703827
33.5369703847
33.5407703847
33.5445703847
33.5483703847
33.5521703847
33.5559703847
33.5577703847
33.5615503847
33.5653501847
33.5691501827
33.5729501827
33.5767501827
33.5805501827
33.5843501827
33.5881501827
33.5859501827
33.5896901827
33.5934895827
33.5972895767
33.6010895766
33.6048895766
33.6086895766
33.6124895766
33.6162895766
33.6060895766
33.6097495766
33.6135481766
33.6173481626
33.6211481625
33.6249481625
33.6287481625
33.6325481625
33.6363481625
33.6341481625
33.6378881625
33.6416875625
33.6454875565
33.6492875564
33.6530875564
33.6568875564
33.6606875564
33.6644875564
33.6622875564
33.6660275564
33.6698269564
33.6736269504
33.6774269504
33.6812269504
33.6850269504
33.6888269504
33.6926269504
33.6984269504
33.7022469504
33.7060471504
33.7098471524
33.7136471524
33.7174471524
33.7212471524
33.7251410952
33.7291410952
33.7346471524
33.7331410952
33.7371010952
33.7411006952
33.7451006912
33.7491006911
33.7531006911
33.7571006911
33.7611006911
33.7651006911
33.7731006911
33.7771406911
33.7811410911
33.7851410951
33.7891410952
33.7931410952
33.7971410952
33.8011410952
33.8051410952
33.8131410952
33.8171810952
33.8211814952
33.8251814992
33.8291814992
33.8331814992
33.8371814992
33.8411814992
33.8451814992
33.8411814992
33.8451014992
33.8491006992
33.8531006912
33.8571006911
33.8611006911
33.8651006911
33.8691006911
33.8731006911
33.8691006911
33.8730206911
33.8770198911
33.8810198831
33.885019883
33.889019883
33.893019883
33.897019883
33.901019883
33.885019883
33.888819883
33.892817883
33.896817863
33.9008178628
33.9048178628
33.9089444879
33.9131444879
33.9173444879
33.9195444879
33.9237244879
33.9279242879
33.9321242859
33.9363242859
33.9405242859
33.9447242859
33.9489242859
33.9531242859
33.9553242859
33.9595042859
33.9637040859
33.9679040839
33.9721040839
33.9763040839
33.9805040839
33.9847040839
33.9889040839
33.9911040839
33.9952840839
33.9994838839
34.0036838819
34.0078838819
34.0120838819
34.0162838819
34.0204838819
34.0246838819
34.0348838819
34.0391438819
34.0433444819
34.0475444879
34.0517444879
34.0559444879
34.0601444879
34.0643444879
34.0685444879
34.0787444879
34.0830044879
34.0872050879
34.0914050939
34.095605094
34.099805094
34.104005094
34.108205094
34.112405094
34.106605094
34.108805094
34.112985094
34.117184894
34.121384892
34.125584892
34.129784892
34.133984892
34.138184892
34.142384892
34.152584892
34.156844892
34.161045492
34.165245498
34.169445498
34.173645498
34.177845498
34.182045498
34.186245498
34.196445498
34.200705498
34.204906098
34.209106104
34.2133061041
34.2175061041
34.2217061041
34.2259061041
34.2301061041
34.2323061041
34.2364861041
34.2406859041
34.2448859021
34.2490859021
34.2532859021
34.2574859021
34.2616859021
34.2658859021
34.2680859021
34.2722659021
34.2764657021
34.2806657001
34.2848657
34.2890657
34.2932657
34.2974657
34.3016657
34.2958657
34.2999657
34.3041647
34.30836469
34.3125646899
34.3167646899
34.3209646899
34.3251646899
34.3293646899
34.3235646899
34.3276646899
34.3318636899
34.3360636799
34.3402636798
34.3444636798
34.3486636798
34.3528636798
34.3570636798
34.3592636798
34.3634436798
34.3676434798
34.3718434778
34.3760434778
34.3802434778
34.3844434778
34.3886434778
34.3928434778
34.3950434778
34.3992234778
34.4034232778
34.4076232758
34.4118232758
34.4160232758
34.4202232758
34.4244232758
34.4286232758
34.4388232758
34.4430832758
34.4472838758
34.4514838818
34.4556838818
34.4598838819
34.4640838819
34.4682838819
34.4724838819
34.4826838819
34.4869438819
34.4911444819
34.4953444879
34.4995444879
34.5037444879
34.5079444879
34.5121444879
34.5163444879
34.5185444879
34.5207444879
34.5249244879
34.5291242879
34.5333242859
34.5375242859
34.5417242859
34.5459242859
34.5501242859
34.5543242859
34.5485242859
34.5526242859
34.5568232859
34.5610232759
34.5652232758
34.5694232758
34.5736232758
34.5778232758
34.5820232758
34.5682232758
34.5722432758
34.5764414758
34.5806414578
34.5848414576
34.5890414576
34.5932414576
34.5974414576
34.6016414576
34.5958414576
34.5999414576
34.6041404576
34.6083404476
34.6125404475
34.6167404475
34.6209404475
34.6251404475
34.6293404475
34.6235404475
34.6276404475
34.6318394475
34.6360394375
34.6402394374
34.6444394374
34.6486394374
34.6528394374
34.6570394374
34.6592394374
34.6634194374
34.6676192374
34.6718192354
34.6760192354
34.6802192354
34.6844192354
34.6886192354
34.6928192354
34.7030192354
34.7072792354
34.7114798354
34.7156798414
34.7198798414
34.7240798414
34.7282798414
34.7324798414
34.7366798414
34.7308798414
34.7349798414
34.7391788414
34.7433788314
34.7475788313
34.7517788313
34.7559788313
34.7601788313
34.7643788313
34.7665788313
34.7707588313
34.7749586313
34.7791586293
34.7833586293
34.7875586293
34.7917586293
34.7959586293
34.8001586293
34.7943586293
34.7984586293
34.8026576293
34.8068576193
34.8110576192
34.8152576192
34.8194576192
34.8236576192
34.8278576192
34.8140576192
34.8180776192
34.8222758192
34.8264758012
34.830675801
34.834875801
34.839075801
34.843275801
34.847475801
34.841675801
34.843875801
34.848055801
34.852255601
34.856455599
34.860655599
34.864855599
34.869055599
34.873255599
34.877455599
34.879655599
34.883835599
34.888035399
34.892235397
34.896435397
34.900635397
34.904835397
34.909035397
34.913235397
34.907435397
34.911535397
34.915734397
34.919934387
34.9241343869
34.9283343869
34.9325343869
34.9367343869
34.9409343869
34.9351343869
34.9392343869
34.9434333869
34.9476333769
34.9518333768
34.9560333768
34.9602333768
34.9644333768
34.9686333768
34.9548333768
34.9588533768
34.9630515768
34.9672515588
34.9714515586
34.9756515586
34.9798515586
34.9840515586
34.9882515586
34.9904515586
34.9946315586
34.9988313586
35.0030313566
35.0072313566
35.0114313566
35.0156313566
35.0198313566
35.0240313566
35.0262313566
35.0304113566
35.0346111566
35.0388111546
35.0430111546
35.0472111546
35.0514111546
35.0556111546
35.0598111546
35.0620111546
35.0661911546
35.0703909546
35.0745909526
35.0787909526
35.0829909526
35.0871909526
35.0913909526
35.0955909526
35.0977909526
35.1019709526
35.1061707526
35.1103707506
35.1145707505
35.1187707505
35.1229707505
35.1271707505
35.1313707505
35.1335707505
35.1377507505
35.1419505505
35.1461505485
35.1503505485
35.1545505485
35.1587505485
35.1629505485
35.1671505485
35.1613505485
35.1654505485
35.1696495485
35.1738495385
35.1780495384
35.1822495384
35.1864495384
35.1906495384
35.1948495384
35.1890495384
35.1832495384
35.1873495384
35.1915485384
35.1957485284
35.1999485283
35.2041485283
35.2083485283
35.2125485283
35.2167485283
35.2189485283
35.2231285283
35.2273283283
35.2315283263
35.2357283263
35.2399283263
35.2441283263
35.2483283263
35.2525283263
35.2467283263
35.2508283263
35.2550273263
35.2592273163
35.2634273162
35.2676273162
35.2718273162
35.2760273162
35.2802273162
35.2904273162
35.2946873162
35.2988879162
35.3030879222
35.3072879223
35.3114879223
35.3156879223
35.3198879223
35.3240879223
35.3342879223
35.3385479223
35.3427485223
35.3469485283
35.3511485283
35.3553485283
35.3595485283
35.3637485283
35.3679485283
35.3701485283
35.3743285283
35.3785283283
35.3827283263
35.3869283263
35.3911283263
35.3953283263
35.3995283263
35.4037283263
35.4059283263
35.4101083263
35.4143081263
35.4185081243
35.4227081243
35.4269081243
35.4311081243
35.4353081243
35.4395081243
35.4417081243
35.4458881243
35.4500879243
35.4542879223
35.4584879223
35.4626879223
35.4668879223
35.4710879223
35.4752879223
35.4694879223
35.4735879223
35.4777869223
35.4819869123
35.4861869122
35.4903869122
35.4945869122
35.4987869122
35.5029869122
35.5051869122
35.5093669122
35.5135667122
35.5177667102
35.5219667101
35.5261667101
35.5303667101
35.5345667101
35.5387667101
35.5329667101
35.5370667101
35.5412657101
35.5454657001
35.5496657
35.5538657
35.5580657
35.5622657
35.5664657
35.5766657
35.5628657
35.5668857
35.5710839
35.575283882
35.5794838819
35.5836838819
35.5878838819
35.5920838819
35.5962838819
35.5904838819
35.5945838819
35.5987828819
35.6029828719
35.6071828718
35.6113828717
35.6155828717
35.6197828717
35.6239828717
35.6101828717
35.6142028717
35.6184010717
35.6226010537
35.6268010536
35.6310010536
35.6352010536
35.6394010536
35.6436010536
35.6298010536
35.6338210536
35.6380192536
35.6422192356
35.6464192354
35.6506192354
35.6548192354
35.6590192354
35.6632192354
35.6574192354
35.6615192354
35.6657182354
35.6699182254
35.6741182253
35.6783182253
35.6825182253
35.6867182253
35.6909182253
35.6931182253
35.6972982253
35.7014980253
35.7056980233
35.7098980233
35.7140980233
35.7182980233
35.7224980233
35.7266980233
35.7208980233
35.7249980233
35.7291970233
35.7333970133
35.7375970132
35.7417970132
35.7459970132
35.7501970132
35.7543970132
35.7485970132
35.7526970132
35.7568960132
35.7610960032
35.7652960031
35.7694960031
35.7736960031
35.7778960031
35.7820960031
35.7682960031
35.7723160031
35.7765142031
35.7807141851
35.7849141849
35.7891141849
35.7933141849
35.7975141849
35.8017141849
35.7959141849
35.8000141849
35.8042131849
35.8084131749
35.8126131748
35.8168131748
35.8210131748
35.8252131748
35.8294131748
35.8156131748
35.8196331748
35.8238313748
35.8280313568
35.8322313566
35.8364313566
35.8406313566
35.8448313566
35.8490313566
35.8352313566
35.8294313566
35.8335313566
35.8377303566
35.8419303466
35.8461303465
35.8503303465
35.8545303465
35.8587303465
35.8629303465
35.8491303465
35.8531503465
35.8573485465
35.8615485285
35.8657485283
35.8699485283
35.8741485283
35.8783485283
35.8825485283
35.8847485283
35.8889285283
35.8931283283
35.8973283263
35.9015283263
35.9057283263
35.9099283263
35.9141283263
35.9183283263
35.9285283263
35.9327883263
35.9369889263
35.9411889323
35.9453889324
35.9495889324
35.9537889324
35.9579889324
35.9621889324
35.9643889324
35.9685689324
35.9727687324
35.9769687304
35.9811687303
35.9853687303
35.9895687303
35.9937687303
35.9979687303
35.992216889
35.996536889
36.000936089
36.005336081
36.0097360809
36.0141360809
36.0185360809
36.0229360809
36.0273360809
36.0237360809
36.0280560809
36.0324552809
36.0368552729
36.0412552728
36.0456552728
36.0500552728
36.0544552728
36.0588552728
36.0552552728
36.0595752728
36.0639744728
36.0683744648
36.0727744647
36.0771744647
36.0815744647
36.0859744647
36.0903744647
36.0867744647
36.0910944647
36.0954936647
36.0998936567
36.1042936567
36.1086936567
36.1130936567
36.1174936567
36.1218936567
36.1102936567
36.1145336567
36.1189320567
36.1233320407
36.1277320405
36.1321320405
36.1365320405
36.1409320405
36.1453320405
36.1497320405
36.1541320405
36.1585320405
36.1629320405
36.1673320405
36.1717320405
36.1761320405
36.1805320405
36.1849320405
36.1933320405
36.2017320405
36.2061720405
36.2105724405
36.2149724445
36.2193724445
36.2237724445
36.2281724445
36.2325724445
36.2369724445
36.2373724445
36.2417324445
36.2461320445
36.2505320405
36.2549320405
36.2593320405
36.2637320405
36.2681320405
36.2725320405
36.2649320405
36.2692120405
36.2736108405
36.2780108285
36.2824108284
36.2868108284
36.2912108284
36.2956108284
36.3000108284
36.3044108284
36.3088108284
36.3132108284
36.3176108284
36.3220108284
36.3264108284
36.3308108284
36.3352108284
36.3396108284
36.3320108284
36.3362908284
36.3406896284
36.3450896164
36.3494896163
36.3538896163
36.3582896163
36.3626896163
36.3670896163
36.3674896163
36.3718496163
36.3762492163
36.3806492123
36.3850492122
36.3894492122
36.3938492122
36.3982492122
36.4026492122
36.4030492122
36.4074092122
36.4118088122
36.4162088082
36.4206088082
36.4250088082
36.4294088082
36.4338088082
36.4382088082
36.4466088082
36.4510488082
36.4554492082
36.4598492122
36.4642492122
36.4686492122
36.4730492122
36.4774492122
36.4818492122
36.4902492122
36.4946892122
36.4990896122
36.5034896162
36.5078896163
36.5122896163
36.5166896163
36.5210896163
36.5254896163
36.5258896163
36.5302496163
36.5346492163
36.5390492123
36.5434492122
36.5478492122
36.5522492122
36.5566492122
36.5610492122
36.5534492122
36.5577292122
36.5621280122
36.5665280002
36.5709280001
36.5753280001
36.5797280001
36.5841280001
36.5885280001
36.5929280001
36.5973280001
36.6017280001
36.6061280001
36.6105280001
36.6149280001
36.6193280001
36.6237280001
36.6281280001
36.6325280001
36.6369280001
36.6413280001
36.6457280001
36.6501280001
36.6545280001
36.6589280001
36.6633280001
36.6677280001
36.6721280001
36.6845280001
36.6890080001
36.6934088001
36.6978088081
36.7022088082
36.7066088082
36.7110088082
36.7154088082
36.7198088082
36.7282088082
36.7326488082
36.7370492082
36.7414492122
36.7458492122
36.7502492122
36.7546492122
36.7590492122
36.7634492122
36.7598492122
36.7641692122
36.7685684122
36.7729684042
36.7773684041
36.7817684041
36.7861684041
36.7905684041
36.7949684041
36.7913684041
36.7956884041
36.8000876041
36.8044875961
36.8088875961
36.8132875961
36.8176875961
36.8220875961
36.8264875961
36.8228875961
36.8272075961
36.8316067961
36.8360067881
36.840406788
36.844806788
36.849206788
36.853606788
36.858006788
36.854406788
36.858726788
36.863125988
36.86752598
36.8719259799
36.8763259799
36.8807259799
36.8851259799
36.8895259799
36.8939259799
36.8983259799
36.9027259799
36.9071259799
36.9115259799
36.9159259799
36.9203259799
36.9247259799
36.9291259799
36.9335259799
36.9379259799
36.9423259799
36.9467259799
36.9511259799
36.9555259799
36.9599259799
36.9643259799
36.9687259799
36.9811259799
36.9856059799
36.9900067799
36.9944067879
36.998806788
37.003206788
37.007606788
37.012006788
37.016406788
37.024806788
37.029206788
37.033606788
37.038006788
37.042406788
37.046806788
37.051206788
37.055606788
37.060006788
37.064406788
37.068806788
37.073206788
37.077606788
37.082006788
37.086406788
37.090806788
37.095206788
37.099606788
37.104006788
37.108440422
37.113060422
37.117660622
37.122260624
37.126860624
37.131460624
37.136060624
37.140660624
37.145260624
37.136006788
37.140320624
37.144919224
37.14951921
37.1541192099
37.1587192099
37.1633192099
37.1679192099
37.1725192099
37.1674855759
37.1718055759
37.1762182099
37.1808181999
37.1854181998
37.1900181998
37.1946181998
37.1992181998
37.2038181998
37.1990047678
37.2033247678
37.2077239678
37.2121239598
37.2167171897
37.2213171897
37.2259171897
37.2305171897
37.2351171897
37.2465239597
37.2510039597
37.2554047597
37.2598047677
37.2642047678
37.2687777957
37.2733777957
37.2779777957
37.2825777957
37.2942047678
37.2986847678
37.3030855678
37.3074855758
37.3118855759
37.3162855759
37.3208384018
37.3254384018
37.3300384018
37.3366384018
37.3412584018
37.3458586018
37.3504586038
37.3550586038
37.3596586038
37.3642586038
37.3688586038
37.3734586038
37.3800586038
37.3846786038
37.3892788038
37.3938788058
37.3984788058
37.4030788058
37.4076788058
37.4122788058
37.4168788058
37.4234788058
37.4280988058
37.4326990058
37.4372990078
37.4418990078
37.4464990078
37.4510990078
37.4556990078
37.4602990078
37.4508990078
37.4494990078
37.4540390078
37.4586384078
37.4632384018
37.4678384018
37.4724384018
37.4770384018
37.4816384018
37.4862384018
37.4688384018
37.4732184018
37.4778162018
37.4824161798
37.4870161796
37.4916161796
37.4962161796
37.5008161796
37.5054161796
37.5040161796
37.5085561796
37.5131555796
37.5177555736
37.5223555735
37.5269555735
37.5315555735
37.5361555735
37.5407555735
37.5233555735
37.5277355735
37.5323333735
37.5369333515
37.5415333513
37.5461333513
37.5507333513
37.5553333513
37.5599333513
37.5545333513
37.5590333513
37.5636323513
37.5682323413
37.5728323412
37.5774323412
37.5820323412
37.5866323412
37.5912323412
37.5858323412
37.5903323412
37.5949313412
37.5995313312
37.6041313311
37.6087313311
37.6133313311
37.6179313311
37.6225313311
37.6331313311
37.6377913311
37.6423919311
37.6469919371
37.6515919371
37.6561919371
37.6607919371
37.6653919371
37.6699919371
37.6805919371
37.6852519371
37.6898525371
37.6944525431
37.6990525432
37.7036525432
37.7082525432
37.7128525432
37.7174525432
37.7160525432
37.7205925432
37.7251919432
37.7297919372
37.7343919371
37.7389919371
37.7435919371
37.7481919371
37.7527919371
37.7353919371
37.7397719371
37.7443697371
37.7489697151
37.7535697149
37.7581697149
37.7627697149
37.7673697149
37.7719697149
37.7705697149
37.7751097149
37.7797091149
37.7843091089
37.7889091089
37.7935091089
37.7981091089
37.8027091089
37.8073091089
37.7899091089
37.7845091089
37.7890091089
37.7936081089
37.7982080989
37.8028080988
37.8074080988
37.8120080988
37.8166080988
37.8212080988
37.8078080988
37.8122280988
37.8168262988
37.8214262808
37.8260262806
37.8306262806
37.8352262806
37.8398262806
37.8444262806
37.8470262806
37.8516062806
37.8562060806
37.8608060786
37.8654060785
37.8700060785
37.8746060785
37.8792060785
37.8838060785
37.8784060785
37.8829060785
37.8875050785
37.8921050685
37.8967050684
37.9013050684
37.9059050684
37.9105050684
37.9151050684
37.8977050684
37.9020850684
37.9066828684
37.9112828464
37.9158828462
37.9204828462
37.9250828462
37.9296828462
37.9342828462
37.9248828462
37.9293428462
37.9339414462
37.9385414322
37.9431414321
37.9477414321
37.9523414321
37.9569414321
37.9615414321
37.9601414321
37.9646814321
37.9692808321
37.9738808261
37.978480826
37.983080826
37.987680826
37.992280826
37.996880826
37.995480826
38.000020826
38.004620226
38.00922022
38.01382022
38.01842022
38.02302022
38.02762022
38.03222022
38.02682022
38.03132022
38.03591922
38.04051921
38.0451192099
38.0497192099
38.0543192099
38.0589192099
38.0635192099
38.0501192099
38.0545392099
38.0591374099
38.0637373919
38.0683373917
38.0729373917
38.0775373917
38.0821373917
38.0867373917
38.0893373917
38.0939173917
38.0985171917
38.1031171897
38.1077171897
38.1123171897
38.1169171897
38.1215171897
38.1261171897
38.1207171897
38.1233171897
38.1278971897
38.1324969897
38.1370969877
38.1416969876
38.1462969876
38.1508969876
38.1554969876
38.1600969876
38.1706969876
38.1753569876
38.1799575876
38.1845575936
38.1891575937
38.1937575937
38.1983575937
38.2029575937
38.2075575937
38.2101575937
38.2147375937
38.2193373937
38.2239373917
38.2285373917
38.2331373917
38.2377373917
38.2423373917
38.2469373917
38.2575373917
38.2621973917
38.2667979917
38.2713979977
38.2759979977
38.2805979977
38.2851979977
38.2897979977
38.2943979977
38.2929979977
38.2975379977
38.3021373977
38.3067373917
38.3113373917
38.3159373917
38.3205373917
38.3251373917
38.3297373917
38.3363373917
38.3409573917
38.3455575917
38.3501575937
38.3547575937
38.3593575937
38.3639575937
38.3685575937
38.3731575937
38.3717575937
38.3762975937
38.3808969937
38.3854969877
38.3900969876
38.3946969876
38.3992969876
38.4038969876
38.4084969876
38.3990969876
38.4035569876
38.4081555876
38.4127555736
38.4173555735
38.4219555735
38.4265555735
38.4311555735
38.4357555735
38.4383555735
38.4429355735
38.4475353735
38.4521353715
38.4567353715
38.4613353715
38.4659353715
38.4705353715
38.4751353715
38.4857353715
38.4903953715
38.4949959715
38.4995959775
38.5041959775
38.5087959775
38.5133959775
38.5179959775
38.5225959775
38.5251959775
38.5297759775
38.5343757775
38.5389757755
38.5435757755
38.5481757755
38.5527757755
38.5573757755
38.5619757755
38.5725757755
38.5751757755
38.5797557755
38.5843555755
38.5889555735
38.5935555735
38.5981555735
38.6027555735
38.6073555735
38.6119555735
38.6065555735
38.6110555735
38.6156545735
38.6202545635
38.6248545634
38.6294545634
38.6340545634
38.6386545634
38.6432545634
38.6218545634
38.6261945634
38.6307919634
38.6353919374
38.6399919371
38.6445919371
38.6491919371
38.6537919371
38.6583919371
38.6449919371
38.6494119371
38.6540101371
38.6586101191
38.663210119
38.667810119
38.672410119
38.677010119
38.681610119
38.672210119
38.676670119
38.681268719
38.685868705
38.6904687048
38.6950687048
38.6996687048
38.7042687048
38.7088687048
38.6914687048
38.6958487048
38.7004465048
38.7050464828
38.7096464826
38.7142464826
38.7188464826
38.7234464826
38.7280464826
38.7106464826
38.7150264826
38.7196242826
38.7242242606
38.7288242604
38.7334242604
38.7380242604
38.7426242604
38.7472242604
38.7458242604
38.7503642604
38.7549636604
38.7595636544
38.7641636543
38.7687636543
38.7733636543
38.7779636543
38.7825636543
38.7851636543
38.7897436543
38.7943434543
38.7989434523
38.8035434523
38.8081434523
38.8127434523
38.8173434523
38.8219434523
38.8165434523
38.8210434523
38.8256424523
38.8302424423
38.8348424422
38.8394424422
38.8440424422
38.8486424422
38.8532424422
38.8318424422
38.8361824422
38.8407798422
38.8453798162
38.8499798159
38.8545798159
38.8591798159
38.8637798159
38.8683798159
38.8549798159
38.8575798159
38.8621598159
38.8667596159
38.8713596139
38.8759596139
38.8805596139
38.8851596139
38.8897596139
38.8943596139
38.8969596139
38.9015396139
38.9061394139
38.9107394119
38.9153394119
38.9199394119
38.9245394119
38.9291394119
38.9337394119
38.9283394119
38.9328394119
38.9374384119
38.9420384019
38.9466384018
38.9512384018
38.9558384018
38.9604384018
38.9650384018
38.9516384018
38.9560584018
38.9606566018
38.9652565838
38.9698565836
38.9744565836
38.9790565836
38.9836565836
38.9882565836
38.9708565836
38.9752365836
38.9798343836
38.9844343616
38.9890343614
38.9936343614
38.9982343614
39.0028343614
39.0074343614
39.0060343614
39.0105743614
39.0151737614
39.0197737554
39.0243737553
39.0289737553
39.0335737553
39.0381737553
39.0427737553
39.0493737553
39.0539937553
39.0585939553
39.0631939573
39.0677939573
39.0723939573
39.0769939573
39.0815939573
39.0861939573
39.0927939573
39.0974139573
39.1020141573
39.1066141593
39.1112141594
39.1158141594
39.1204141594
39.1250141594
39.1296141594
39.1322141594
39.1367941594
39.1413939594
39.1459939574
39.1505939573
39.1551939573
39.1597939573
39.1643939573
39.1689939573
39.1715939573
39.1761739573
39.1807737573
39.1853737553
39.1899737553
39.1945737553
39.1991737553
39.2037737553
39.2083737553
39.2029737553
39.2074737553
39.2120727553
39.2166727453
39.2212727452
39.2258727452
39.2304727452
39.2350727452
39.2396727452
39.2262727452
