29.3124631135
29.4976631135
29.6068631135
29.3801886345
29.1565886345
29.1908263186
29.3070045141
29.5989677192
29.7113535708
30.0245535708
30.4177535708
30.4010045141
30.3089677192
30.3437677192
30.632421309
30.9634724573
31.1590724573
31.0506724573
31.0455575865
31.3445064382
31.5260456055
31.5586967538
31.6111575865
31.7815575865
31.7599575865
31.8061064382
32.0357064382
31.7443066432
32.1295575865
32.3999575865
32.4451066432
32.6587066432
32.9843066432
33.6539066432
34.0955066432
34.4371066432
34.7067066432
35.4283066432
35.2459066432
35.6835066432
35.7931066432
35.9187066432
35.9003066432
36.0579066432
36.5279575865
36.5623575865
36.7187066432
37.2443066432
37.3687463343
37.8047463343
38.0327463343
38.2376778854
38.5437175765
38.8037175765
39.1974839424
39.492600448
39.7280505242
40.4056505242
40.4912505242
40.6448505242
