theta = 
 [[ 0  2  3  4  5  6  7  8  9 10]
 [ 2  0  6  8 10 12 14 16 18 20]
 [ 3  6  0 12 15 18 21 24 27 30]
 [ 4  8 12  0 20 24 28 32 36 40]
 [ 5 10 15 20  0 30 35 40 45 50]
 [ 6 12 18 24 30  0 42 48 54 60]
 [ 7 14 21 28 35 42  0 56 63 70]
 [ 8 16 24 32 40 48 56  0 72 80]
 [ 9 18 27 36 45 54 63 72  0 90]
 [10 20 30 40 50 60 70 80 90  0]]
theta_est = 
 [[ 5.48813504  7.15189366  6.02763376  5.44883183  4.23654799  6.45894113
   4.37587211  8.91773001  9.63662761  3.83441519]
 [ 7.91725038  5.2889492   5.68044561  9.25596638  0.71036058  0.871293
   0.20218397  8.32619846  7.78156751  8.70012148]
 [ 9.78618342  7.99158564  4.61479362  7.80529176  1.18274426  6.39921021
   1.43353287  9.44668917  5.21848322  4.1466194 ]
 [ 2.64555612  7.74233689  4.56150332  5.68433949  0.187898    6.17635497
   6.12095723  6.16933997  9.43748079  6.81820299]
 [ 3.59507901  4.37031954  6.97631196  0.60225472  6.66766715  6.7063787
   2.10382561  1.28926298  3.15428351  3.63710771]
 [ 5.7019677   4.38601513  9.88373838  1.02044811  2.08876756  1.61309518
   6.53108325  2.53291603  4.66310773  2.44425592]
 [ 1.58969584  1.10375141  6.56329589  1.38182951  1.96582362  3.68725171
   8.2099323   0.97101276  8.37944907  0.96098408]
 [ 9.76459465  4.68651202  9.76761088  6.0484552   7.39263579  0.39187792
   2.82806963  1.20196561  2.96140198  1.18727719]
 [ 3.17983179  4.14262995  0.64147496  6.92472119  5.66601454  2.65389491
   5.23248053  0.93940511  5.75946496  9.29296198]
 [ 3.18568952  6.6741038   1.31797862  7.16327204  2.89406093  1.83191362
   5.86512935  0.20107546  8.28940029  0.04695476]]
2310.52325893
2310.1543183
2310.47022889
2310.400988
2310.25189559
2309.97000466
2309.93478575
2309.73803357
2309.73966604
2309.38728237
2308.95135853
2308.78445137
2308.59638398
2308.6881033
2308.65462049
2308.67588567
2308.64969832
2308.41103644
2308.41424983
2308.63588196
2309.17169828
2309.00265644
2309.15264388
2309.26164512
2309.30972112
2309.73694597
2310.05473822
2310.09143614
2310.16532312
2310.37558199
2310.39120458
2310.50888081
2310.47557757
2310.50476454
2310.5105764
2310.51615452
2310.4777303
2310.91086606
2311.06871742
2311.25181593
2311.23916692
2311.36056043
2311.43978936
2311.93090192
2313.38913305
2314.74964299
2315.88106125
2316.09381543
2316.12138298
2316.03909865
2316.00371581
2315.94880198
2315.94969284
2316.65914175
2317.07567624
2317.16528158
2317.85961764
2317.784001
2317.70068483
2318.36529167
2318.36937774
2317.6388586
2317.88899259
2318.26461476
2319.11813097
2319.98810613
2320.87024588
2321.33650728
2321.53060989
2321.92599092
2322.60738473
2322.94363867
2323.54044121
2324.09584923
2324.23884331
2324.22571326
2324.33502195
2324.70955504
2324.81074037
2325.42119223
2325.54073674
2325.36737219
2326.07107854
2326.85155561
2327.37680038
2327.55549283
2327.72271975
2328.18583202
2329.01590314
2329.56964385
2329.98862126
2330.03025103
2330.51210733
2330.6263659
2330.77294848
2330.88385431
2331.49440336
2331.61756892
2332.47685606
2332.49496893
theta_est = 
 [[  5.55558105e+00   7.81180761e+00   4.11818470e+00   5.48728844e+00
    4.69357159e+00   3.29728934e+00   2.01557511e+00   3.92762278e+00
    1.31011106e+01   1.47864180e+00]
 [  8.59505497e+00   5.37342472e+00   3.59983588e+00   1.01954788e+01
    4.41136884e+00  -2.37986096e+00  -1.23416781e+00   3.20891956e+00
    9.18203977e+00   6.54157580e+00]
 [  7.87573035e+00   5.89096027e+00   4.71034742e+00   4.77744029e+00
   -1.72403483e+00   7.67243480e+00   2.28878169e+00   1.45739131e+01
    3.47129473e+00   3.71536885e+00]
 [  2.64924777e+00   8.69511514e+00   1.48228659e+00   5.71344871e+00
    1.17269772e+00   4.80432983e+00   7.08192444e+00   4.47421624e+00
    1.18118682e+01   5.17540347e+00]
 [  4.11753629e+00   8.02625346e+00   4.07074599e+00   1.61957549e+00
    6.74808059e+00   3.45659269e+00  -7.09103636e-03   1.07735471e+00
    6.34537663e+00   2.59889201e+00]
 [  2.49721399e+00   1.18249960e+00   1.11121246e+01  -3.49083419e-01
   -1.21961123e+00   1.69773227e+00   7.32394092e+00   7.08879734e+00
    2.11507472e+00   8.94779967e+00]
 [ -7.59956032e-01  -3.75788302e-01   7.48954091e+00   2.37229744e+00
   -5.66794326e-02   4.48500679e+00   8.21009524e+00   2.42371521e+00
    7.77011661e+00   2.31573295e+00]
 [  4.76931416e+00  -4.83992626e-01   1.48845743e+01   4.28922247e+00
    7.16802198e+00   4.91289297e+00   4.27929466e+00   1.29469089e+00
   -4.55537315e-01   7.73341443e+00]
 [  6.63841702e+00   5.51681363e+00  -1.11409180e+00   9.25726913e+00
    8.87932713e+00   1.26749037e-01   4.60351597e+00  -2.48910029e+00
    5.83219435e+00   6.75134979e+00]
 [  7.73903216e-01   4.46680177e+00   8.76234677e-01   5.57228605e+00
    1.82965369e+00   8.37801210e+00   7.22551307e+00   6.76968922e+00
    5.72214004e+00   8.98149251e-02]]
