theta = 
 [[ 0  2  3  4  5  6  7  8]
 [ 2  0  6  8 10 12 14 16]
 [ 3  6  0 12 15 18 21 24]
 [ 4  8 12  0 20 24 28 32]
 [ 5 10 15 20  0 30 35 40]
 [ 6 12 18 24 30  0 42 48]
 [ 7 14 21 28 35 42  0 56]
 [ 8 16 24 32 40 48 56  0]]
theta_est = 
 [[ 4.39050803  5.72151493  4.82210701  4.35906546  3.38923839  5.1671529
   3.50069769  7.13418401]
 [ 7.70930208  3.06753215  6.3338003   4.23115936  4.54435649  7.40477311
   0.56828847  0.6970344 ]
 [ 0.16174718  6.66095876  6.22525401  6.96009719  7.82894674  6.39326851
   3.6918349   6.24423341]
 [ 0.94619541  5.11936817  1.1468263   7.55735134  4.17478657  3.31729552
   2.1164449   6.19386952]
 [ 3.64920266  4.54747159  0.1503184   4.94108398  4.89676578  4.93547197
   7.54998463  5.45456239]
 [ 2.8760632   3.49625563  5.58104957  0.48180377  5.33413372  5.36510296
   1.68306049  1.03141038]
 [ 2.52342681  2.90968617  4.56157416  3.50881211  7.9069907   0.81635849
   1.67101405  1.29047614]
 [ 5.2248666   2.02633282  3.73048618  1.95540474  1.27175667  0.88300113
   5.25063672  1.10546361]]
743.005050378
706.143877685
677.446962412
668.863254251
657.076043539
651.099452309
636.157243656
642.638891359
639.910552981
635.505473804
632.593780022
634.831471992
635.008523497
633.453200777
635.797776187
633.083526826
628.288651828
626.062165416
619.043400551
619.176712903
608.749377039
607.573633872
602.494638899
602.224834596
606.515447702
601.466912638
607.844333872
603.859837544
603.53357512
592.504761561
594.188809304
590.649098868
585.491882882
584.628015654
585.078648502
581.502018244
576.503644717
579.630127967
570.472944824
574.628600867
569.191533039
571.231020637
560.40949747
554.436872506
550.012891773
547.194477303
551.788824918
554.171602362
551.152791691
548.807136331
544.195597894
546.431879269
540.196506114
533.175105636
531.861832123
537.430704
532.058999191
528.953471078
528.425757138
529.438996646
527.886247549
523.732658266
525.474966407
522.194618094
518.751896602
512.853795656
517.390239423
513.039655417
521.514490946
525.893139741
527.56057821
514.834137628
511.668980242
513.956291885
524.954045216
512.869012892
506.58921507
515.300706764
512.999906246
509.173879875
507.159424339
505.368487086
506.477335192
497.696019513
493.409159417
507.827978339
503.031428979
497.368298741
497.901387681
491.565069524
497.091249083
495.767026576
496.044418901
509.208854831
502.579497612
497.288526601
494.533104766
499.618284968
489.606163424
495.515608176
498.417843721
485.284818212
488.363547159
493.773415841
497.952072873
493.34963947
494.318173878
481.837225886
492.720762019
487.682772345
498.504716215
499.277339264
506.872058717
496.414092034
488.757017881
488.622264116
480.251788475
484.42393561
474.048835564
488.574807539
482.526573252
495.32197096
476.132107825
479.218806259
482.033930064
478.96946026
477.84768861
475.674608876
485.61146631
474.519626356
473.936564469
479.116844369
471.353559234
477.221521006
475.421624017
478.301487385
472.624658579
471.807419902
481.859153559
480.309759933
471.972811157
464.673796109
470.912070051
470.274034419
475.372239519
459.311618752
480.010915022
476.20709569
476.754815978
473.05850407
456.659970016
462.11783899
470.901954114
462.747820911
469.452343355
458.933518252
466.080834178
470.706678913
465.084496379
460.426039229
461.367214595
465.25211114
463.478867276
466.588933891
459.376168557
462.095826677
463.350773022
455.296344649
452.673644772
449.307609946
461.632350487
451.731851256
444.712323333
452.917325273
454.337726746
458.497428948
456.252359886
453.260668471
458.42186501
454.198741758
453.811507545
455.882152683
458.460122933
457.822708593
445.078441624
455.802215516
453.68725176
453.395955495
458.192462718
457.566827643
461.695844639
458.484610949
503.213549598
489.156033407
475.657888216
462.157063157
457.041764732
475.912297513
461.259570981
493.15106767
468.797632847
458.706905121
458.494649555
473.178556432
459.875583077
456.779996623
468.395834654
464.88665615
463.220246827
462.301229999
462.773299518
459.069105174
463.01692109
467.686423078
460.602644068
458.375197495
463.401747604
471.047497309
467.640081378
470.252464193
465.888015386
476.408825126
468.777994083
457.337368502
466.61485424
457.599674835
464.767560616
464.534025192
467.925650683
469.437080248
470.994558898
466.701649864
466.426334205
460.954193964
466.972558664
463.601995082
470.114040885
473.242791634
473.104763602
481.583537984
476.673046323
463.546428987
475.212630634
468.116897139
468.106851388
470.505320378
476.277009603
467.07859397
478.186883708
495.309480979
482.140167803
487.663716659
465.377162161
468.760525046
463.114553784
483.885201033
485.296530166
488.858843515
485.371907096
481.327733981
480.028959593
467.851596943
475.785801198
478.621047521
478.76188639
484.395155835
475.404316574
480.930552028
473.688367402
495.53081231
519.39149614
523.900323996
498.629536162
485.958080576
482.560588148
486.33249603
477.133521504
480.694367778
486.709123096
491.646609907
489.971187431
497.938522555
489.589398525
480.671560993
508.521075091
487.481528101
489.494610778
477.893877708
484.585319896
494.463398576
488.794623146
478.048672514
483.34727047
482.141360562
484.468306822
478.886519544
484.053129733
488.609296872
481.904025133
489.037793459
486.383437599
484.739407128
485.015092582
490.663819092
485.249566963
497.803838218
501.806617398
495.089401643
496.037964492
491.877327221
487.471936618
506.561945696
506.81960337
520.028518411
499.471465156
488.407614091
495.641707324
511.814444458
501.078367885
506.257462242
515.992530373
503.131748753
495.157027468
489.511543669
501.945308739
493.820640144
495.746688537
505.409516687
499.508602032
492.418024837
500.759249955
493.966678811
495.809121544
493.179452258
493.029994399
503.350936541
504.918729635
494.808519875
508.993167825
501.890548763
516.04693653
506.462089767
496.209692721
500.153333438
505.043191822
515.266345344
515.890801177
510.926221168
505.992270057
506.036646916
504.63530527
512.944824049
514.033174963
514.509942445
518.099985294
516.243002986
502.394041784
502.619877365
528.578857364
513.156602995
523.607170101
516.924107613
533.715456982
521.283992361
524.013408909
509.807079496
526.639457924
530.795727483
527.493480031
515.443045818
498.78372707
510.687362006
510.892024246
518.181290969
520.415483239
511.494291417
506.808838503
518.985818993
523.178794909
516.182066192
519.717061913
525.792141858
538.503282064
525.905932178
549.946018968
526.962200283
540.745254886
536.496117245
530.455640467
526.652913716
530.39315453
530.747628447
538.614808972
534.124108087
521.121180309
520.892167114
526.117807329
544.121188628
544.63257906
532.046383451
513.509823618
537.796797392
527.098977662
521.545991628
542.827304409
550.441592667
534.164122422
545.497943665
530.932405799
536.63491846
526.679544067
540.681394438
536.410808969
533.99709826
533.296417841
517.011203616
545.830994641
550.140651754
541.588570002
537.926660373
540.990448531
553.395405557
562.020116494
558.742759951
547.24812819
551.917877847
550.048546597
542.461906208
526.229166595
538.208382782
557.545368134
556.697757188
555.476372567
544.985469561
548.073693123
572.261662813
562.714899965
571.421188319
559.436862028
549.61235505
558.394069939
555.886374087
564.964673831
567.817661249
562.062480848
563.610045279
561.386630549
560.866418609
569.817473771
557.662011773
548.7990204
557.513026212
542.991749939
555.176465226
564.108041957
559.230969349
584.955941426
561.594659239
568.622080826
576.367542135
575.709587906
551.123064991
569.991791463
573.099655901
601.902218651
599.574831857
635.2924306
616.615057328
578.222619333
574.807504372
574.251119514
572.05936376
567.170834934
579.919860151
561.016632507
561.127610667
569.912848444
569.156095559
579.059153591
573.413272997
574.140141719
575.304813427
570.708356856
576.176017856
574.728134395
573.8890939
578.305422422
568.976141687
578.157725379
567.662962911
573.302086861
600.082607299
589.360210571
582.596251999
568.546299424
574.354912981
591.337498165
581.851803899
574.777481806
645.126821352
638.481046853
613.60124936
623.050516737
599.709407972
595.277772086
589.866502288
588.768833193
597.970179661
603.906230441
591.396216392
584.498620264
577.633712536
591.272534479
625.206738545
597.462580505
599.715830284
614.711503969
594.344487116
592.711146804
587.358453061
660.261145651
636.787372147
616.76298986
618.094863029
602.213350898
619.552395357
606.036105089
611.950582001
598.636161221
595.876955146
606.014493275
605.627538466
608.280711361
602.843523971
617.560516814
641.845492634
611.280135761
616.716607148
614.578670482
609.431378484
608.349333913
611.06409792
609.867282992
620.657344111
607.717630304
613.557557816
621.644169701
616.830171807
642.986303261
610.127520703
628.955646194
665.376058919
664.953512692
670.318068233
650.498022712
636.09113886
633.668966212
633.083132482
631.177577482
641.1133419
638.792393643
632.321191488
631.039870485
629.615962181
648.532918751
653.452878562
638.121905078
638.135709858
628.860828485
647.139371305
641.758232008
644.316025722
657.123704235
648.725776252
640.500192906
647.167483682
642.071451359
643.620967405
648.355699059
646.848319734
651.573912436
650.726521264
636.703570065
640.373854861
638.465881562
638.566742109
645.973474117
656.150323195
652.742585002
667.70259364
652.708201198
642.339297721
653.933390746
669.433039932
653.936681828
655.789367935
663.706134391
658.385290259
647.744236037
662.452263618
672.242137002
674.219991304
681.805525554
688.285468133
715.560534843
698.094501808
687.526325631
683.724942616
665.025721716
674.566876382
672.160561478
684.531509844
680.501586508
680.892022433
694.309861246
680.745181821
671.060278995
672.512124643
677.730307803
680.301755982
667.418098186
676.338124983
665.075218184
669.380730832
694.120357519
697.001178132
689.463146045
657.056163425
669.570652587
677.026418948
687.641287648
664.223696264
674.17125684
677.815703258
677.243803444
674.31101668
682.367774768
692.748263787
675.546949296
695.595303453
710.997190608
712.20371827
751.524018466
733.199412671
699.247842032
686.563947628
702.061754902
714.295848675
690.819367534
709.891968963
708.65928671
706.446137238
716.312024859
688.894806823
697.228772605
709.59305273
694.655005091
698.357229623
696.927643227
704.942028526
731.801717669
731.943507149
719.256549258
730.591696895
713.099634031
720.647026129
712.419666642
702.405580299
726.204128528
727.604189795
720.561877494
706.388265022
703.538906198
721.268904428
710.497189921
704.407742272
733.239991306
763.172909146
784.219762664
808.738390509
792.635547052
830.574185858
774.742028474
747.073344578
721.782963902
728.038116657
714.80234915
718.738927229
777.09340679
727.379449771
737.058361361
717.227309853
732.325814614
750.992086312
748.508138723
740.997890565
748.203807813
729.497201706
726.669557281
728.336487135
778.609041749
757.300066216
741.241922391
724.288032648
728.337882963
765.875238653
766.499871973
754.253357079
750.748820242
754.764067758
739.59360983
741.040350241
747.340111404
757.056605953
774.99935662
751.579496393
760.274541696
743.259837043
758.155480083
826.273990546
784.01309739
783.580258235
774.452331307
755.359526183
771.948198612
764.25395605
809.23733806
802.451131
800.845722811
796.957496182
802.72600349
801.152351347
788.377219794
764.160499608
764.040800172
770.584002074
811.419250327
819.129605534
781.749223056
831.591338952
808.456687014
808.71912247
761.363615164
776.024014122
776.350049531
766.814255618
755.670459894
764.482781392
753.888608933
782.200505365
775.769183664
783.485021627
805.272740982
842.375011292
826.173535739
815.365322812
772.577072197
790.944036686
837.685857104
809.018747039
795.92775228
803.99263964
805.454598367
786.647941962
813.536122628
820.382748362
813.679213558
800.273047165
785.511918232
825.639967982
793.460176655
816.79232378
812.166972898
791.453154374
805.913535016
800.736874927
844.835254033
825.609040747
811.223688877
814.598778749
801.950082233
823.647967727
824.074910859
816.828683036
846.774732936
860.325228908
872.994337999
829.399389321
807.925720222
825.083781773
823.553393252
810.901172912
836.177824212
831.404900986
806.212674987
828.537126734
813.967658429
831.568428491
818.942976443
824.741845267
821.043869196
855.62465127
827.718305822
850.320683085
844.224564121
828.459732739
828.69238519
857.137936841
845.04990522
836.122145531
825.321272627
828.012051159
820.700442454
818.176299086
821.39717397
821.810492777
845.995411554
825.297954204
841.959102884
859.484492551
840.678199489
830.942911141
863.697330937
851.928578463
829.478405261
824.411444727
837.683622307
833.912261979
847.840301248
847.967177674
836.602529237
853.774129423
840.671375255
838.257129065
842.609227757
834.406743227
844.291365563
833.353710725
841.481798998
860.004894993
848.534053221
832.8416486
832.242323338
855.694277096
885.486909657
877.498397165
862.47953201
849.791960824
853.361707039
871.515840696
867.515521384
854.264050921
870.597423455
891.00135138
872.71417475
860.369675709
863.818648749
885.927638274
863.166521596
876.746888574
854.119940489
870.206766121
862.72212734
890.862217519
875.398694769
871.038777833
874.20316584
881.714111318
888.366712184
881.407817764
880.424865896
874.262989152
875.560325303
880.576564525
873.848579763
871.309972601
888.621211498
889.000673208
875.380432988
884.665367721
878.201839979
897.751074704
890.140487368
880.404237509
874.147253246
915.124735879
893.226975301
899.549062317
884.822032752
894.767695654
904.723090916
897.898134824
899.832667988
883.797149943
885.699610053
900.833887815
886.891147435
889.228722034
881.856086402
876.349743071
887.598370634
902.573544852
899.955453747
960.025646539
971.430305969
934.998044934
910.448573512
1005.19906468
957.382494314
938.377402121
966.845395061
921.60228073
904.689022657
918.1171128
931.239853478
905.301365683
914.346700552
916.310453765
921.681969103
937.93517466
927.576397529
910.412404317
915.825052526
903.104854658
911.29306634
905.192616074
913.399584637
912.443633151
929.181361973
911.579847341
921.685387507
969.64960886
944.905096609
933.330770351
979.462493469
941.767297294
919.857439701
936.880975475
920.398821454
922.173153004
941.153832826
964.837958167
937.86030478
949.121190329
921.800627038
925.089267984
927.002084985
946.157519716
951.10812796
943.584439714
942.015792297
948.650983255
967.597078256
949.72872799
954.972441224
975.193124088
956.991554487
949.496240185
945.739394847
976.193057817
949.020227964
952.515953669
950.542775733
977.367601694
964.335825411
1036.16521417
1006.12132738
989.843733397
970.174932263
1003.55311227
1002.77945153
1002.27321018
977.034413565
1053.99252331
1046.24902505
985.104379461
982.92461406
1005.35442526
995.148268815
992.293494339
991.241512118
1002.78677314
1018.42193342
1011.99756003
990.760258338
969.128916198
1013.48085052
1000.57980967
977.322874793
976.602017517
972.24300942
996.468335711
984.807144254
986.927589562
973.481546927
994.451754877
978.434932946
984.775125449
993.923149028
1002.9207968
theta_est = 
 [[  97.18324896   -2.4791993     7.69038189    3.5298028     6.87158955
     7.9357859     9.66319615    3.54680403]
 [   5.65036479   99.98414336    8.53652392    2.89950592    8.79295392
    15.20647475    8.16380968   14.76949155]
 [  -2.05088754    5.58084819   97.68026902   19.42345534   19.37645521
    14.15872038   13.09266472   17.0195509 ]
 [   4.95375315   12.77870873    9.83338479  105.10593083   15.18662218
    26.3464       22.18775413   31.80849524]
 [   4.59183692    6.14253956   14.34771147   14.66905709  102.55045797
    27.33119573   27.94236608   50.69927903]
 [   7.18666322   15.90362165   16.64602103   22.05560221   27.25585404
   105.79589085   41.22635102   41.63228346]
 [   5.88814558   10.5183059    16.89725011   24.66193597   29.77320221
    41.71467421  101.38449235   51.10755143]
 [   4.22943691   19.96340273   23.21432008   32.22456417   41.07876122
    39.05947564   48.26631411   94.95873438]]
