theta = 
 [[ 0  2  3  4]
 [ 2  0  6  8]
 [ 3  6  0 12]
 [ 4  8 12  0]]
theta_est = 
 [[ 0  2  3  4]
 [ 2  0  6  8]
 [ 3  6  0 12]
 [ 4  8 12  0]]
that_est[1][1] =  0
0.644
1.288
1.932
2.576
3.22
3.864
4.508
5.152
5.796
6.44
7.084
7.728
8.372
9.016
9.66
10.304
10.948
11.592
12.236
12.88
13.524
14.168
14.812
15.456
16.1
16.744
17.388
18.032
18.676
19.32
19.964
20.608
21.252
21.896
22.54
23.184
23.828
24.472
25.116
25.76
26.404
27.048
27.692
28.336
28.98
29.624
30.268
30.912
31.556
32.2
32.844
33.488
34.132
34.776
35.42
36.064
36.708
37.352
37.996
38.64
39.284
39.928
40.572
41.216
41.86
42.504
43.148
43.792
44.436
45.08
45.724
46.368
47.012
47.656
48.3
48.944
49.588
50.232
50.876
51.52
52.164
52.808
53.452
54.096
54.74
55.384
56.028
56.672
57.316
57.96
58.604
59.248
59.892
60.536
61.18
61.824
62.468
63.112
63.756
64.4
theta_est = 
 [[-10.    3.6   3.4   4.6]
 [  3.6 -10.    6.   12.6]
 [  3.4   6.  -10.   17. ]
 [  4.6  12.6  17.  -10. ]]
