#	result23.txt と同じだが、val 0.1* を0.01倍にした。（高温でkinetic energyの多い粒子を増やした）
# 	n = 8  # number of Ising variables
# 	T = 250 # number of epoc for theta
# 	N = 10000 # number of smples, comes form true Prob
# 	N_est = 100 # number of smples, comes form estimated Prob
# 	ypc = 10 # descent ratio
# 	cord = 0 # changiable spin va
758.435050378
728.194215227
705.865093165
696.475024041
680.815700808
649.92673037
635.779682282
617.454770328
586.66064505
587.353786764
580.152916754
564.047413806
562.003893721
541.420329581
538.895529991
536.986084322
539.750248277
534.073121807
532.569346223
532.834726948
524.182690593
519.602098581
522.467278771
513.396850573
509.199040792
507.019585801
483.818599497
484.088865316
475.268643461
475.146721243
474.711782021
465.276658525
462.550614621
466.693613817
458.101323809
460.581680908
447.572764479
441.786560287
439.136680995
443.082007616
433.087740882
427.354078215
431.419572896
425.350702508
415.45151806
410.97666261
411.001459955
406.958922969
411.674406691
408.17125551
406.814058521
409.893638552
404.494310516
395.746765947
395.411025646
394.358333208
389.398739199
393.510911685
394.283643007
388.903206476
397.867754815
397.575609147
395.371883602
390.659697179
388.71874028
382.699174278
380.137552261
377.783306899
388.954541546
396.305471426
397.810711172
396.523203939
400.269807034
396.417441026
398.213904516
393.839695035
390.148774655
392.223905472
398.759070334
399.4211616
393.521509511
388.266450999
385.614483823
379.488791251
377.276370014
369.30785032
365.143532377
365.532590676
366.318296336
371.142160857
368.86494755
368.461224838
361.761687592
362.699707149
364.211064432
354.196686701
361.06411891
350.532149766
352.604624794
347.066267197
343.361083618
342.143205976
345.487458809
348.280655842
353.246506002
351.246428811
342.253434567
333.168439172
329.73330819
330.764017163
337.619305004
334.67127077
342.478036502
330.12487767
332.737518242
329.694929801
333.518803918
336.382183139
338.04055945
334.425474301
344.976826352
345.510763954
353.505201242
339.87022329
336.102622203
331.973299862
330.706652686
333.648161438
345.10463954
335.628486443
351.582138156
352.363162566
354.281507053
361.912539868
350.06594368
354.721067108
357.85107208
357.450790455
348.652775375
358.081771394
357.322817912
350.393264569
339.18168046
341.51018833
342.823584861
349.017621922
346.600640619
348.790367764
342.127513445
343.30613393
351.549043839
351.898597913
349.82636945
347.842524057
346.730573422
331.024013619
331.309967086
325.685839444
329.290251806
322.64678805
326.590974644
315.811201256
324.538183885
326.127090911
322.707654422
323.983223713
334.103606323
329.389728409
329.488556948
324.663152467
320.626380039
319.113045123
321.669057062
320.409573858
318.710520628
312.267805025
318.595564759
319.487032291
318.49629259
313.229959565
309.613058623
300.864672452
290.898268455
289.405653104
285.787707128
294.527419943
304.705844828
300.590980006
298.271370179
300.765527416
315.442856366
306.964984495
310.325438785
325.68589337
320.282760208
325.600891357
321.595440902
314.395723261
327.086877722
333.945604137
336.658447835
336.640415793
334.671362272
340.288507404
341.370529374
344.12439402
344.961066735
360.366045699
355.260482747
370.762392252
374.28215345
370.46970498
371.512662231
363.01222719
351.991553624
349.21501889
348.14009649
350.521038833
360.172078068
361.439736379
366.440355349
364.016815812
359.547632287
356.240212021
361.376765706
361.23020738
358.074586353
376.631028058
380.763313156
387.449793952
379.850041675
383.298541119
391.384987408
387.043733946
393.5070478
388.391369089
380.398486553
364.729782414
361.479570118
364.788537239
370.408645463
362.769203788
367.434513
368.830520717
366.441138848
360.422476297
363.241205646
364.667091247
365.432046442
368.664651656
