#n = 8  # number of Ising variables
# 11 T = 400 # number of epoc for theta
# 12 N = 10000 # number of smples, comes form true Prob
# 13 N_est = 100 # number of smples, comes form estimated Prob
# 14 ypc = 1 # descent ratio
# 15 cord = 0 # changiable spin variable when gibbus sampling time step
# 16 beta = 0.01
902.178958235
899.801477222
897.952254412
896.068314184
895.224026781
891.590135907
890.048348998
887.527483129
884.396826471
884.020071904
881.990856358
878.145116203
877.441210801
874.648723747
873.435350877
872.557769148
872.243545331
871.334955093
869.82042119
868.179827851
867.577973918
865.466507379
864.419944713
862.584031087
861.18022395
860.180737879
857.145295018
857.162522759
855.383486565
853.500978505
851.176705424
849.088014694
846.121679786
844.666568437
842.506569324
840.972135543
838.505005411
836.647739668
835.724589036
835.72990953
834.424514735
831.466012787
829.701222005
828.995207486
826.016826183
825.152389576
823.925631431
821.706910386
821.093630053
820.388907835
819.043148613
818.050979021
817.582345325
815.758946988
812.362001005
812.229319545
811.88928073
810.227168342
809.231835218
807.043169887
805.282571234
803.686253247
802.051578067
799.697634227
798.454256728
796.543122102
793.985298756
791.436988271
790.229041522
789.711514055
787.92089078
786.717536547
784.000055005
782.107432189
781.383057961
780.750366219
779.396938184
778.728004917
777.582603584
776.832437571
773.646223911
773.075649774
770.131232033
767.083075855
766.873882293
766.093078358
765.946558318
765.006381118
764.738267346
764.316874208
764.213948277
762.434207018
759.597697605
758.750620511
757.24343774
756.449653912
755.383004074
753.233625576
752.033419791
751.162705733
750.695286592
749.591900401
749.042154539
747.73794508
748.226190986
746.172361445
744.093111149
741.493606646
739.568899601
738.130940531
736.45784894
734.462406024
732.823739595
730.468640931
730.706377944
727.970043314
725.523967968
722.760795215
720.874451487
720.43687605
719.533788295
717.146045418
715.183455989
713.745118095
712.152022716
711.437379762
711.011521332
710.948550748
709.329209042
707.934303625
707.781642571
707.361403961
707.018489574
705.956348431
703.527015019
701.684009685
700.006867632
697.491384211
696.087517377
694.694766709
693.462127202
692.431088807
691.082066423
689.329864199
688.253630177
688.224155837
686.525149093
687.249447026
685.957978005
685.566351315
684.743723048
683.876784765
681.929403383
680.731217569
679.660523711
677.111104772
675.986898583
674.436944521
673.08273298
672.250478865
670.783444324
669.390061978
668.037416155
666.165177696
664.167743312
661.529056968
661.323958105
658.623195116
656.937475486
655.54190629
652.869238598
652.703799921
651.803433534
649.85571787
648.937528714
646.589634822
643.347443883
642.176309974
641.665886635
640.442070401
640.171120239
638.909698737
637.838372522
636.80894726
634.299941007
633.056138945
631.424988924
630.229965424
629.719303189
629.055484567
629.310134381
627.773968879
627.259895224
627.396042487
627.09869196
626.597006454
626.693277599
624.195528311
623.151838818
622.522689923
623.617686434
622.929924399
620.384334779
618.540166883
618.343013204
616.962329667
615.209810832
613.373573643
614.416499271
614.088216528
614.7862217
613.814489752
612.706060432
612.556264139
611.536054176
610.667140077
610.999738936
611.784352924
611.053487064
608.387466406
607.062094199
605.710128477
605.47789682
605.376862503
604.03714016
603.805030936
603.343997844
601.840675513
600.04693029
599.010280838
597.941202343
597.711799558
596.73079353
596.42227147
596.04047425
595.337944277
593.312206978
592.433237605
591.245735911
590.002399614
588.183331024
587.416787566
585.870905506
585.357130685
584.293676937
583.6647264
582.600120894
582.091158839
580.347753219
580.232003162
579.612529662
578.228018927
577.235857819
577.887620208
576.795821832
576.046587849
575.740779509
573.559405425
573.119275684
573.456558387
571.881615214
572.167549782
571.432093128
570.126422561
570.135049856
570.836820129
570.865521831
568.967492849
568.170196559
566.343907596
564.827328706
564.713846917
563.254396099
562.941485591
561.760040486
561.809910035
559.752092731
558.633198558
557.363693616
556.972682566
556.670456456
554.849118195
553.772588812
553.503507518
551.842500705
551.527574637
550.826109377
548.600778724
548.480209417
548.300687724
547.040576507
546.529659395
546.586234224
546.408483972
545.18839047
544.357873535
543.611252366
541.705470154
542.068096332
541.613406594
541.230543696
540.008399067
539.497861621
540.194440246
539.503090033
539.317860531
538.017692236
537.186374553
535.199745376
535.801563084
534.749265261
534.400426283
533.978621893
531.916087849
532.157146509
530.621241095
529.067566041
527.913713291
526.683858763
526.213244218
526.630222072
524.816075851
523.219618389
522.385337814
521.678679008
521.49329642
520.193126594
520.361808896
518.985179719
517.233097427
515.797260604
514.364586236
513.811943493
512.908101065
512.280746641
510.456157097
510.499595201
510.441713582
511.622818766
510.336313818
509.465132768
510.078104958
509.14591868
509.078280817
509.259288438
509.642782515
509.188301455
507.605440645
507.491296037
506.551838591
505.604128016
504.73633491
503.909340979
503.32275504
502.258573181
500.549615362
499.868409189
499.736155095
500.507357027
499.9788392
498.915238022
497.980077221
497.37768049
496.994278435
496.092128415
495.006558081
493.709576584
492.963575646
493.378557387
493.524391204
493.787533542
493.051848966
492.02617612
491.757603391
491.976601664
491.560475647
490.657998387
490.873131808
491.093268206
491.478378312
490.543913413
488.956252764
488.802060158
486.774264104
486.991333644
486.06706434
485.931381647
484.20358482
484.699866851
483.029503314
481.796264663
481.696450352
480.426193793
480.195283568
479.094658466
477.705336215
477.553126992
477.3732889
475.633174519
475.197457375
