theta = 
 [[ 0  2  3  4  5  6  7  8]
 [ 2  0  6  8 10 12 14 16]
 [ 3  6  0 12 15 18 21 24]
 [ 4  8 12  0 20 24 28 32]
 [ 5 10 15 20  0 30 35 40]
 [ 6 12 18 24 30  0 42 48]
 [ 7 14 21 28 35 42  0 56]
 [ 8 16 24 32 40 48 56  0]]
theta_est = 
 [[ 4.39050803  5.72151493  4.82210701  4.35906546  3.38923839  5.1671529
   3.50069769  7.13418401]
 [ 7.70930208  3.06753215  6.3338003   4.23115936  4.54435649  7.40477311
   0.56828847  0.6970344 ]
 [ 0.16174718  6.66095876  6.22525401  6.96009719  7.82894674  6.39326851
   3.6918349   6.24423341]
 [ 0.94619541  5.11936817  1.1468263   7.55735134  4.17478657  3.31729552
   2.1164449   6.19386952]
 [ 3.64920266  4.54747159  0.1503184   4.94108398  4.89676578  4.93547197
   7.54998463  5.45456239]
 [ 2.8760632   3.49625563  5.58104957  0.48180377  5.33413372  5.36510296
   1.68306049  1.03141038]
 [ 2.52342681  2.90968617  4.56157416  3.50881211  7.9069907   0.81635849
   1.67101405  1.29047614]
 [ 5.2248666   2.02633282  3.73048618  1.95540474  1.27175667  0.88300113
   5.25063672  1.10546361]]
697.213851253
708.559277563
827.555019444
735.879671508
635.851382332
584.90728834
622.901101325
775.268494857
738.016356026
675.552317177
637.282748238
676.504058188
623.383629682
662.897335165
591.576823449
540.752046908
574.013880467
561.92135816
612.969037343
786.758583675
690.745261424
789.629024402
756.957897446
776.770842022
586.040617021
630.630976924
680.888461288
697.601989871
781.466269352
786.670925504
701.499792718
694.861915008
858.559160611
760.479427454
859.855858964
973.290780421
864.626561124
922.055742004
997.442862545
1239.46782996
1104.02273616
1112.97862022
1019.60153623
1100.13047448
983.543416605
1013.84701732
902.923320901
907.982243306
829.492152629
1119.29737399
1026.32327393
1044.37987796
1131.46917976
989.571297425
962.794267136
919.218752031
928.176785658
913.324358259
1028.82863611
1003.04673722
899.424572711
1095.84579489
1058.75245267
938.538829301
1092.98642676
1063.60669564
959.370070844
979.078289423
929.505800168
935.875810146
947.56074303
820.13663693
890.585079577
1005.62834571
977.429563913
989.566315899
971.315541824
1011.51552881
926.267135119
998.543519104
1155.76111545
1081.51409607
868.291741813
1114.7226497
1095.17548782
1196.60141459
1177.80629486
1191.61218615
1183.57838867
991.529018867
1022.32379544
871.109195182
959.532960055
1129.1240691
1135.65042362
1218.06310469
1131.40351323
1074.59183215
1166.48522963
1136.09793458
theta_est = 
 [[  8.15780806 -41.02142808  -4.68306915 -18.11365118  16.77198057
    1.9994268   49.34229031 -10.67688606]
 [-26.75008704  15.08257275  28.61590393  -6.01354767  51.94855755
   17.4349903   19.47818196  34.81477963]
 [-19.50524818  22.37739401   7.31710221  -0.85459434  16.82492419
   49.43751338  32.65645921  23.5662508 ]
 [-11.85288044  12.85664913 -14.22146456  20.83632851  27.44142642
   34.83298388  47.24585021  20.8421938 ]
 [ 11.95251104  46.64461374  14.44606505  25.63999885  18.38596834
  -24.72697645  21.48320629  67.07249967]
 [  2.79227116  22.73780157  55.22433363  29.08688005 -25.27632158
   24.40849692  70.22901501  53.13059225]
 [ 42.76946004  21.8457767   39.39589072  50.80184667  24.78787247
   72.07236339  19.27978883  38.22446402]
 [ -7.4023029   43.87330356  38.46953638  25.91279644  52.01426977
   48.13338586  28.5818288    6.99382334]]
