theta_est = 
 [[ 4.39050803  5.72151493  4.82210701  4.35906546  3.38923839  5.1671529
   3.50069769  7.13418401]
 [ 7.70930208  3.06753215  6.3338003   4.23115936  4.54435649  7.40477311
   0.56828847  0.6970344 ]
 [ 0.16174718  6.66095876  6.22525401  6.96009719  7.82894674  6.39326851
   3.6918349   6.24423341]
 [ 0.94619541  5.11936817  1.1468263   7.55735134  4.17478657  3.31729552
   2.1164449   6.19386952]
 [ 3.64920266  4.54747159  0.1503184   4.94108398  4.89676578  4.93547197
   7.54998463  5.45456239]
 [ 2.8760632   3.49625563  5.58104957  0.48180377  5.33413372  5.36510296
   1.68306049  1.03141038]
 [ 2.52342681  2.90968617  4.56157416  3.50881211  7.9069907   0.81635849
   1.67101405  1.29047614]
 [ 5.2248666   2.02633282  3.73048618  1.95540474  1.27175667  0.88300113
   5.25063672  1.10546361]]
264.270460373
261.913220762
260.133596366
258.639748122
256.26875764
255.768995735
253.647946116
251.39068362
250.252058995
249.204620749
248.518094366
248.475177102
246.83869593
245.186279118
242.41370295
240.709925188
238.576835411
236.855914916
234.47249733
231.080731155
228.878881493
228.488930996
226.717099491
225.051449176
221.666860673
219.145082788
219.071933009
216.383269511
215.388450876
214.69057069
213.355659888
211.77437878
211.230633969
209.497264521
208.231998826
206.215305618
205.013814127
204.257394591
201.950299381
199.665810082
198.421173189
197.564159389
195.636400437
193.792398889
192.666648778
191.73639923
189.509557483
188.457000116
186.369889971
184.512439255
184.422597175
182.658831286
181.142136033
180.405952177
179.915414339
177.928149192
176.505276514
175.589876025
174.658315209
173.92762856
174.465717059
172.843628129
171.159279239
171.63430775
170.450930035
169.770968258
169.776040641
170.227963364
168.191687302
166.355190504
164.76439218
162.6827923
163.277952003
162.686020912
162.029662815
161.010969576
160.42132502
160.355616574
159.49514749
157.626730799
157.348234632
156.490180569
157.056399701
157.363095321
155.906350277
155.537459701
154.558318785
152.854677191
152.702976775
151.246795771
149.817569961
149.028613703
149.52606014
148.098472187
147.616127293
146.703171844
146.105910289
145.671805674
145.159332628
145.526075897
144.78161133
143.946034684
143.229546918
142.19425004
141.087294383
141.362930977
142.016025969
141.591652919
141.756349708
141.090726068
141.575937832
141.352657949
140.922293151
141.649857503
141.15400063
141.440056231
142.473469707
142.390028352
142.839704508
142.191456333
139.973788983
140.988537501
141.075108986
141.087568576
140.787995598
139.542375567
139.831618243
139.614381752
139.661887301
137.664048136
137.504080029
136.29328315
135.212900592
136.476440057
136.125680812
135.474437651
135.707136284
135.103838445
135.773416984
135.813335063
135.865436505
137.847460671
138.127464558
138.863994077
138.503820628
138.487971767
138.807536851
137.529932502
138.836356459
138.688620698
138.526343341
139.167898485
139.500220604
139.27828616
140.320311237
140.254683488
140.61797921
140.239458928
139.51188686
139.181932295
139.983059698
139.995022972
139.763584197
139.025064873
139.588346678
139.977874559
138.752236199
139.209582631
139.227340761
139.496933319
140.585729709
139.857255384
138.772965341
138.588986217
137.798395836
137.51163822
137.908682297
137.783535209
136.809129826
136.00352965
136.010307325
137.031438165
135.982233474
135.26829954
135.513629453
135.822848023
134.994964703
135.64762874
134.698372663
133.67051286
134.370046294
133.240745656
132.41162065
132.946766728
132.883865294
132.49193628
132.101842142
132.821464797
133.917412275
132.783312216
132.569290483
132.128129059
132.566928913
132.133284912
131.542743819
130.931917812
131.924257854
132.251432382
133.213115858
135.006797496
133.847293943
134.257862907
135.324132597
135.80049584
136.508992067
136.09942903
136.758685399
135.388629963
133.505884218
133.482129923
134.705920408
134.581510313
135.043618212
134.231591291
133.646823022
133.584327339
133.747509754
134.598845441
135.534132888
136.169801208
135.361093891
135.916053981
135.873225214
136.566880502
136.834228779
137.446684626
137.421509185
136.42995743
135.748741913
136.150629757
135.763348636
136.648175825
136.865724097
136.720545091
135.963808334
136.092177933
135.802482213
135.947693256
135.497253366
135.360856967
135.429555112
134.515150509
135.469558463
134.205603008
133.765877407
133.788162277
132.975914249
133.154407596
132.484968631
133.003812234
133.545874801
132.853363445
133.432627637
133.020984279
133.319431845
133.664980321
134.890999806
134.605824001
133.585536243
134.02799792
135.349109611
135.878348728
135.439669119
136.511310323
136.278054735
136.991750179
137.954915134
139.560574783
140.37265938
140.776808226
140.616877714
140.051306409
140.081678696
139.678010419
139.784823656
139.502767768
139.292411209
139.562771644
140.557939248
142.320354924
142.490443081
141.764607962
140.069813611
141.085329668
141.047948828
141.24003902
141.554423922
141.230031771
141.139251849
140.77080805
140.079587612
139.425139408
140.291058926
140.209418753
139.637902383
138.62108722
140.553221671
139.50351323
138.982112145
139.385994134
140.009289263
138.712100937
139.075533724
139.049633815
139.590898675
139.484255566
140.051775109
140.834048849
141.003083892
140.049970442
140.124976124
140.16603217
140.891249041
141.233249865
141.767745873
142.158086322
141.711840038
142.757860439
143.012504934
143.351397094
144.088634015
144.189854385
144.324714588
144.73991119
145.397911156
146.538339156
145.443591436
145.678530052
146.056047259
144.961816973
145.111577078
145.292575477
145.663819041
146.806455547
147.148087753
146.248232791
147.245575468
147.553883843
147.32240141
148.167621964
147.73962617
146.296596111
146.703439355
145.822035831
145.461606815
146.353053894
146.013185157
145.560113282
145.65250604
146.027277968
145.997156448
145.741561881
145.799988483
145.963144565
146.086744126
145.609948122
146.367148162
147.02515724
147.040608366
146.981024103
146.605053845
146.400249968
146.680189412
146.41614089
145.260369669
145.531158026
145.711426267
145.812276948
145.534265098
145.208004207
145.668502372
145.883993759
145.994650261
146.347898299
146.599906423
147.209538504
147.303914822
147.550390908
147.305085789
146.232843451
145.776617587
145.392120134
146.136642887
145.785360953
146.026964703
146.062709467
147.271315832
147.613223742
147.976963787
148.539793187
148.704613481
147.265453684
148.050254086
148.69729409
148.059757044
148.598213665
148.535047185
148.177348685
148.494525036
147.336888799
146.454554315
147.052826979
147.123765133
147.151122273
147.193977264
146.954311994
147.235224556
147.975929426
147.297952443
147.28441648
146.997212245
146.321006952
145.039798987
145.68928952
144.917488657
145.224567177
145.940140252
146.606143704
148.13403086
147.440575578
146.356769345
145.697494958
145.744336639
145.542895894
145.423087506
145.446320618
145.040300499
143.991312794
144.859852237
144.722293922
144.885221206
145.88046223
146.624069921
146.018439579
145.831335051
146.834091617
147.946579339
149.144438639
150.529743596
150.354676646
150.084005976
148.287802796
147.198118611
148.041385487
147.413093855
147.19321942
148.575195548
148.037197804
148.09608155
148.015762656
149.114855755
148.587052485
148.951948773
148.164422411
148.210490193
148.846819551
148.533934323
147.449194475
148.764967528
149.265315452
149.767677963
151.025430955
152.399883448
152.134807973
152.852619942
153.134748174
154.392824187
154.91655476
154.438973234
153.280347885
152.911872617
150.662434373
151.650457206
150.584075063
150.801857924
151.640140805
152.369972339
150.885640376
152.062537733
152.796653615
153.07228482
153.76064148
152.615458214
152.730730381
153.748873845
152.904885051
153.041785163
153.548494164
155.178901254
155.622221568
156.730301766
157.84673933
159.403243706
159.64414875
158.882556757
157.273203617
157.344719835
158.192158997
158.309924462
158.634384405
158.705492232
158.646344596
157.424757119
157.311545245
157.809417126
157.892008407
158.097312485
158.706924924
158.959745048
158.64899725
159.292613772
159.245525174
160.260381057
160.123589616
161.507023504
162.065752373
160.985326263
160.942390035
161.057090251
162.133077253
161.938677123
161.931573121
162.366342081
162.005529771
161.0719096
160.238762199
161.042674003
160.659813121
160.62773171
161.753437226
162.450763604
162.587307281
163.077772718
164.291777372
165.273017419
166.371929819
167.538426424
167.292119835
167.459420844
167.578650058
167.524245713
167.507242046
167.251654368
166.671666491
167.044137782
166.708117225
166.00376102
166.666343062
165.738784667
165.224064106
165.520814946
167.001277817
167.23527729
167.253057285
167.108675085
167.522671263
165.742251224
165.020789588
165.014986444
166.445332649
166.088936111
165.434672146
166.977429506
166.825610751
166.538146228
165.888135582
166.393499292
165.031627115
164.832595817
164.676969611
165.589784732
164.862047084
164.170122843
165.209104508
165.99889347
165.432354508
164.766087141
165.223893443
164.542225055
165.286010281
165.728196844
165.488432752
164.971708743
164.263861127
164.154836873
164.030752589
165.305939746
164.358087235
163.902039417
163.479117042
162.428672217
163.131823769
163.292511284
163.967774159
163.328182788
163.504597635
163.784958197
163.009939149
162.722751864
162.917891991
162.477855392
162.408801929
162.674749967
162.979977447
163.085597722
162.269221925
160.843626167
160.931938209
161.94041306
162.874031731
163.181561017
164.090857741
162.903819441
163.19430389
163.698192735
163.625199277
163.444815588
164.599357422
164.626926941
165.211283967
164.96328117
165.117186871
164.421557631
165.537565559
165.831093639
165.72576878
165.013005771
166.56515189
167.310667854
168.325639014
169.263304725
169.640197382
169.222578574
169.446204064
170.065218083
170.774434207
170.099090013
170.997602813
171.191131941
171.737611232
170.167620025
170.743122697
169.584597131
170.104737193
170.231488944
171.555932497
171.805972782
170.987293107
170.645043525
171.611218482
171.121157564
172.028977922
172.595903973
171.229611898
171.353899561
171.971558361
171.151326621
172.095964737
172.310689656
172.32173453
172.840401897
173.449990027
174.060037909
172.887002878
172.140942912
172.298803437
172.064334043
171.025941349
171.859509422
172.929760812
173.01185205
173.483156962
173.527242182
172.549189982
172.329982341
172.206482168
171.771555965
171.956756115
172.707112116
172.583119676
172.962571406
173.311368169
172.609887115
172.180154023
173.584278407
173.345037491
173.373704452
174.306469808
173.761053161
174.089953395
175.146698398
174.922901548
175.231397786
174.156779045
174.728471994
175.379711807
175.430026594
175.604067227
174.936300499
175.980308702
177.751380617
176.597080017
175.653249011
176.791522701
176.230617438
176.531705586
175.802487015
174.853166367
173.542136113
172.942031358
172.46869031
172.3966169
172.627674599
172.699910411
172.793922365
172.120906425
171.315333793
172.66546105
172.638564328
172.074849386
173.091110454
173.527879421
173.462680675
174.30508875
173.257520728
172.50001344
170.633846493
171.706944452
172.009577751
172.370897043
171.841409623
172.45945011
172.448806034
174.140057682
171.566462198
171.590218244
171.799947804
172.569500218
171.111202736
170.501718853
170.59879725
170.255148342
169.586747852
169.421429256
169.441156768
169.331783457
169.570663262
170.088585875
169.997042121
170.121676542
169.853617385
169.338476914
169.491681975
169.257289735
168.973543227
170.83090181
170.651201501
171.840217457
173.228394629
173.64091413
173.520671325
172.995100897
173.392138979
173.507764467
173.332183866
173.968813466
173.008445387
172.906730391
173.531291935
174.989543972
175.893996118
175.791736639
175.919410045
176.449382779
175.306149552
176.677556643
177.439837637
177.652654447
177.146445786
177.621579191
177.083982366
177.337180973
176.327537207
177.624356769
176.456228303
175.814778912
174.995805382
175.127344023
175.672199487
174.973083392
theta_est = 
 [[  1.16495801e+01   7.59007104e-01   2.34572635e+00   3.31899136e-01
    3.25928121e-01  -9.30737693e-01   2.45227891e+00   8.38484209e-01]
 [  3.36097195e+00   1.07389913e+01   1.10051693e+00   9.34181511e-01
   -1.50594549e+00   3.44273927e+00  -2.44045669e+00  -1.17596193e+00]
 [ -2.82272443e+00   1.09939197e+00   1.33505535e+01   1.81410743e+00
    1.55803520e+00   1.07872059e+00  -5.82216752e-02   1.80216528e+00]
 [ -2.59728888e+00   2.72148972e+00  -4.37684342e+00   1.52920073e+01
   -1.41161100e-01   1.74286837e+00  -1.50274697e+00   1.03850109e+00]
 [  3.31920694e-01  -1.76818333e+00  -5.85560468e+00   4.96750054e-01
    1.26419330e+01   1.13952074e+00   3.77671378e-01   1.57153660e+00]
 [ -3.06763069e+00  -5.21176959e-03   5.96453601e-01  -1.23815398e+00
    1.49078214e+00   1.33879797e+01  -2.30748019e-01  -1.11159494e+00]
 [  1.19523005e+00  -9.77491348e-02   1.10500220e+00  -2.19829408e-03
    8.82060460e-01  -9.61947502e-01   9.62215986e+00  -5.21718191e-01]
 [ -8.11638165e-01   5.39797772e-01   1.59269694e-01  -2.73451032e+00
   -3.15504033e+00  -1.50244405e+00   2.75830259e+00   8.47058867e+00]]
