83.1066044871
85.7777824624
89.5845804681
92.1345878159
101.676411375
109.401223948
115.506472074
134.943715298
152.365487439
164.951705161
174.491585368
184.854905971
196.197002213
200.330423175
199.191757385
209.531442997
220.904177131
231.053904472
235.591401746
230.872776719
233.436052731
235.297961071
241.952580154
247.055126345
262.542151807
268.933022062
265.632930764
270.635929851
266.521959842
271.726214945
267.196375212
270.975154748
276.255256826
285.758153112
302.6021462
311.809212457
324.52128312
330.068403827
339.143875034
341.054629746
336.093737293
354.264128368
357.865832279
376.521849318
388.128409489
388.06447509
395.483835746
396.178029353
414.804971289
433.611240708
450.419303403
474.007384029
498.463264836
522.127823644
543.784469232
575.957912302
607.100298168
652.631722027
677.507036265
703.375789408
736.054476939
759.242588752
771.57542711
826.186755493
887.807294027
943.422848057
996.935003597
1096.02612515
1120.37303637
1197.57250548
1304.10050017
1331.72178012
1401.35399292
1468.60631505
1537.83483827
1583.0831235
1676.89160635
1741.33614643
1847.13710748
1886.95111709
1999.70525719
2109.58879859
2201.443634
2271.91818236
2388.57892784
2468.5015353
2594.05676137
2720.06831363
2698.48442915
2767.02459031
2892.46599192
2939.27640594
3060.50051008
3186.46875112
3273.28443353
3398.90859035
3511.72083192
3516.80495434
3612.01179556
3736.11986397
