#n = 8  # number of Ising variables
# 11 T = 180 # number of epoc for theta
# 12 N = 10000 # number of smples, comes form true Prob
# 13 N_est = 100 # number of smples, comes form estimated Prob
# 14 ypc = 1 # descent ratio
# 15 cord = 0 # changiable spin variable when gibbus sampling time step
# 16 beta = 0.005
902.178958235
899.801477222
897.952254412
896.068314184
895.224026781
891.590135907
890.048348998
887.527483129
884.396826471
884.020071904
881.990856358
878.145116203
877.441210801
874.648723747
873.435350877
872.557769148
872.243545331
871.334955093
869.82042119
868.179827851
867.577973918
865.466507379
864.419944713
862.584031087
861.18022395
860.180737879
857.145295018
857.162522759
855.383486565
853.500978505
851.176705424
849.088014694
846.121679786
844.666568437
842.506569324
840.972135543
838.505005411
836.647739668
835.724589036
835.72990953
834.424514735
831.466012787
829.701222005
828.995207486
826.016826183
825.152389576
823.925631431
821.706910386
821.093630053
820.388907835
819.043148613
818.050979021
817.582345325
815.758946988
812.362001005
812.229319545
811.88928073
810.227168342
809.231835218
807.043169887
805.282571234
803.686253247
802.051578067
799.697634227
798.454256728
796.543122102
793.985298756
791.436988271
790.229041522
789.711514055
787.92089078
786.717536547
784.000055005
782.107432189
781.383057961
780.750366219
779.396938184
778.728004917
777.582603584
776.832437571
773.646223911
773.075649774
770.131232033
767.083075855
766.873882293
766.093078358
765.946558318
765.006381118
764.738267346
764.316874208
764.213948277
762.434207018
759.597697605
758.750620511
757.24343774
756.449653912
755.383004074
753.233625576
752.033419791
751.162705733
750.695286592
749.591900401
749.042154539
747.73794508
748.226190986
746.172361445
744.093111149
741.493606646
739.568899601
738.130940531
736.45784894
734.462406024
732.823739595
730.468640931
730.706377944
727.970043314
725.523967968
722.760795215
720.874451487
720.43687605
719.533788295
717.146045418
715.183455989
713.745118095
712.152022716
711.437379762
711.011521332
710.948550748
709.329209042
707.934303625
707.781642571
707.361403961
707.018489574
705.956348431
703.527015019
701.684009685
700.006867632
697.491384211
696.087517377
694.694766709
693.462127202
692.431088807
691.082066423
689.329864199
688.253630177
688.224155837
686.525149093
687.249447026
685.957978005
685.566351315
684.743723048
683.876784765
681.929403383
680.731217569
679.660523711
677.111104772
675.986898583
674.436944521
673.08273298
672.250478865
670.783444324
669.390061978
668.037416155
666.165177696
664.167743312
661.529056968
661.323958105
658.623195116
656.937475486
655.54190629
652.869238598
652.703799921
651.803433534
649.85571787
648.937528714
646.589634822
643.347443883
642.176309974
641.665886635
640.442070401
