# samplingを(5,5*n), n=8,平均が２０だと思うと、サンプリングの周期が一定の２０の時と対応される
# n = 8  # number of Ising variables
# 11 T = 400 # number of epoc for theta
# 12 N = 10000 # number of smples, comes form true Prob
# 13 N_est = 100 # number of smples, comes form estimated Prob
# 14 ypc = 10 # descent ratio
# 15 cord = 0 # changiable spin variable when gibbus sampling time step
743.811050378
711.500212661
681.001780542
676.967232601
666.261612667
655.847477349
648.81686508
646.594265985
653.234355843
646.956164827
639.404156447
638.993877993
638.652974518
638.048562449
635.321112967
627.156924413
629.229449332
631.291332181
631.127464482
618.833780902
619.616549502
611.15883222
608.554019877
605.153013721
603.914262373
604.682177545
591.41855032
597.030728605
597.186497227
590.67224735
584.580924136
582.66432202
580.223334738
577.806278706
574.193633751
574.009401813
566.719166135
562.904886831
564.890258417
557.229663805
560.332399486
553.279725316
548.015522324
544.744587839
550.940529493
544.932437947
544.764763494
548.670710787
547.116709106
544.066133429
532.858909911
529.157822511
528.55230747
528.077160974
523.400611944
527.175520142
525.137291814
526.46890232
522.118874411
518.694992421
522.345114439
523.888339854
521.806232033
514.195343074
512.958059076
510.400605543
509.122644719
509.956789818
497.284169393
494.398333449
510.697293363
503.928723353
503.766659659
499.320840074
496.808695406
504.265613139
483.464150184
480.755774659
486.192664928
494.360337699
491.60082198
483.67929497
487.359497275
482.554259875
479.237302175
481.011440293
484.933972413
477.850421592
507.568026468
493.358090281
469.905539894
474.018198711
476.682571287
470.445262731
472.101038772
486.286469763
473.689480532
475.188764256
480.4470855
476.498585391
475.444782933
475.098531124
471.36201931
466.20587075
465.877373168
470.547470234
479.122490946
462.757053221
455.24540074
464.922680785
468.773972504
470.286506239
462.146290794
460.74231707
464.47809244
464.532821434
464.407337385
468.223385727
459.271795704
455.398148806
461.654208668
461.33945165
463.939282992
475.214095458
468.589540571
460.649206955
465.292268062
463.261452948
479.706363759
470.199454196
464.511597633
462.301109265
459.220930263
455.476890755
450.766580992
453.103788619
442.85706076
443.563704295
446.227991243
440.989536525
447.305605849
452.737298246
453.360661658
448.163684931
441.374233219
445.371711443
457.402182864
454.47536633
440.271377512
446.008799376
446.166437837
447.15627956
447.036220548
450.033146793
445.129250533
459.956988653
444.54734455
438.439983489
439.919939991
446.239805898
449.594165633
455.068916134
449.507475138
442.954776934
451.787413415
451.152934876
448.950239238
457.760205781
457.986606315
451.199521516
440.606909648
452.6494717
451.596531163
452.390234066
453.990072275
446.733854603
446.390240425
447.01235251
453.031225846
457.105717034
443.539231598
464.250590172
470.851596859
494.578862445
460.64955358
459.73311066
451.089012025
444.239136632
457.516295186
439.542868816
453.186290218
452.970715446
465.525274426
473.469703482
471.102525791
462.210763535
457.558456549
461.705498198
466.002709727
469.63411861
466.420037171
461.955146395
470.434920183
467.55078996
455.348000098
459.428367706
455.224633464
453.245503918
442.623384309
445.321056202
451.521704892
461.139403826
446.416470531
448.988458743
447.080129032
463.982304221
454.386490079
451.095749846
451.945242244
463.907034529
464.63690592
464.319029096
467.452513689
448.581357066
460.657941091
461.413239769
463.871902133
445.539387281
444.226424395
445.646464175
451.639169237
449.151262238
458.657675118
441.754439333
444.404209664
449.453795645
444.821491201
441.75101614
449.681788797
466.350370615
458.96273239
457.921523235
467.172133936
453.320867543
451.619780039
451.942290576
455.566529769
458.138206242
445.293072521
455.6993869
451.048129125
466.912225052
461.243702057
458.040281758
454.407817477
451.343551194
455.682847347
485.089034008
459.089334296
452.364517764
480.022578993
459.512360208
459.689287398
449.29726115
449.015965516
449.899580713
471.66071989
473.343511829
461.164396193
454.164249401
452.979509125
445.165855263
459.733026712
461.551223579
469.690324022
459.012586433
456.547716932
472.111979061
482.838376708
472.864321429
460.753598664
462.332597419
490.600208404
479.173752836
460.14375872
476.913976409
455.771121801
464.153312851
460.857772346
477.864336711
475.598860932
476.497454616
468.447061799
480.117623752
492.623167905
472.519582346
478.103874082
475.412919022
489.601505099
474.435338036
473.324033802
475.519063512
486.834182501
486.57239242
468.043487494
474.149064471
485.133662192
466.778374263
500.024620481
544.674475139
502.331692802
493.793627806
488.405414223
499.592908869
495.774800852
497.277658126
482.50510275
483.324513608
488.611059761
494.092480879
516.801620473
496.716190742
512.095842733
504.769712613
487.092985801
500.379313667
513.068656573
502.230989762
490.615874112
495.800288873
506.884054415
518.001146646
511.967846277
495.898397332
503.344089596
503.559616374
485.265906317
508.962446284
498.228963471
527.185920467
514.084239024
493.825054155
514.352182199
517.472692008
510.6770179
523.892804246
541.344584515
527.309891922
521.460276551
511.643332426
519.841868531
506.028409576
512.646075169
530.908681248
506.36236986
505.255614583
499.781181131
509.504718165
505.688194153
504.69639104
514.599759079
523.030222366
492.618497173
522.215634976
518.880061969
517.964593768
514.391095208
523.620980747
542.148857255
514.607758021
518.090079465
518.188650981
520.062023603
528.252453319
519.610149414
507.717366145
517.585555911
528.208095475
528.872570227
555.236985549
531.971850906
537.768760078
525.57945298
515.921291723
518.247374932
532.68815566
520.826465478
538.250304752
574.47745799
544.477713255
532.803581003
522.711372602
535.290669233
568.219898638
548.084746885
565.898779921
580.087882282
564.635008934
593.22247972
596.88479424
