X( 0 ) = 
 [[-1. -1.  1.  1.]
 [-1. -1.  1.  1.]
 [-1. -1.  1.  1.]]
after exchange
X = 
 [[-1. -1.  1.  1.]
 [-1. -1.  1.  1.]
 [-1. -1.  1.  1.]]
mean_xxT = 
 [[ -1.15292150e+18  -1.15292150e+18   5.87511925e+17   4.32033488e+09]
 [  4.32145386e+09  -2.97532790e+18   4.31962917e+09   4.31847146e+09]
 [ -3.83745861e+18   4.31927867e+09   4.31847146e+09   1.00000000e-01]
 [ -1.00000000e-01  -1.00000000e-01  -1.62156870e+18   4.32144878e+09]]
X( 1 ) = 
 [[-1.  1.  1.  1.]
 [-1.  1.  1.  1.]
 [-1.  1.  1.  1.]]
mean_xxT = 
 [[ 0.1 -0.1 -0.1 -0.1]
 [-0.1  0.1  0.1  0.1]
 [-0.1  0.1  0.1  0.1]
 [-0.1  0.1  0.1  0.1]]
X( 2 ) = 
 [[-1.  1. -1.  1.]
 [-1.  1. -1.  1.]
 [-1.  1. -1.  1.]]
mean_xxT = 
 [[ 0.1 -0.1  0.1 -0.1]
 [-0.1  0.1 -0.1  0.1]
 [ 0.1 -0.1  0.1 -0.1]
 [-0.1  0.1 -0.1  0.1]]
X( 3 ) = 
 [[-1.  1. -1. -1.]
 [-1.  1. -1. -1.]
 [-1.  1. -1. -1.]]
mean_xxT = 
 [[ 0.1 -0.1  0.1  0.1]
 [-0.1  0.1 -0.1 -0.1]
 [ 0.1 -0.1  0.1  0.1]
 [ 0.1 -0.1  0.1  0.1]]
X( 4 ) = 
 [[ 1.  1. -1. -1.]
 [ 1.  1. -1. -1.]
 [ 1.  1. -1. -1.]]
mean_xxT = 
 [[ 0.1  0.1 -0.1 -0.1]
 [ 0.1  0.1 -0.1 -0.1]
 [-0.1 -0.1  0.1  0.1]
 [-0.1 -0.1  0.1  0.1]]
X( 5 ) = 
 [[ 1. -1. -1. -1.]
 [ 1. -1. -1. -1.]
 [ 1. -1. -1. -1.]]
after exchange
X = 
 [[ 1. -1. -1. -1.]
 [ 1. -1. -1. -1.]
 [ 1. -1. -1. -1.]]
mean_xxT = 
 [[ 0.1 -0.1 -0.1 -0.1]
 [-0.1  0.1  0.1  0.1]
 [-0.1  0.1  0.1  0.1]
 [-0.1  0.1  0.1  0.1]]
X( 6 ) = 
 [[ 1. -1.  1. -1.]
 [ 1. -1.  1. -1.]
 [ 1. -1.  1. -1.]]
mean_xxT = 
 [[ 0.1 -0.1  0.1 -0.1]
 [-0.1  0.1 -0.1  0.1]
 [ 0.1 -0.1  0.1 -0.1]
 [-0.1  0.1 -0.1  0.1]]
X( 7 ) = 
 [[ 1. -1.  1.  1.]
 [ 1. -1.  1.  1.]
 [ 1. -1.  1.  1.]]
mean_xxT = 
 [[ 0.1 -0.1  0.1  0.1]
 [-0.1  0.1 -0.1 -0.1]
 [ 0.1 -0.1  0.1  0.1]
 [ 0.1 -0.1  0.1  0.1]]
X( 8 ) = 
 [[-1. -1.  1.  1.]
 [-1. -1.  1.  1.]
 [-1. -1.  1.  1.]]
mean_xxT = 
 [[ 0.1  0.1 -0.1 -0.1]
 [ 0.1  0.1 -0.1 -0.1]
 [-0.1 -0.1  0.1  0.1]
 [-0.1 -0.1  0.1  0.1]]
X( 9 ) = 
 [[-1.  1.  1.  1.]
 [-1.  1.  1.  1.]
 [-1.  1.  1.  1.]]
mean_xxT = 
 [[ 0.1 -0.1 -0.1 -0.1]
 [-0.1  0.1  0.1  0.1]
 [-0.1  0.1  0.1  0.1]
 [-0.1  0.1  0.1  0.1]]
X_est( 0 ) = 
 [[ 1.  1.  1.  1.]
 [ 1.  1.  1.  1.]
 [ 1.  1.  1.  1.]]
mean_xxT_est = 
 [[ 0.1  0.1  0.1  0.1]
 [ 0.1  0.1  0.1  0.1]
 [ 0.1  0.1  0.1  0.1]
 [ 0.1  0.1  0.1  0.1]]
X_est( 1 ) = 
 [[ 1. -1.  1.  1.]
 [ 1. -1.  1.  1.]
 [ 1. -1.  1.  1.]]
mean_xxT_est = 
 [[ 0.1 -0.1  0.1  0.1]
 [-0.1  0.1 -0.1 -0.1]
 [ 0.1 -0.1  0.1  0.1]
 [ 0.1 -0.1  0.1  0.1]]
X_est( 2 ) = 
 [[ 1.  1.  1.  1.]
 [ 1.  1.  1.  1.]
 [ 1.  1.  1.  1.]]
mean_xxT_est = 
 [[ 0.1  0.1  0.1  0.1]
 [ 0.1  0.1  0.1  0.1]
 [ 0.1  0.1  0.1  0.1]
 [ 0.1  0.1  0.1  0.1]]
X_est( 3 ) = 
 [[ 1. -1.  1.  1.]
 [ 1. -1.  1.  1.]
 [ 1. -1.  1.  1.]]
mean_xxT_est = 
 [[ 0.1 -0.1  0.1  0.1]
 [-0.1  0.1 -0.1 -0.1]
 [ 0.1 -0.1  0.1  0.1]
 [ 0.1 -0.1  0.1  0.1]]
X_est( 4 ) = 
 [[ 1.  1.  1.  1.]
 [ 1.  1.  1.  1.]
 [ 1.  1.  1.  1.]]
mean_xxT_est = 
 [[ 0.1  0.1  0.1  0.1]
 [ 0.1  0.1  0.1  0.1]
 [ 0.1  0.1  0.1  0.1]
 [ 0.1  0.1  0.1  0.1]]
X_est( 5 ) = 
 [[ 1. -1.  1.  1.]
 [ 1. -1.  1.  1.]
 [ 1. -1.  1.  1.]]
mean_xxT_est = 
 [[ 0.1 -0.1  0.1  0.1]
 [-0.1  0.1 -0.1 -0.1]
 [ 0.1 -0.1  0.1  0.1]
 [ 0.1 -0.1  0.1  0.1]]
X_est( 6 ) = 
 [[ 1.  1.  1.  1.]
 [ 1.  1.  1.  1.]
 [ 1.  1.  1.  1.]]
mean_xxT_est = 
 [[ 0.1  0.1  0.1  0.1]
 [ 0.1  0.1  0.1  0.1]
 [ 0.1  0.1  0.1  0.1]
 [ 0.1  0.1  0.1  0.1]]
X_est( 7 ) = 
 [[ 1. -1.  1.  1.]
 [ 1. -1.  1.  1.]
 [ 1. -1.  1.  1.]]
mean_xxT_est = 
 [[ 0.1 -0.1  0.1  0.1]
 [-0.1  0.1 -0.1 -0.1]
 [ 0.1 -0.1  0.1  0.1]
 [ 0.1 -0.1  0.1  0.1]]
X_est( 8 ) = 
 [[ 1.  1.  1.  1.]
 [ 1.  1.  1.  1.]
 [ 1.  1.  1.  1.]]
mean_xxT_est = 
 [[ 0.1  0.1  0.1  0.1]
 [ 0.1  0.1  0.1  0.1]
 [ 0.1  0.1  0.1  0.1]
 [ 0.1  0.1  0.1  0.1]]
X_est( 9 ) = 
 [[ 1. -1.  1.  1.]
 [ 1. -1.  1.  1.]
 [ 1. -1.  1.  1.]]
mean_xxT_est = 
 [[ 0.1 -0.1  0.1  0.1]
 [-0.1  0.1 -0.1 -0.1]
 [ 0.1 -0.1  0.1  0.1]
 [ 0.1 -0.1  0.1  0.1]]
65.0170345613
X_est( 0 ) = 
 [[-1. -1.  1.  1.]
 [-1. -1.  1.  1.]
 [-1. -1.  1.  1.]
 [ 1. -1.  1. -1.]]
mean_xxT_est = 
 [[ -4.62025354e+18   4.60846509e+18   4.61213016e+18   4.61451229e+18]
 [  4.60977805e+18  -4.61937912e+18   4.61817392e+18   4.61991435e+18]
 [  4.61094895e+18   4.61823488e+18  -4.61806559e+18   4.62264728e+18]
 [  4.61446014e+18   4.61987627e+18   4.62290503e+18  -4.63242929e+18]]
X_est( 1 ) = 
 [[-1.  1.  1.  1.]
 [-1.  1.  1.  1.]
 [-1.  1.  1.  1.]
 [ 1. -1.  1. -1.]]
mean_xxT_est = 
 [[ 0.1 -0.1 -0.1 -0.1]
 [-0.1  0.1  0.1  0.1]
 [-0.1  0.1  0.1  0.1]
 [-0.1  0.1  0.1  0.1]]
X_est( 2 ) = 
 [[-1. -1.  1.  1.]
 [-1. -1.  1.  1.]
 [-1. -1.  1.  1.]
 [ 1. -1.  1. -1.]]
mean_xxT_est = 
 [[ 0.1  0.1 -0.1 -0.1]
 [ 0.1  0.1 -0.1 -0.1]
 [-0.1 -0.1  0.1  0.1]
 [-0.1 -0.1  0.1  0.1]]
X_est( 3 ) = 
 [[-1.  1.  1.  1.]
 [-1.  1.  1.  1.]
 [-1.  1.  1.  1.]
 [ 1. -1.  1. -1.]]
mean_xxT_est = 
 [[ 0.1 -0.1 -0.1 -0.1]
 [-0.1  0.1  0.1  0.1]
 [-0.1  0.1  0.1  0.1]
 [-0.1  0.1  0.1  0.1]]
X_est( 4 ) = 
 [[-1. -1.  1.  1.]
 [-1. -1.  1.  1.]
 [-1. -1.  1.  1.]
 [ 1. -1.  1. -1.]]
mean_xxT_est = 
 [[ 0.1  0.1 -0.1 -0.1]
 [ 0.1  0.1 -0.1 -0.1]
 [-0.1 -0.1  0.1  0.1]
 [-0.1 -0.1  0.1  0.1]]
X_est( 5 ) = 
 [[-1.  1.  1.  1.]
 [-1.  1.  1.  1.]
 [-1.  1.  1.  1.]
 [ 1. -1.  1. -1.]]
mean_xxT_est = 
 [[ 0.1 -0.1 -0.1 -0.1]
 [-0.1  0.1  0.1  0.1]
 [-0.1  0.1  0.1  0.1]
 [-0.1  0.1  0.1  0.1]]
X_est( 6 ) = 
 [[-1. -1.  1.  1.]
 [-1. -1.  1.  1.]
 [-1. -1.  1.  1.]
 [ 1. -1.  1. -1.]]
mean_xxT_est = 
 [[ 0.1  0.1 -0.1 -0.1]
 [ 0.1  0.1 -0.1 -0.1]
 [-0.1 -0.1  0.1  0.1]
 [-0.1 -0.1  0.1  0.1]]
X_est( 7 ) = 
 [[-1.  1.  1.  1.]
 [-1.  1.  1.  1.]
 [-1.  1.  1.  1.]
 [ 1. -1.  1. -1.]]
mean_xxT_est = 
 [[ 0.1 -0.1 -0.1 -0.1]
 [-0.1  0.1  0.1  0.1]
 [-0.1  0.1  0.1  0.1]
 [-0.1  0.1  0.1  0.1]]
X_est( 8 ) = 
 [[-1. -1.  1.  1.]
 [-1. -1.  1.  1.]
 [-1. -1.  1.  1.]
 [ 1. -1.  1. -1.]]
mean_xxT_est = 
 [[ 0.1  0.1 -0.1 -0.1]
 [ 0.1  0.1 -0.1 -0.1]
 [-0.1 -0.1  0.1  0.1]
 [-0.1 -0.1  0.1  0.1]]
X_est( 9 ) = 
 [[-1.  1.  1.  1.]
 [-1.  1.  1.  1.]
 [-1.  1.  1.  1.]
 [ 1. -1.  1. -1.]]
mean_xxT_est = 
 [[ 0.1 -0.1 -0.1 -0.1]
 [-0.1  0.1  0.1  0.1]
 [-0.1  0.1  0.1  0.1]
 [-0.1  0.1  0.1  0.1]]
65.0170345613
X_est( 0 ) = 
 [[-1. -1.  1.  1.]
 [-1. -1.  1.  1.]
 [-1. -1.  1.  1.]
 [ 1.  1.  1. -1.]]
mean_xxT_est = 
 [[  4.59187018e+18  -4.63150186e+18  -4.63150186e+18  -4.63150186e+18]
 [ -4.63150186e+18   4.59187018e+18   4.59187018e+18   4.59187018e+18]
 [ -4.63150186e+18   4.59187018e+18   4.59187018e+18   4.59187018e+18]
 [ -4.63150186e+18   4.59187018e+18   4.59187018e+18   4.59187018e+18]]
X_est( 1 ) = 
 [[-1.  1.  1.  1.]
 [-1.  1.  1.  1.]
 [-1.  1.  1.  1.]
 [ 1.  1.  1. -1.]]
mean_xxT_est = 
 [[ 0.1 -0.1 -0.1 -0.1]
 [-0.1  0.1  0.1  0.1]
 [-0.1  0.1  0.1  0.1]
 [-0.1  0.1  0.1  0.1]]
X_est( 2 ) = 
 [[-1. -1.  1.  1.]
 [-1. -1.  1.  1.]
 [-1. -1.  1.  1.]
 [ 1.  1.  1. -1.]]
mean_xxT_est = 
 [[ 0.1  0.1 -0.1 -0.1]
 [ 0.1  0.1 -0.1 -0.1]
 [-0.1 -0.1  0.1  0.1]
 [-0.1 -0.1  0.1  0.1]]
X_est( 3 ) = 
 [[-1.  1.  1.  1.]
 [-1.  1.  1.  1.]
 [-1.  1.  1.  1.]
 [ 1.  1.  1. -1.]]
mean_xxT_est = 
 [[ 0.1 -0.1 -0.1 -0.1]
 [-0.1  0.1  0.1  0.1]
 [-0.1  0.1  0.1  0.1]
 [-0.1  0.1  0.1  0.1]]
X_est( 4 ) = 
 [[-1. -1.  1.  1.]
 [-1. -1.  1.  1.]
 [-1. -1.  1.  1.]
 [ 1.  1.  1. -1.]]
mean_xxT_est = 
 [[ 0.1  0.1 -0.1 -0.1]
 [ 0.1  0.1 -0.1 -0.1]
 [-0.1 -0.1  0.1  0.1]
 [-0.1 -0.1  0.1  0.1]]
X_est( 5 ) = 
 [[-1.  1.  1.  1.]
 [-1.  1.  1.  1.]
 [-1.  1.  1.  1.]
 [ 1.  1.  1. -1.]]
mean_xxT_est = 
 [[ 0.1 -0.1 -0.1 -0.1]
 [-0.1  0.1  0.1  0.1]
 [-0.1  0.1  0.1  0.1]
 [-0.1  0.1  0.1  0.1]]
X_est( 6 ) = 
 [[-1. -1.  1.  1.]
 [-1. -1.  1.  1.]
 [-1. -1.  1.  1.]
 [ 1.  1.  1. -1.]]
mean_xxT_est = 
 [[ 0.1  0.1 -0.1 -0.1]
 [ 0.1  0.1 -0.1 -0.1]
 [-0.1 -0.1  0.1  0.1]
 [-0.1 -0.1  0.1  0.1]]
X_est( 7 ) = 
 [[-1.  1.  1.  1.]
 [-1.  1.  1.  1.]
 [-1.  1.  1.  1.]
 [ 1.  1.  1. -1.]]
mean_xxT_est = 
 [[ 0.1 -0.1 -0.1 -0.1]
 [-0.1  0.1  0.1  0.1]
 [-0.1  0.1  0.1  0.1]
 [-0.1  0.1  0.1  0.1]]
X_est( 8 ) = 
 [[-1. -1.  1.  1.]
 [-1. -1.  1.  1.]
 [-1. -1.  1.  1.]
 [ 1.  1.  1. -1.]]
mean_xxT_est = 
 [[ 0.1  0.1 -0.1 -0.1]
 [ 0.1  0.1 -0.1 -0.1]
 [-0.1 -0.1  0.1  0.1]
 [-0.1 -0.1  0.1  0.1]]
X_est( 9 ) = 
 [[-1.  1.  1.  1.]
 [-1.  1.  1.  1.]
 [-1.  1.  1.  1.]
 [ 1.  1.  1. -1.]]
mean_xxT_est = 
 [[ 0.1 -0.1 -0.1 -0.1]
 [-0.1  0.1  0.1  0.1]
 [-0.1  0.1  0.1  0.1]
 [-0.1  0.1  0.1  0.1]]
65.0170345613
