50.1349040127
55.5048936556
49.1653136989
47.740620117
43.7773263526
43.0781790224
42.7027239242
42.6484932675
40.6537715178
40.2678981244
40.0376661085
38.4616337565
37.567712191
36.7216323581
34.9465378663
34.7454817454
34.2119661188
33.8782193816
33.8034619372
33.2661806124
33.1135962957
32.9215563458
32.2097546725
31.7591378231
31.8155838393
31.6011956663
31.1941048331
30.8604106808
30.3011796515
29.7303421703
29.419392266
29.4638195081
29.9165657348
30.0732164526
29.7777585833
29.7807464002
29.8306604181
29.9685336485
30.1661319207
30.04273137
29.4922541842
29.1957783696
29.1153314808
29.091505692
29.2980872276
29.9521735637
30.2233330444
30.3074374586
30.2673336445
30.4542884836
30.3894041697
30.2618676681
29.9933190053
30.1311696329
30.0697434222
30.2090588769
30.1261589222
30.0319046063
29.7141989856
29.4233063812
29.1718935498
29.2396782977
29.2305918249
29.0290730867
28.9280205623
28.8858114894
28.882256236
28.6223656884
28.5420566467
28.5659558297
28.6833999211
28.7276147153
28.7005726109
28.5587166928
28.4999256781
28.483927714
28.5213531955
28.5289471062
28.2426571803
28.1515430317
28.1186303483
28.0920705897
28.0660099389
28.1219969969
28.1398615902
28.0030403075
27.9441760218
27.8378367062
27.9871568457
27.8762602951
27.7587379315
27.5447962702
27.6126793899
27.6216870373
27.6798721125
27.787090193
27.8226853087
27.8351728771
27.6556205116
27.624343115
27.6245309681
27.5318346937
27.5505196152
27.535715943
27.6113918238
27.7609818352
27.5289837814
27.3578924542
27.3662953078
27.3552811106
27.4092930901
27.4328774396
27.5001663993
27.4199447502
27.4116262844
27.3159958502
27.2983487371
27.2475175184
27.0768594301
27.0961784454
27.121177542
27.0513266094
27.042696428
27.1782299649
27.2555995289
27.3563613637
27.4313970151
27.5259862087
27.5749303752
27.621436594
27.6234582644
27.6193706938
27.6321922953
27.6020974279
27.6309933293
27.6849313819
27.8244107835
27.9550467148
28.0216859119
27.9821211989
27.9878537299
27.9863765628
28.0768920091
27.9667537095
27.8885149133
27.8481619607
27.8031059402
27.7452981932
27.6239351388
27.5606405635
27.5515720268
27.5166927847
27.6068241204
27.6157141748
27.6583344317
27.7202004959
27.6973556295
27.6121207804
27.5579938841
27.6086173339
27.6694062814
27.7678457868
27.8361812027
27.8926640966
27.9317725471
27.8840225152
27.9100938682
27.963706323
28.0125613807
27.9637196199
28.0036344789
27.9240361482
27.8924721941
27.8331505909
27.8024713518
27.8155485144
27.8244394609
27.7085280528
27.6198644052
27.6324542953
27.6727088808
27.6615234178
27.6275940298
27.6208037576
27.6272435411
27.6755575239
27.7118749238
27.6824944269
27.6147183377
27.5878990198
27.6110020503
27.5307500669
27.5307160706
27.5986678554
27.610125553
27.5486479759
27.5691561115
27.4971044689
27.4807209364
27.4224581357
27.3952018214
27.3404865047
27.3847127451
27.3399567711
27.3663928923
27.4075520822
27.3737038185
27.3096651458
27.3006962111
27.2987906931
27.2869125982
27.4053860047
27.3809267007
27.4039486805
27.3653445857
27.3386934298
27.2979190148
27.2851606259
27.2849159074
27.2808284278
27.3137706749
27.3405832154
27.2738909192
27.2230528652
27.104211804
27.0604082424
27.0745637407
27.0554433139
27.0694573929
27.0348060373
27.0760578531
27.1044720453
27.1043837782
27.0876589821
26.9734263896
26.9439094033
26.964397304
27.0085000292
26.9583532785
26.9565971038
27.0014308896
26.9427436774
26.9342217328
26.9795262909
27.0409180849
27.0730181968
26.9937516053
27.0941151851
27.0298198252
26.9829123119
26.9682472521
26.9576346012
26.9254724315
26.9369425906
26.9556089291
26.9612481723
26.9694326349
26.9268772464
26.9639325358
26.9866018624
26.8791146782
26.8992256738
26.9242550144
26.8916960784
26.8614767425
26.8617292397
26.7657708407
26.8126495757
26.8253662424
26.8484942606
26.8303689591
26.7929408176
26.7480272657
26.738078521
26.768820096
26.7524291932
26.7893046064
26.8215002047
26.8214433765
26.8427210606
26.8598291392
26.845269604
26.8388237472
26.8614033461
26.8564059022
26.888562204
26.87892702
26.8338955685
26.851612959
26.8220293295
26.7664001127
26.7358187776
26.7299934916
26.7355012482
26.7737648406
26.7287474902
26.7171317381
26.7321606035
26.707899317
26.7258638318
26.7177971818
26.7035514447
26.630021572
26.5750769984
26.5686516283
26.5623540979
26.5594302351
26.6047178257
26.5823973574
26.5124221693
26.5201644169
26.4922406451
26.5250088616
26.5352646222
26.551880387
26.5882537348
26.6244696915
26.6741034712
26.7075673179
26.7298642107
26.7419736382
26.7891122128
26.8076704523
26.8292014846
26.833020426
26.8323399523
26.89871415
26.9127551672
26.914165557
26.9354983257
26.9610952714
26.9511902888
26.988195433
26.9953443631
27.0214752345
27.0151323069
26.981355972
26.9917293177
27.0143297601
27.0173162836
27.016956603
26.9902770209
26.9785406037
26.9849480154
26.9749840818
26.97921782
26.9604054987
26.9709348235
26.9248032147
26.873360781
26.8238748283
26.86475555
26.9064477676
26.9352315133
26.9294263838
26.932375949
26.9380495478
26.9304758518
26.9387816242
26.9005636677
26.9104803892
26.9030092272
26.9254702397
26.9449003872
26.9359007935
26.9515739347
26.9681692791
26.9347621542
26.93399945
26.9026957953
26.9035280029
26.8829432717
26.8542067671
26.8382526158
26.7946899088
26.7733766243
26.7619903723
26.7595408998
26.7448757146
26.7410257117
26.7542475295
26.7550655949
26.7643071169
26.7635863666
26.7645488201
26.7944872921
26.8314536385
26.8758189778
26.9020046816
26.8977793623
26.882183051
26.8691731869
26.8778258385
26.8629438684
26.8391843231
26.827911016
26.8002324458
26.7996833988
26.7733782113
26.7834306642
26.8138860345
26.793121837
26.7806230307
26.7692233858
26.7630177383
26.7458473025
26.7380165452
26.7611520317
26.7799316094
26.7789594753
26.769315281
26.7244601682
26.7127008614
26.7586551944
26.7943724118
26.806702316
26.8006189242
26.8042756859
26.7761161742
26.7668832816
26.762879522
26.7829072375
26.7470157983
26.724992013
26.733849637
26.7456288485
26.7353729201
26.7117045827
26.7245720791
26.7247400549
26.7110463141
26.7057375865
26.7082070712
26.6995099325
26.7023199947
26.6655772775
26.6645163384
26.6558755639
26.625674684
26.6221517952
26.6389019267
26.6442958782
26.6672679647
26.6510211942
26.6040440543
26.5648455746
26.5863573123
26.5787864279
26.5947570626
26.64384875
26.6751242071
26.6996630571
26.711903645
26.6994804082
26.6747544328
26.6784959621
26.6619408296
26.6562604626
26.6372838988
26.6336060536
26.6117587009
26.6031496068
26.6356876157
26.6435462634
26.6937454162
26.6994087105
26.6938882621
26.7092058561
26.7410856284
26.7610702089
26.7816681769
26.8076009466
26.8244489233
26.8257433785
26.820559856
26.8376668683
26.8499351763
26.8630527359
26.8836161839
26.8542457547
26.8487363517
26.8556343117
26.8374450784
26.841865803
26.8222979272
26.8581144426
26.8837714984
26.8883215726
26.8833422625
26.858232369
26.8430204882
26.8495765143
26.8172534919
26.8057770385
26.7750815905
26.7915024079
26.8169307067
26.7990761968
26.8010926153
26.7852471258
26.7908459443
26.7937427344
26.8346839846
26.8552242169
26.8634158285
26.8757591519
26.8719954231
26.8745918922
26.8789664268
26.8729796861
26.876421635
26.866137169
26.8949692496
26.9111016192
26.9192677188
26.9472501925
26.9763972375
26.9577579138
26.943193698
26.9603694659
26.9637158989
26.9704189027
26.9982256242
27.0050645747
27.0340834246
27.0681022028
27.0564593175
27.0418312951
27.0327639949
27.0262433716
27.0216852101
27.0154104602
27.0269812451
27.0249787095
26.9720346728
26.9673106922
26.9593520433
26.9538835086
26.9573846764
26.9840003992
27.0011417484
26.9933376491
26.9673553236
26.9315045087
26.9427859339
26.9070292249
26.8958274255
26.9136869205
26.9377946802
26.9570679727
26.9590968602
26.977480727
26.9568712111
26.9302501529
26.9277793085
26.9347164561
26.9130009072
26.9066530315
26.9070876503
26.9112675606
26.8581519508
26.8463957145
26.826356398
26.8188683288
26.7955118551
26.7544545091
26.7259300295
26.7309367603
26.7372344362
26.7525046972
26.7527650325
26.7698737643
26.7716396264
26.7771286948
26.7664392177
26.7592802092
26.7463610701
26.7258034519
26.7351652963
26.7479389986
26.7553527565
26.7620678556
26.7838926021
26.7679421345
26.7818957522
26.7939567878
26.8052119782
26.8008601621
26.7887387435
26.7774834935
26.7518191806
26.7488926536
26.7580907319
26.761298847
26.7604022886
26.7705171971
26.7706449412
26.7577018142
26.7472054896
26.7707816207
26.7870339924
26.7938393456
26.7795557752
26.763626432
26.7584183705
26.7545701333
26.7558104349
26.7514511627
26.747229888
26.7506247792
26.7595024409
26.7746415105
26.7690197838
26.7564225204
26.7548195858
26.7546006316
26.7410651821
26.7228528964
26.7378506457
26.7346735454
26.7413754883
26.7320844782
26.7200826732
26.7108681612
26.6987585165
26.6998255279
26.7118347823
26.7294213628
26.7627175447
26.7694553886
26.7769777671
26.8051887848
26.8246525153
26.8302422719
26.8288694086
26.8412270971
26.8508624027
26.864091606
26.8702623174
26.8707003146
26.867454747
26.8869418019
26.894408697
26.9110961216
26.9184675278
26.9512361986
26.9497728346
26.9454992533
26.9491117328
26.969408741
26.9782874855
26.9776575685
26.9809207849
26.9895062057
26.9775553721
26.9854118417
26.9930044931
27.0062504402
27.0114672248
27.0221348952
27.0395415052
27.038254699
27.0542506293
27.05530871
27.069904743
27.0555938391
27.0424743346
27.0504230302
27.0651841273
27.063998127
27.0534139519
27.0545584879
27.0352746577
27.0475792513
27.0532248796
27.0777098487
27.1009768457
27.0949930813
27.115756703
27.1121233859
27.1124483719
27.120698883
27.1239548109
27.1208017844
27.1208661519
27.1182683628
27.1180730335
27.1220843277
27.1309641863
27.0987989559
27.0998019413
27.0845358107
27.1049339846
27.1067047298
27.1012801449
27.1159185187
27.1224242121
27.1240224785
27.1131248713
27.0977738294
27.0725533332
27.0850312096
27.0829121492
27.0822125605
27.0783461043
27.079643982
27.0803641877
27.0941255436
27.0874546996
27.100458699
27.1160416705
27.1129074155
27.1253582671
27.1469756639
27.1238977554
27.1060658194
27.1008825134
27.098248703
27.1002595958
27.1087503049
27.1195417426
27.1240898548
27.1410772808
27.1743008629
27.1672323731
27.1592336217
27.1553245656
27.1776132043
27.1487518065
27.1569568194
27.1404325279
27.1366923483
27.1662011946
27.179575204
27.1780003913
27.1831422962
27.1892101641
27.1835603525
27.19230272
27.2034907195
27.2171173624
27.2045639735
27.2043932127
27.2212689947
27.2307346436
27.2366012804
27.2536516709
27.2542860702
27.2551328849
27.2578526857
27.2483955304
27.2532713341
27.2326139134
27.2023036179
27.1862686342
27.1811946024
27.1754727808
27.1728613144
27.1631087835
27.1649448066
27.185027293
27.1907340708
27.173924881
27.1539656924
27.1455432567
27.1184923807
27.1061799717
27.0796229774
27.0574997157
27.0621574345
27.0776897938
27.0979147665
27.1085250106
27.116377457
27.1183601636
27.1345306465
27.1373212046
27.1375499677
27.127122843
27.1039448381
27.0968732127
27.0911850941
27.0952137969
27.09942019
27.1088303332
27.1061842571
27.110933647
27.1108253501
27.1132846543
27.1200618933
27.1089274927
27.1209210348
27.136975563
27.1366595716
27.1336014992
27.1423474857
27.1418876731
27.1402007038
27.1431329858
27.1422909502
27.1387575765
27.129616433
27.1361104738
27.1395503091
27.1341701252
27.1363619366
27.1617339624
27.1385380317
27.1384452564
27.1334761401
27.1313665861
27.1274202305
27.1118237854
27.0984496545
27.0909295319
27.0946193989
27.093024632
27.1188680919
27.1336912791
27.1568061585
27.1675410346
27.1747339167
27.1840769458
27.1768790957
27.188372721
27.1915967302
27.191834896
27.200769627
27.2010977471
27.1805980582
27.1667597113
27.1855762511
27.1787803233
27.1767206238
27.1764095537
27.1927663563
27.1996702772
27.1792603045
27.1752959154
27.1604938508
27.1485329354
27.154339489
27.1663576423
27.1632905179
27.1815593832
27.1776539477
27.1647780097
27.173425687
27.1823824657
27.1890736005
27.1988203825
27.2066771705
27.2088412458
27.2163319796
27.2217252408
27.2187819298
27.2090475947
27.2144176804
27.2233711983
27.225815335
27.2351795997
27.232942939
27.2339140256
27.2282331497
27.2295931952
27.212978288
27.2204253288
27.203753723
27.1962758323
27.1995189296
27.1894592117
27.1793874139
27.1712851766
27.1746036754
27.1905979889
27.1922997859
27.1961860632
27.2007457275
27.2137248873
27.2339571384
27.2516545973
27.2506717738
27.2514660167
27.2638419125
27.2825527002
27.2822980388
27.28769231
27.2873894838
27.275298845
27.2801673722
27.2771560605
27.2714151472
27.2652505568
27.2690826807
27.2779945497
27.261553018
27.2499430573
27.2408984078
27.2430147149
27.2524879011
27.255146704
27.2520896413
27.2508024536
27.2439149015
27.2383071715
27.2377715926
27.2313832152
27.2312951874
27.2317466376
27.2307369607
27.2279725007
27.2404963882
27.2434822873
27.2395550521
27.2378534586
27.2281631514
27.2214356654
27.2115034435
27.2151720551
27.2274588868
27.2311756083
27.2452165228
27.2312955331
27.2250527117
27.2001547203
27.174477595
27.1617698899
27.1712526028
27.1880506238
27.2028356904
27.2121218496
27.2248187659
27.2438189074
27.2546743735
27.260632759
27.2636007074
27.2625208352
27.2716004867
27.2736513045
27.2798314039
27.2786940385
27.2804420533
27.2890168074
27.2946845285
27.2992334118
27.3124424976
27.3094535952
27.2942153446
27.2888468322
27.2806037896
27.2826885825
27.2816718052
27.2913199038
27.2927840122
27.2790562033
27.2853546477
27.281389674
27.2824627039
27.2871566022
27.2983279654
27.3278665477
27.3240046906
27.3093083327
27.2924919646
27.2890006692
27.2821543033
27.2842093104
27.2888421535
27.302923386
27.3083112071
27.3103891071
27.306744982
27.3148469918
27.3271509362
27.3176175338
27.3227806511
27.3427943975
27.3577016781
27.3555274157
27.3765769556
27.3956377076
27.4126799553
27.4163526408
27.4140505603
27.4212190946
27.4330908052
27.421303068
27.4109461642
27.4164482313
27.4212298163
27.4097667629
27.4057036329
27.3992778465
27.3902580769
27.3658684197
27.3578203981
27.3635610677
27.3619822981
27.3706950439
27.3631150468
