400 0.694385233113
400 0.690870365546
400 0.68738289395
400 0.683922455947
400 0.680488698035
400 0.677081275264
400 0.673699850929
400 0.670344096284
400 0.667013690254
400 0.663708319179
400 0.660427676555
400 0.657171462797
400 0.653939385003
400 0.650731156738
400 0.647546497823
400 0.644385134127
400 0.641246797385
400 0.638131225002
400 0.635038159883
400 0.631967350262
400 0.628918549536
400 0.625891516114
400 0.622886013261
400 0.619901808962
400 0.616938675776
400 0.613996390707
400 0.611074735078
400 0.608173494405
400 0.605292458279
400 0.602431420255
400 0.599590177741
400 0.596768531891
400 0.593966287507
400 0.591183252937
400 0.588419239985
400 0.585674063816
400 0.58294754287
400 0.580239498778
400 0.577549756279
400 0.57487814314
400 0.572224490083
400 0.569588630705
400 0.566970401415
400 0.564369641359
400 0.561786192353
400 0.559219898824
400 0.55667060774
400 0.554138168556
400 0.551622433152
400 0.549123255776
400 0.546640492992
400 0.544174003624
400 0.541723648703
400 0.539289291422
400 0.536870797082
400 0.53446803305
400 0.532080868708
400 0.529709175412
400 0.527352826449
400 0.525011696993
400 0.522685664065
400 0.520374606497
400 0.518078404887
400 0.515796941568
400 0.513530100568
400 0.511277767577
400 0.50903982991
400 0.506816176477
400 0.504606697746
400 0.502411285717
400 0.500229833887
400 0.498062237223
400 0.495908392128
400 0.493768196419
400 0.491641549295
400 0.489528351312
400 0.487428504354
400 0.485341911612
400 0.483268477554
400 0.481208107904
400 0.479160709618
400 0.47712619086
400 0.475104460977
400 0.473095430483
400 0.471099011031
400 0.469115115396
400 0.467143657455
400 0.465184552161
400 0.463237715532
400 0.461303064626
400 0.459380517522
400 0.457469993307
400 0.455571412052
400 0.453684694799
400 0.451809763542
400 0.449946541209
400 0.448094951648
400 0.446254919613
400 0.444426370741
400 0.442609231545
400 0.440803429394
400 0.439008892499
400 0.437225549902
400 0.435453331457
400 0.433692167819
400 0.431941990432
400 0.430202731512
400 0.428474324038
400 0.426756701735
400 0.425049799066
400 0.423353551219
400 0.421667894091
400 0.419992764282
400 0.418328099079
400 0.416673836448
400 0.415029915021
400 0.413396274087
400 0.411772853577
400 0.410159594061
400 0.408556436732
400 0.406963323397
400 0.405380196467
400 0.403806998951
400 0.402243674441
400 0.400690167107
400 0.399146421686
400 0.397612383471
400 0.396087998308
400 0.394573212581
400 0.393067973207
400 0.391572227627
400 0.390085923798
400 0.388609010185
400 0.38714143575
400 0.385683149949
400 0.384234102722
400 0.382794244484
400 0.381363526122
400 0.379941898981
400 0.378529314864
400 0.377125726018
400 0.375731085135
400 0.374345345336
400 0.372968460172
400 0.371600383613
400 0.370241070044
400 0.368890474256
400 0.367548551441
400 0.366215257186
400 0.364890547467
400 0.363574378642
400 0.362266707447
400 0.360967490986
400 0.35967668673
400 0.358394252508
400 0.357120146505
400 0.355854327251
400 0.35459675362
400 0.353347384823
400 0.352106180404
400 0.350873100233
400 0.349648104499
400 0.348431153713
400 0.347222208693
400 0.346021230564
400 0.344828180755
400 0.343643020991
400 0.342465713288
400 0.34129621995
400 0.340134503564
400 0.338980526997
400 0.337834253387
400 0.336695646144
400 0.335564668941
400 0.334441285714
400 0.333325460654
400 0.332217158205
400 0.33111634306
400 0.330022980155
400 0.328937034666
400 0.327858472007
400 0.326787257824
400 0.325723357989
400 0.324666738602
400 0.323617365982
400 0.322575206666
400 0.321540227404
400 0.320512395157
400 0.319491677091
400 0.318478040577
400 0.317471453183
400 0.316471882675
400 0.315479297011
400 0.314493664338
400 0.31351495299
400 0.312543131483
400 0.311578168512
400 0.310620032951
400 0.309668693846
400 0.308724120412
400 0.307786282033
400 0.306855148258
400 0.305930688795
400 0.305012873513
400 0.304101672435
400 0.303197055739
400 0.302298993749
400 0.301407456942
400 0.300522415934
400 0.299643841487
400 0.298771704502
400 0.297905976014
400 0.297046627195
400 0.296193629348
400 0.295346953906
400 0.294506572428
400 0.293672456596
400 0.292844578218
400 0.292022909219
400 0.291207421642
400 0.290398087646
400 0.289594879502
400 0.288797769593
400 0.288006730411
400 0.287221734554
400 0.286442754724
400 0.285669763728
400 0.28490273447
400 0.284141639957
400 0.283386453288
400 0.282637147661
400 0.281893696366
400 0.281156072781
400 0.280424250378
400 0.279698202714
400 0.278977903433
400 0.278263326261
400 0.27755444501
400 0.276851233571
400 0.276153665914
400 0.275461716087
400 0.274775358216
400 0.2740945665
400 0.273419315213
400 0.272749578698
400 0.272085331371
400 0.271426547718
400 0.27077320229
400 0.270125269707
400 0.269482724654
400 0.268845541878
400 0.26821369619
400 0.267587162466
400 0.266965915636
400 0.266349930696
400 0.265739182697
400 0.265133646747
400 0.264533298012
400 0.263938111712
400 0.263348063122
400 0.262763127571
400 0.26218328044
400 0.261608497161
400 0.261038753219
400 0.260474024146
400 0.259914285527
400 0.259359512991
400 0.25880968222
400 0.258264768938
400 0.257724748919
400 0.257189597981
400 0.25665929199
400 0.256133806852
400 0.25561311852
400 0.255097202991
400 0.254586036303
400 0.254079594539
400 0.253577853822
400 0.253080790317
400 0.252588380231
400 0.252100599812
400 0.251617425347
400 0.251138833165
400 0.250664799635
400 0.250195301163
400 0.249730314197
400 0.249269815224
400 0.248813780769
400 0.248362187396
400 0.247915011708
400 0.247472230346
400 0.247033819988
400 0.246599757354
400 0.246170019199
400 0.245744582316
400 0.245323423539
400 0.244906519736
400 0.244493847818
400 0.244085384728
400 0.243681107454
400 0.243280993016
400 0.242885018476
400 0.242493160934
400 0.242105397527
400 0.241721705432
400 0.241342061864
400 0.240966444078
400 0.240594829368
400 0.240227195065
400 0.239863518544
400 0.239503777216
400 0.239147948533
400 0.238796009989
400 0.238447939117
400 0.238103713491
400 0.237763310726
400 0.23742670848
400 0.237093884452
400 0.236764816382
400 0.236439482054
400 0.236117859296
400 0.235799925976
400 0.235485660008
400 0.235175039351
400 0.234868042005
400 0.234564646019
400 0.234264829484
400 0.233968570539
400 0.233675847368
400 0.233386638202
400 0.23310092132
400 0.232818675046
400 0.232539877756
400 0.23226450787
400 0.231992543861
400 0.231723964249
400 0.231458747606
400 0.231196872553
400 0.230938317762
400 0.230683061957
400 0.230431083915
400 0.230182362464
400 0.229936876485
400 0.229694604915
400 0.229455526742
400 0.229219621011
400 0.228986866821
400 0.228757243327
400 0.228530729742
400 0.228307305332
400 0.228086949424
400 0.2278696414
400 0.227655360704
400 0.227444086836
400 0.227235799355
400 0.227030477883
400 0.226828102101
400 0.22662865175
400 0.226432106634
400 0.22623844662
400 0.226047651635
400 0.225859701672
400 0.225674576785
400 0.225492257095
400 0.225312722787
400 0.225135954109
400 0.224961931378
400 0.224790634976
400 0.224622045351
400 0.224456143019
400 0.224292908564
400 0.224132322638
400 0.223974365962
400 0.223819019326
400 0.223666263589
400 0.223516079682
400 0.223368448605
400 0.22322335143
400 0.223080769299
400 0.222940683427
400 0.222803075104
400 0.222667925687
400 0.222535216612
400 0.222404929385
400 0.222277045588
400 0.222151546877
400 0.222028414981
400 0.221907631708
400 0.221789178938
400 0.221673038629
400 0.221559192815
400 0.221447623607
400 0.221338313192
400 0.221231243836
400 0.221126397881
400 0.221023757749
400 0.220923305937
400 0.220825025026
400 0.220728897671
400 0.220634906608
400 0.220543034654
400 0.220453264704
400 0.220365579735
400 0.220279962801
400 0.220196397039
400 0.220114865668
400 0.220035351986
400 0.219957839372
400 0.219882311288
400 0.219808751278
400 0.219737142965
400 0.219667470057
400 0.219599716344
400 0.219533865698
400 0.219469902071
400 0.219407809503
400 0.219347572112
400 0.219289174103
400 0.21923259976
400 0.219177833454
400 0.219124859637
400 0.219073662846
400 0.219024227701
400 0.218976538905
400 0.218930581246
400 0.218886339594
400 0.218843798905
400 0.218802944218
400 0.218763760655
400 0.218726233423
400 0.218690347814
400 0.218656089201
400 0.218623443044
400 0.218592394886
400 0.218562930353
400 0.218535035158
400 0.218508695094
400 0.21848389604
400 0.21846062396
400 0.2184388649
400 0.218418604991
400 0.218399830448
400 0.218382527568
400 0.218366682732
400 0.218352282407
400 0.218339313141
400 0.218327761566
400 0.218317614398
400 0.218308858435
400 0.218301480558
400 0.218295467733
400 0.218290807005
400 0.218287485507
400 0.218285490449
400 0.218284809127
400 0.218285428917
#time=279.1662230491638