32.0244506602
31.951723389
31.8629961177
31.8225920788
31.7014203631
31.6126930919
31.5752145078
31.5429114797
31.5105680476
31.4187941079
31.3622688568
31.2877211286
31.2715797152
31.1262665846
31.0778019389
31.0293372931
30.9969938595
31.0152605368
31.039502961
31.0153817489
31.0073009408
31.0153817489
30.9750989206
30.9993009408
31.0073413449
30.8702908398
30.8621696277
30.8217655873
30.8459676075
30.8701696277
30.8620888196
30.8298724249
30.8783370706
30.9106401002
30.6523572712
30.5715289876
30.5877916131
30.6200946427
30.5877512076
30.6362158533
30.4745390849
30.5230037306
30.5553067602
30.4586400928
30.4749027183
30.5399625443
30.6126494115
30.5400029454
30.5642049641
30.5722453667
30.6075892355
30.6721750919
30.7529225644
30.7529831682
30.7690841761
30.8326770801
30.92160637
30.913565963
30.905525556
31.0266568662
31.1477881763
31.2688790825
31.3092023118
31.3980103897
31.5049089579
31.6340604693
31.7147271323
31.6984240983
31.7952523774
31.8920806565
31.9567473195
32.1020604471
32.1182422616
32.1990705407
32.2797372037
32.2959190182
32.344424065
32.4736159804
32.5785003063
32.7480356554
32.7398336308
32.8447629193
32.981975036
33.135348769
33.2887629059
33.4260154267
33.5794295637
33.7490053168
33.9023790498
34.0557527827
34.1929648995
34.2980154001
34.3251833384
34.5028196983
34.3735469674
34.518860095
34.6803348387
34.7287186734
34.7772237202
34.8902136155
