31.9921274279
31.9356021768
31.8467132894
31.7255415737
31.701299151
31.6447334959
31.5077233964
31.418834509
31.0878850155
30.9264785177
30.7325593265
30.4565772541
30.3354055369
30.2950419005
30.2707590723
30.2143550319
29.9317009302
29.9256924154
29.9096847792
29.7318742321
29.7320282135
29.6916241731
29.7158665974
29.7077857893
29.6835433651
29.7077857893
29.6673413449
29.5946140721
29.4090787186
29.4171191226
29.3605534661
29.4009103538
29.3121022715
29.3203042902
29.2798598443
29.3041022671
29.2799406494
29.2396578197
29.2639936318
29.2801350452
29.2639128223
29.2801754478
29.2155087804
29.24781181
29.13461989
29.1027100191
29.143073654
29.1672756727
29.0786696106
29.0784752014
29.1543771143
29.251245799
29.2028215543
29.2190437743
29.1866195297
29.2824952619
29.3389801074
29.4277477812
29.5488386873
29.6699295935
29.7587376713
29.8475457491
29.936353827
30.0574447331
30.0997372407
30.0837978431
30.1969493545
30.3099392498
30.3421210643
30.3744644949
30.3905250973
30.5196766087
30.6650301404
30.6002422579
30.681070537
30.7779392202
30.7941210347
30.8911109299
31.0123184882
31.1172073726
31.2867427217
31.4078336263
31.5450861472
31.682338668
31.7872275524
31.9567629015
32.1263386546
32.1182578421
32.2231467265
32.3119143989
32.4006820712
32.513538133
32.6106618603
32.7881239812
32.9335583195
33.1111542739
33.2564674
33.3694976979
33.2240633492
33.3693764754
