1.03240685864  0.0324068586418
1.02834265612  0.0283426561213
1.03628195971  0.0362819597142
1.04240629179  0.0424062917904
1.03146647528  0.031466475278
1.03473868965  0.0347386896488
1.03662401852  0.0366240185235
1.02911079266  0.0291107926611
1.04315982388  0.0431598238778
1.04504445093  0.0450444509257
1.02679983194  0.0267998319357
1.03628195971  0.0362819597142
1.03291168044  0.0329116804355
1.03740579267  0.0374057926696
1.03848699514  0.0384869951355
1.03208682972  0.0320868297243
1.03251856196  0.0325185619597
1.03495800595  0.0349580059479
1.04362880008  0.0436288000754
1.03679319553  0.0367931955307
1.03295383713  0.0329538371268
1.03279212518  0.0327921251788
1.03597951867  0.0359795186714
1.03034560072  0.030345600718
1.03573982964  0.035739829642
1.02687267107  0.0268726710678
1.02233480578  0.0223348057832
1.03671705431  0.0367170543075
1.0340988356  0.0340988355985
1.02694684822  0.0269468482165
1.043142511  0.0431425110029
1.03114695324  0.0311469532394
1.02066171264  0.0206617126357
1.01460737263  0.0146073726305
1.04694024949  0.0469402494938
1.04334173778  0.0433417377792
1.02330874082  0.02330874082
1.02803782226  0.0280378222647
1.0301235834  0.0301235834028
1.04150890721  0.0415089072083
1.04185584122  0.0418558412189
1.03320658481  0.0332065848085
1.03343046116  0.0334304611638
1.04617709263  0.0461770926347
1.03403016739  0.0340301673949
1.03586737761  0.0358673776147
1.03823440635  0.0382344063524
1.03099494267  0.0309949426741
1.03867932712  0.0386793271159
1.0201259396  0.0201259395983
1.02709484987  0.0270948498673
1.03834085912  0.0383408591182
1.03383963458  0.0338396345782
1.02037044486  0.0203704448613
1.03496794191  0.0349679419106
1.02699217957  0.0269921795674
1.03215571243  0.0321557124302
1.03567570578  0.0356757057828
1.02772641618  0.0277264161801
1.04394005965  0.0439400596492
1.03406349132  0.0340634913248
1.0294003561  0.0294003560966
1.02667379076  0.0266737907644
1.04082297383  0.0408229738328
1.0389510793  0.0389510793047
1.0359950728  0.0359950728038
1.0342184204  0.0342184204024
1.03073955375  0.0307395537474
1.03865496848  0.0386549684806
1.02562283624  0.0256228362425
1.0385647525  0.038564752504
1.03775099682  0.0377509968225
1.04096095197  0.0409609519688
1.0275587905  0.0275587904986
1.0333158504  0.0333158503999
1.02590897229  0.0259089722927
1.04012962451  0.0401296245055
1.04164237907  0.0416423790708
1.0331826352  0.0331826351985
1.02949699193  0.0294969919263
1.04006837324  0.0400683732387
1.02905492897  0.0290549289683
1.03208099555  0.0320809955498
1.0342423305  0.0342423305004
1.02472865607  0.0247286560738
1.03999407885  0.0399940788512
1.02295257816  0.0229525781632
1.04767512605  0.0476751260477
1.02970737718  0.0297073771847
1.03005860174  0.0300586017388
1.04322967798  0.0432296779827
1.02693622388  0.0269362238841
1.0304585277  0.030458527703
1.03117842333  0.0311784233323
1.0396708138  0.0396708138027
1.03601101961  0.0360110196053
1.02944110504  0.0294411050411
1.04570768171  0.0457076817111
1.02046644025  0.0204664402547
1.03439751104  0.0343975110373
1.02100956734  0.021009567342
1.02951742322  0.0295174232193
1.02131519798  0.02131519798
1.03192905806  0.0319290580567
1.02820579563  0.0282057956323
1.02707335064  0.0270733506398
1.03697772807  0.0369777280714
1.0323532661  0.0323532660994
1.03319321094  0.0331932109432
1.03485690016  0.0348569001635
1.03021499489  0.0302149948894
1.03880605322  0.0388060532225
1.02772643938  0.0277264393805
1.03511942613  0.0351194261331
1.03229858706  0.0322985870618
1.02055440366  0.0205544036629
1.02899668608  0.0289966860766
1.03569198237  0.0356919823703
1.03236352039  0.0323635203938
1.02076145418  0.020761454182
1.03791350055  0.0379135005548
1.04030732247  0.0403073224672
1.03664538  0.0366453799951
1.01310925228  0.01310925228
1.03553629115  0.0355362911477
1.03318272276  0.0331827227553
1.02770248752  0.0277024875185
1.02757469263  0.0275746926263
1.03779077903  0.0377907790303
1.02916218908  0.0291621890758
1.03438762986  0.0343876298601
1.03377570242  0.0337757024226
1.03354288841  0.0335428884133
1.03538534497  0.035385344967
1.03055440728  0.0305544072794
1.04168718639  0.0416871863889
1.03548008959  0.0354800895882
1.03659482574  0.036594825742
1.03014428531  0.0301442853094
1.04067301605  0.040673016053
1.03439281863  0.0343928186267
1.03119661499  0.0311966149906
1.04507943121  0.0450794312118
1.04186739303  0.0418673930258
1.02757455239  0.0275745523875
1.02594269811  0.0259426981058
1.02863865112  0.028638651119
1.0433262073  0.0433262073012
1.04070191262  0.04070191262
1.04248181085  0.042481810847
1.02814152526  0.0281415252608
1.03487283959  0.0348728395937
1.03091676107  0.0309167610718
1.04248979284  0.0424897928397
1.03276465706  0.0327646570646
1.02311120806  0.0231112080606
1.03004151199  0.0300415119885
1.02297422809  0.0229742280943
1.03833816149  0.0383381614918
1.03869992672  0.0386999267187
1.03070826594  0.0307082659424
1.04299980226  0.0429998022648
1.02051656565  0.0205165656481
1.03043721352  0.030437213515
1.02972937258  0.0297293725752
1.03047315998  0.0304731599814
1.03051057746  0.0305105774602
1.02969648602  0.0296964860199
1.03500469143  0.0350046914283
1.03043455206  0.0304345520622
1.03651938785  0.0365193878465
1.03946714517  0.0394671451695
1.03025794154  0.030257941536
1.03367795432  0.0336779543181
1.03493046566  0.0349304656638
1.0279586063  0.0279586063037
1.02714343644  0.0271434364394
1.04942536928  0.0494253692789
1.02855118628  0.0285511862828
1.0383807328  0.0383807327985
1.03311079244  0.0331107924449
1.03305223838  0.0330522383779
1.04472174158  0.0447217415848
1.03851640973  0.0385164097272
1.02601046294  0.0260104629434
1.0383036946  0.0383036946021
1.03403328061  0.0340332806085
1.03426794678  0.0342679467786
1.03389940039  0.0338994003884
1.03619894419  0.0361989441871
1.03353652899  0.0335365289877
1.0297782512  0.0297782512004
1.03867639539  0.0386763953873
1.03923275982  0.0392327598172
1.04096621813  0.0409662181315
1.01443766494  0.0144376649364
1.03439370804  0.0343937080406
1.02957154453  0.0295715445272
1.03137944718  0.0313794471757
1.03425015325  0.0342501532515
1.04138135019  0.0413813501918
1.02716024319  0.0271602431922
1.03673233541  0.0367323354092
1.02903098356  0.0290309835638
1.0284302103  0.0284302102963
1.03849222813  0.0384922281274
1.03689209131  0.0368920913076
1.02270509291  0.0227050929123
1.03177363987  0.0317736398703
1.02864482929  0.0286448292949
1.03976474727  0.0397647472686
1.02846215127  0.0284621512694
1.03558867379  0.0355886737877
1.04072083206  0.0407208320572
1.04069045258  0.0406904525797
1.03560405808  0.035604058081
1.03343046116  0.0334304611638
1.037471202  0.0374712020012
1.03066622033  0.0306662203298
1.03692175941  0.0369217594136
1.03220726421  0.0322072642071
1.02881913465  0.0288191346486
1.03887118285  0.0388711828498
1.02669326374  0.0266932637388
1.03047439631  0.0304743963097
1.02819098406  0.0281909840636
1.03153170304  0.0315317030427
1.04223120364  0.0422312036423
1.03713289376  0.0371328937638
1.01843742029  0.0184374202893
1.03904692136  0.0390469213581
1.02009989208  0.0200998920768
1.02889410141  0.0288941014123
1.03233846456  0.0323384645582
1.02846324116  0.0284632411597
1.04277782243  0.0427778224347
1.04270613214  0.0427061321363
1.03532530961  0.0353253096063
1.0400603878  0.0400603878042
1.0288233606  0.0288233605951
1.02743923891  0.0274392389149
1.03815257107  0.0381525710669
1.02819851612  0.028198516116
1.02566284136  0.0256628413632
1.02322086665  0.0232208666549
1.03381159847  0.0338115984687
1.02758274833  0.0275827483328
1.04572360528  0.045723605278
1.02726378631  0.0272637863076
1.04147482676  0.0414748267643
1.02095681935  0.020956819348
1.04421974138  0.0442197413842
1.03022298224  0.0302229822374
1.03780185603  0.0378018560291
1.02272347648  0.0227234764809
1.03925540283  0.0392554028262
1.03888018008  0.0388801800849
1.03194499393  0.0319449939308
1.03367502006  0.0336750200615
1.03949534701  0.0394953470078
1.04402645287  0.044026452867
1.03275363067  0.0327536306679
1.0225128656  0.0225128656027
1.04072083206  0.0407208320572
1.03883303812  0.0388330381215
1.04315869254  0.043158692536
1.03302567334  0.0330256733407
1.04527561505  0.0452756150528
1.03403814767  0.0340381476677
1.03120118946  0.0312011894621
1.04203602946  0.0420360294645
1.03321443261  0.0332144326078
1.02965565354  0.0296556535403
1.03410344466  0.0341034446594
1.03709032567  0.0370903256656
1.02904435834  0.0290443583356
1.03421044986  0.0342104498615
1.02976428756  0.0297642875607
1.03250966938  0.0325096693789
1.02362017636  0.0236201763612
1.02301194048  0.0230119404816
1.03633510834  0.0363351083378
1.02389355773  0.0238935577314
1.05229744456  0.0522974445603
1.02970835066  0.0297083506573
1.02776651255  0.0277665125525
1.03767645023  0.0376764502347
1.03154066707  0.0315406670739
1.03069961828  0.030699618283
1.03665154361  0.0366515436116
1.02627741367  0.0262774136707
1.03849222813  0.0384922281274
1.03647805998  0.0364780599774
1.02939073984  0.0293907398415
1.03837531522  0.0383753152214
1.03442869723  0.0344286972267
1.0379207209  0.0379207208965
1.03695020923  0.0369502092261
1.02613825543  0.0261382554349
1.0360668254  0.0360668254014
#10000  1.0333853107  0.00651882630492
